Scale: 0.30417499302846746
Shift: 0.006915932763047942
AbsRel: 37.4713990046839
SqRel: 100.42272934063668
RMSE: 9.62637449446815
LogRMSE: 53.306501968024556
$\delta_{.05}$: 15.235405821664257
$\delta_{.1}$: 27.488568260879994
$\delta_{.25}$: 50.28546774750586
$\delta_{.25^2}$: 71.64779128372793
$\delta_{.25^3}$: 83.01406473813371
MAE: 5.875035827737218
InvMAE: 895.2629360548584
InvRMSE: 6260.549881342815
LogMAE: 37.8923961538905
LogSI: 50.04115493020594
