Scale: 0.5497191962899859
Shift: 0.19261364646453347
AbsRel: 17.064014337246235
SqRel: 22.625611475431
RMSE: 1.1839123851290116
LogRMSE: 26.058153673318717
$\delta_{.05}$: 23.622751341209295
$\delta_{.1}$: 43.46169834020372
$\delta_{.25}$: 76.51434939579583
$\delta_{.25^2}$: 93.11896261717722
$\delta_{.25^3}$: 97.34969223966611
MAE: 0.6172324292247112
InvMAE: 1022.5393363336416
InvRMSE: 5539.418546899648
LogMAE: 17.697427416581373
LogSI: 25.73275190858022
