Scale: 1.069719660685695
Shift: 0.012506663599564097
AbsRel: 14.027693654419085
SqRel: 6.959388446552674
RMSE: 0.6196038630941957
LogRMSE: 19.131690526956447
$\delta_{.05}$: 26.342996514653752
$\delta_{.1}$: 47.74423057310788
$\delta_{.25}$: 81.2335357797321
$\delta_{.25^2}$: 96.52355922685372
$\delta_{.25^3}$: 99.21614716631476
MAE: 0.3578020139207169
InvMAE: 303.7950480676937
InvRMSE: 1950.3928611271242
LogMAE: 14.071508959528138
LogSI: 19.03561655495959
