Scale: 0.9607189646550225
Shift: 0.04880854059409036
AbsRel: 16.007160844802858
SqRel: 8.071169916963576
RMSE: 1.2031700977146627
LogRMSE: 25.850069919586183
$\delta_{.05}$: 27.41235867903311
$\delta_{.1}$: 49.19752121059564
$\delta_{.25}$: 78.82174689083581
$\delta_{.25^2}$: 90.47823251267828
$\delta_{.25^3}$: 95.18026885455737
MAE: 0.6153146144568921
InvMAE: 147.26809944229126
InvRMSE: 815.5994113204956
LogMAE: 17.13633039779663
LogSI: 25.575784471447776
