AbsRel: 0.10095368432070809
SqRel: 0.7673754751297459
RMSE: 4.542300954439718
LogRMSE: 0.18781700018403177
$\delta < 1.25$: 0.8862891964811411
$\delta < 1.25^2$: 0.96076862590412
$\delta < 1.25^3$: 0.9808090874179026
ChamferDist: 0.818825801227835
F-Score: 26.8410124765065
IoU: 15.675347183150917
F-Score-20: 53.67362881801392
IoU-20: 37.09945924244447
