MAE: 1.6513661729868936
RMSE: 3.6607504844482692
InvMAE: 6.061081897627356
InvRMSE: 9.025618373616341
LogMAE: 7.947497401866444
LogRMSE: 12.28186854555563
LogSI: 11.2390229601302
AbsRel: 8.18360965822372
SqRel: 2.1846492785297653
ChamferDist: 0.6706936808040171
F-Score: 49.06518611094794
IoU: 33.732070403767786
F-Score-20: 66.4265939059433
IoU-20: 51.075810183410994
