MAE: 1.0848019802783218
RMSE: 2.6475078496762685
InvMAE: 4.2830019909994945
InvRMSE: 6.528082333803177
LogMAE: 5.393177345820836
LogRMSE: 8.684629229136876
LogSI: 7.693978011485254
AbsRel: 5.714206308467047
SqRel: 1.6761423414519856
ChamferDist: 0.447077273364578
F-Score: 55.8201422753664
IoU: 40.29997967210199
F-Score-20: 74.77363982004779
IoU-20: 61.219090918887936
