AbsRel: 0.12298006974855488
SqRel: 0.9501023584364818
RMSE: 5.163336144287241
LogRMSE: 0.2174271764273794
$\delta < 1.25$: 0.8387683367484849
$\delta < 1.25^2$: 0.9437990479106165
$\delta < 1.25^3$: 0.975048907099983
ChamferDist: 0.9874065128426299
F-Score: 22.766464463521967
IoU: 13.01871563911096
F-Score-20: 48.73210462709753
IoU-20: 32.61714817051224
