MAE: 2.0653036552155677
RMSE: 4.376357166862196
InvMAE: 8.000041862206956
InvRMSE: 12.216560306358922
LogMAE: 10.28179293614955
LogRMSE: 15.939792604534173
LogSI: 14.79667164798001
AbsRel: 10.301503275801068
SqRel: 3.4072874455821296
ChamferDist: 0.8105616646310303
F-Score: 44.316313174238964
IoU: 29.367406833025576
F-Score-20: 62.32039415141556
IoU-20: 46.3524116253926
