MAE: 1.2728498002461024
RMSE: 3.111534362648215
InvMAE: 4.7802366002968375
InvRMSE: 7.911225546087538
LogMAE: 6.160359191553933
LogRMSE: 10.407857490948269
LogSI: 9.68529716111237
AbsRel: 6.5013529120172775
SqRel: 2.1620369422116448
ChamferDist: 0.5052387658400195
F-Score: 53.91624878568309
IoU: 38.30241880883064
F-Score-20: 72.34048931564604
IoU-20: 57.95011174133846
