MAE: 1.1784394157358578
RMSE: 2.8568644214527947
InvMAE: 4.540781680175236
InvRMSE: 6.828890484401158
LogMAE: 5.7687301584652495
LogRMSE: 9.155286722183227
LogSI: 8.148461480439119
AbsRel: 6.114335026059832
SqRel: 1.704058216927307
ChamferDist: 0.4825699615904263
F-Score: 53.76489491208057
IoU: 38.34153294236266
F-Score-20: 73.22955800022397
IoU-20: 59.22259328501565
