AbsRel: 0.10105449521387666
SqRel: 0.7688505440373161
RMSE: 4.584618332225247
LogRMSE: 0.18788649391922752
$\delta < 1.25$: 0.8852634521616534
$\delta < 1.25^2$: 0.9608775192702839
$\delta < 1.25^3$: 0.9810985191913606
ChamferDist: 0.8247878975214883
F-Score: 26.675755002748332
IoU: 15.575944775488319
F-Score-20: 53.365426451438125
IoU-20: 36.82653041104846
