MAE: 1.678062172755142
RMSE: 3.7763830281656943
InvMAE: 6.0649544556448065
InvRMSE: 8.984820087994535
LogMAE: 7.976296740075562
LogRMSE: 12.402203732472987
LogSI: 11.380821223369656
AbsRel: 8.211597638993176
SqRel: 2.261810660636498
ChamferDist: 0.6792665153650418
F-Score: 48.968594636608124
IoU: 33.59245027098919
F-Score-20: 66.47392437319083
IoU-20: 51.04025103288925
