MAE: 1.039030129036733
RMSE: 2.5105911187188967
InvMAE: 4.166662867920739
InvRMSE: 6.242902090549469
LogMAE: 5.211082402978625
LogRMSE: 8.210284867286681
LogSI: 7.190078269026186
AbsRel: 5.5112214837755475
SqRel: 1.4745540148285883
ChamferDist: 0.43701931644763264
F-Score: 55.84262644121091
IoU: 40.270040999921704
F-Score-20: 75.29719076326916
IoU-20: 61.83614715220673
