AbsRel: 0.09609942808961082
SqRel: 0.7231347986859091
RMSE: 4.461521296453271
LogRMSE: 0.18499235189392885
$\delta < 1.25$: 0.8939462263440053
$\delta < 1.25^2$: 0.9620158349513377
$\delta < 1.25^3$: 0.9812010211060302
ChamferDist: 0.7821827768595352
F-Score: 27.743420425070237
IoU: 16.27405405078762
F-Score-20: 54.84228487302104
IoU-20: 38.21022535465027
