MAE: 1.570875001511325
RMSE: 3.55003588111854
InvMAE: 5.768378843559078
InvRMSE: 8.542012925893982
LogMAE: 7.513378686700131
LogRMSE: 11.696418275131037
LogSI: 10.769746108464108
AbsRel: 7.684180944609496
SqRel: 1.9172148275777605
ChamferDist: 0.6403186486725427
F-Score: 50.18026864985747
IoU: 34.704593861944105
F-Score-20: 67.79071687920693
IoU-20: 52.5609306747928
