Ratio: 1.4084309824061093e-07
AbsRel: 10.695225106954574
SqRel: 7.469613634824753
RMSE: 15.435772863864898
LogRMSE: 34.69834968662262
$\delta < 1.05$: 0.5303741717211095
$\delta < 1.1$: 0.7116099357546133
$\delta < 1.25$: 0.8718325302779352
$\delta < 1.25^2$: 0.9516180916645135
$\delta < 1.25^3$: 0.9809800081940666
MAE: 5.932533733487129
InvMAE: 837.3243010326624
InvRMSE: 22605.16802855301
LogMAE: 11.391500308275223
LogSI: 34.53077815375151
Chamfer: 2.413296982977322
F-Score: 22.62571125268936
IoU: 12.896519604206086
F-Score-20: 44.100890261650086
IoU-20: 28.605810333251952
