Ratio: 8324760.33
AbsRel: 15.387219655513764
SqRel: 18.797667067170142
RMSE: 19.997281385421754
LogRMSE: 33.48373746109009
$\delta < 1.05$: 0.31150034010899696
$\delta < 1.1$: 0.5199188199421364
$\delta < 1.25$: 0.7769172524849027
$\delta < 1.25^2$: 0.9026029778238771
$\delta < 1.25^3$: 0.9508707221403049
MAE: 8.47602089881897
InvMAE: 360.73888840174675
InvRMSE: 15440.825875698567
LogMAE: 17.366932525157928
LogSI: 32.25513691809497
Chamfer: 3.9108638094188666
F-Score: 11.782460782706737
IoU: 6.421540699481964
F-Score-20: 31.420777935624123
IoU-20: 19.29729918766022
