Ratio: 4121045.951513453
AbsRel: 70.29924706814
SqRel: 1181.8061740671037
RMSE: 17.691343635454306
LogRMSE: 59.56411038385913
$\delta < 1.05$: 0.15926409662397656
$\delta < 1.1$: 0.27503165681888625
$\delta < 1.25$: 0.5002804768340691
$\delta < 1.25^2$: 0.7178481667961021
$\delta < 1.25^3$: 0.8221728754803287
MAE: 8.406925175756617
InvMAE: 404.26082817642146
InvRMSE: 10330.527440585363
LogMAE: 39.02471066483468
LogSI: 56.74567621126182
