Ratio: 5.035026741972127e-07
AbsRel: 7.887012922213628
SqRel: 9.209662009738386
RMSE: 0.7221866504618755
LogRMSE: 13.78594620998089
$\delta < 1.05$: 0.6120623864182849
$\delta < 1.1$: 0.8043849704182062
$\delta < 1.25$: 0.9334050031845814
$\delta < 1.25^2$: 0.9796275917983034
$\delta < 1.25^3$: 0.9913718999995927
MAE: 0.32648353877548986
InvMAE: 456.2221936732072
InvRMSE: 2426.1091295051574
LogMAE: 7.63695641866097
LogSI: 13.688225322841939
