Ratio: 1081768.2189423076
AbsRel: 51.06662989689754
SqRel: 340.7208562117357
RMSE: 6.853362121398632
LogRMSE: 49.27837620074932
$\delta < 1.05$: 0.17435231815171215
$\delta < 1.1$: 0.29748296935697566
$\delta < 1.25$: 0.5311072317119665
$\delta < 1.25^2$: 0.7422222473324712
$\delta < 1.25^3$: 0.8524609063709354
MAE: 2.880511992940536
InvMAE: 311.978397762592
InvRMSE: 5496.93590544774
LogMAE: 33.97316407423753
LogSI: 47.32904409862334
