Ratio: 1.8939355347813308e-07
AbsRel: 31.084297906657504
SqRel: 139.39231636482103
RMSE: 7.931396243617674
LogRMSE: 43.59780341627352
$\delta < 1.05$: 0.2487512712585474
$\delta < 1.1$: 0.3934024391791145
$\delta < 1.25$: 0.6151323472746067
$\delta < 1.25^2$: 0.8023762353593739
$\delta < 1.25^3$: 0.8841090089732094
MAE: 4.619931984208357
InvMAE: 933.4088332487329
InvRMSE: 6769.457745443011
LogMAE: 29.12103082406681
LogSI: 41.04928711946513
