Ratio: 1.3752011396383097e-07
AbsRel: 9.445123138603257
SqRel: 3.108704467332619
RMSE: 4.303449868973048
LogRMSE: 14.421214100042004
$\delta < 1.05$: 0.4637982105277506
$\delta < 1.1$: 0.7003842737948374
$\delta < 1.25$: 0.9078142147576689
$\delta < 1.25^2$: 0.9783190739153268
$\delta < 1.25^3$: 0.993660767548305
MAE: 1.909086076622726
InvMAE: 36.36759155732722
InvRMSE: 471.9157462405281
LogMAE: 9.192600112019873
LogSI: 14.36545584656535
Chamfer: 0.8325837252541581
F-Score: 44.21970993755785
IoU: 29.52673387820004
F-Score-20: 63.35293295924649
IoU-20: 47.72760987354934
