Ratio: 6593967.820935583
AbsRel: 18.2010195811102
SqRel: 21.58439306539992
RMSE: 9.8868692157093
LogRMSE: 23.351397607955466
$\delta < 1.05$: 0.3415947413328268
$\delta < 1.1$: 0.5756128539721319
$\delta < 1.25$: 0.8177316906398258
$\delta < 1.25^2$: 0.931279571404168
$\delta < 1.25^3$: 0.9694377486771929
MAE: 4.112482988167028
InvMAE: 29.084948169307474
InvRMSE: 1370.4433191802605
LogMAE: 14.527705452193512
LogSI: 22.146530205178465
Chamfer: 1.6329633302928936
F-Score: 37.463656600084775
IoU: 24.164966305889234
F-Score-20: 58.12244120258495
IoU-20: 42.27904214339753
