Ratio: 6269774.5698214285
AbsRel: 17.40561177594321
SqRel: 11.485330469438008
RMSE: 10.375540054866246
LogRMSE: 23.03601842880249
$\delta < 1.05$: 0.32580830615603246
$\delta < 1.1$: 0.5595664740957844
$\delta < 1.25$: 0.8078069014294874
$\delta < 1.25^2$: 0.9254032750906377
$\delta < 1.25^3$: 0.9719315527338193
MAE: 4.37746706277132
InvMAE: 19.268058519022805
InvRMSE: 714.5613577181953
LogMAE: 14.642854334967478
LogSI: 21.72477967635766
Chamfer: 1.7745256670683085
F-Score: 35.16861088820866
IoU: 22.36497294826167
F-Score-20: 56.8873993907656
IoU-20: 40.94596457242966
