Ratio: 1.4524991363286033e-07
AbsRel: 8.613902500867844
SqRel: 2.6612111445995312
RMSE: 4.104444562792778
LogRMSE: 13.873551705224173
$\delta < 1.05$: 0.48583817855913186
$\delta < 1.1$: 0.7294629189116839
$\delta < 1.25$: 0.9263626551822691
$\delta < 1.25^2$: 0.9827890702055584
$\delta < 1.25^3$: 0.9945246730102056
MAE: 1.8102580768721444
InvMAE: 91.32259939551354
InvRMSE: 984.1786737537384
LogMAE: 8.431653300694057
LogSI: 13.823053246427282
Chamfer: 0.8186322805728627
F-Score: 45.05698041507176
IoU: 30.232042647429875
F-Score-20: 64.86670098985944
IoU-20: 49.12158186640058
