Ratio: 1.1315287421231909e-07
AbsRel: 13.549019689645156
SqRel: 9.907441798307017
RMSE: 7.517733219921589
LogRMSE: 23.89602001810074
$\delta < 1.05$: 0.3692585306844787
$\delta < 1.1$: 0.5981281258485494
$\delta < 1.25$: 0.8450042341502203
$\delta < 1.25^2$: 0.9442040758610453
$\delta < 1.25^3$: 0.9747267229629866
MAE: 4.11020334084332
InvMAE: 437.90907089948655
InvRMSE: 3635.31290252617
LogMAE: 13.702609510540963
LogSI: 23.679773724431872
Chamfer: 2.54241673468529
F-Score: 16.577730832874774
IoU: 9.701222302384675
F-Score-20: 29.412028189718722
IoU-20: 18.729366081684827
