Ratio: 10321881.75125
AbsRel: 30.787793645858766
SqRel: 51.84875756180286
RMSE: 15.05132058763504
LogRMSE: 38.023895163536075
$\delta < 1.05$: 0.24211748888560053
$\delta < 1.1$: 0.4081033797928498
$\delta < 1.25$: 0.662062638722468
$\delta < 1.25^2$: 0.8374696556261265
$\delta < 1.25^3$: 0.9129832916562429
MAE: 8.323697034895421
InvMAE: 177.92967315864564
InvRMSE: 4279.089775416136
LogMAE: 24.381108407497408
LogSI: 36.22875000718421
Chamfer: 3.3341276801577755
F-Score: 12.582494121268391
IoU: 7.188103472009301
F-Score-20: 23.323146375402807
IoU-20: 14.307049553871154
