Ratio: 5.463664205402904e-07
AbsRel: 5.403734116926106
SqRel: 1.025890755370282
RMSE: 0.2809639291222626
LogRMSE: 8.281555248327576
$\delta < 1.05$: 0.6710045861750532
$\delta < 1.1$: 0.8583445819097392
$\delta < 1.25$: 0.9653814141918045
$\delta < 1.25^2$: 0.9920437428335961
$\delta < 1.25^3$: 0.9978357904924862
MAE: 0.16515369742926472
InvMAE: 22.97651501022712
InvRMSE: 36.96889307520805
LogMAE: 5.375768606451309
LogSI: 8.257513816577532
