Ratio: 817976.4526232798
AbsRel: 75.31798626377677
SqRel: 414.06458487295595
RMSE: 8.026317759892628
LogRMSE: 64.04681846781973
$\delta < 1.05$: 0.11932595829820922
$\delta < 1.1$: 0.21954545186511526
$\delta < 1.25$: 0.4291156405815116
$\delta < 1.25^2$: 0.6569679609255943
$\delta < 1.25^3$: 0.7891149650194746
MAE: 3.154955058583608
InvMAE: 496.6231372669932
InvRMSE: 8170.909877742102
LogMAE: 44.005526670986725
LogSI: 61.133598783519496
