Ratio: 2606184.0441723983
AbsRel: 60.19612869782881
SqRel: 146.93988147396504
RMSE: 7.660122231461785
LogRMSE: 64.27568289332413
$\delta < 1.05$: 0.16143788500623563
$\delta < 1.1$: 0.2592328779376737
$\delta < 1.25$: 0.42492724554036554
$\delta < 1.25^2$: 0.6141577463800297
$\delta < 1.25^3$: 0.7333204062368225
MAE: 3.7343603812764137
InvMAE: 592.7123069566118
InvRMSE: 7605.994718473893
LogMAE: 46.904017856931
LogSI: 59.37895590053421
Chamfer: 2.394876373088694
F-Score: 29.542070464796996
IoU: 19.18451134264469
F-Score-20: 44.83584446667484
IoU-20: 31.866910655532728
