Ratio: 8.930625621064869e-07
AbsRel: 21.381821371892993
SqRel: 24.797162521219676
RMSE: 6.014287497133516
LogRMSE: 55.76261802689311
$\delta < 1.05$: 0.29087625014873675
$\delta < 1.1$: 0.4734049162879438
$\delta < 1.25$: 0.7133863581845886
$\delta < 1.25^2$: 0.8733823683582975
$\delta < 1.25^3$: 0.9297141316409577
MAE: 2.808671261938779
InvMAE: 7509.592435679239
InvRMSE: 27835.42733970825
LogMAE: 29.32242533544604
LogSI: 53.625943092543395
Chamfer: 2.069638416188717
F-Score: 46.456253889212874
IoU: 36.53722991508044
F-Score-20: 59.402066218339655
IoU-20: 48.8248799788467
