Ratio: 1.8685675223888038e-05
AbsRel: 18.81179507255554
SqRel: 12.838755178041756
RMSE: 6.984215591754764
LogRMSE: 30.195004473924637
$\delta < 1.05$: 0.23467503353124514
$\delta < 1.1$: 0.43459016115267024
$\delta < 1.25$: 0.7453754860890618
$\delta < 1.25^2$: 0.9000670732837637
$\delta < 1.25^3$: 0.9497928956806987
MAE: 3.8036361495777964
InvMAE: 409.14746302604675
InvRMSE: 4994.949998425841
LogMAE: 19.381984060406683
LogSI: 29.821118384831657
Chamfer: 2.1489631294288785
F-Score: 16.45909511268139
IoU: 9.329441128075123
F-Score-20: 32.088352580666545
IoU-20: 20.41224714130163
Ratio-Edges: 1.5551926030787554e-05
AbsRel-Edges: 26.70243846654892
SqRel-Edges: 19.720058703236283
RMSE-Edges: 8.861042974609882
LogRMSE-Edges: 39.64014412641525
$\delta < 1.05$-Edges: 0.15058590495587312
$\delta < 1.1$-Edges: 0.2862799535496959
$\delta < 1.25$-Edges: 0.57285422013009
$\delta < 1.25^2$-Edges: 0.8131573383389409
$\delta < 1.25^3$-Edges: 0.9078347344616805
MAE-Edges: 5.517730955649167
InvMAE-Edges: 355.59110841333865
InvRMSE-Edges: 4076.231577064395
LogMAE-Edges: 27.80240575492382
LogSI-Edges: 38.87548227352057
Chamfer-Edges: 3.62300832455124
F-Score-Edges: 8.109680817127227
IoU-Edges: 4.624546610489488
F-Score-20-Edges: 17.414963875114918
IoU-20-Edges: 10.422054475545883
DirAcc-Edges: 75.63082986432315
Dir (-)-Edges: 5.084579607359441
Dir (+)-Edges: 19.2845905283174
EdgeAcc-Edges: 2.5339602496637066
EdgeComp-Edges: 56.207898979574836
