Ratio: 5414362.84828125
AbsRel: 40.73350171804428
SqRel: 335.1631101346016
RMSE: 10.663140832781792
LogRMSE: 40.46965412378311
$\delta < 1.05$: 0.17794198633933828
$\delta < 1.1$: 0.3301086339475758
$\delta < 1.25$: 0.6163962032319119
$\delta < 1.25^2$: 0.8264996973221587
$\delta < 1.25^3$: 0.9083504956955335
MAE: 5.5709074905514715
InvMAE: 245.38563089847565
InvRMSE: 4798.204680617451
LogMAE: 27.428598660230637
LogSI: 38.903912278636064
Chamfer: 3.0065344174142683
F-Score: 13.572424578517676
IoU: 7.513057640306652
F-Score-20: 26.820809400677682
IoU-20: 16.374424517154694
Ratio-Edges: 5935286.716425484
AbsRel-Edges: 42.460175812244415
SqRel-Edges: 158.4154730822891
RMSE-Edges: 11.317736707553268
LogRMSE-Edges: 48.84087408781052
$\delta < 1.05$-Edges: 0.13384196522465958
$\delta < 1.1$-Edges: 0.2506496936498494
$\delta < 1.25$-Edges: 0.5102008589135695
$\delta < 1.25^2$-Edges: 0.7584460996236106
$\delta < 1.25^3$-Edges: 0.8709764578776918
MAE-Edges: 6.77935151219368
InvMAE-Edges: 2146.139783759415
InvRMSE-Edges: 8157.464475824833
LogMAE-Edges: 34.47360708117485
LogSI-Edges: 47.15696135050719
Chamfer-Edges: 3.6651371901751117
F-Score-Edges: 7.944620721191168
IoU-Edges: 4.362320652194321
F-Score-20-Edges: 17.114458684921264
IoU-20-Edges: 9.921852439045907
DirAcc-Edges: 70.74091579727276
Dir (-)-Edges: 3.331589727447151
Dir (+)-Edges: 25.927494475280092
EdgeAcc-Edges: 2.618557182242779
EdgeComp-Edges: 38.983103841807655
