Ratio: 6577290.405
AbsRel: 31.09456774680845
SqRel: 78.32498115470332
RMSE: 9.66871958774905
LogRMSE: 36.533412023975
$\delta < 1.05$: 0.17880986540270266
$\delta < 1.1$: 0.33347185240687177
$\delta < 1.25$: 0.6251151081269534
$\delta < 1.25^2$: 0.8372997752639669
$\delta < 1.25^3$: 0.9198603124419966
MAE: 5.288134389154373
InvMAE: 142.73585641491798
InvRMSE: 3331.0091104476683
LogMAE: 25.696722231834165
LogSI: 35.11809814376083
Chamfer: 2.6009012228479023
F-Score: 13.763086073552408
IoU: 7.676214794843427
F-Score-20: 27.534585335485396
IoU-20: 16.990796281368503
Ratio-Edges: 7000886.521507353
AbsRel-Edges: 42.68463138879514
SqRel-Edges: 150.05010899465069
RMSE-Edges: 12.215061303622582
LogRMSE-Edges: 48.57224708881254
$\delta < 1.05$-Edges: 0.14197512699769566
$\delta < 1.1$-Edges: 0.2610895983550148
$\delta < 1.25$-Edges: 0.5193329684277838
$\delta < 1.25^2$-Edges: 0.7619485624579928
$\delta < 1.25^3$-Edges: 0.873746256493629
MAE-Edges: 7.419421076209717
InvMAE-Edges: 1023.5541535742143
InvRMSE-Edges: 7885.7236141547655
LogMAE-Edges: 33.61829717922834
LogSI-Edges: 47.07637576731791
Chamfer-Edges: 4.239650895822292
F-Score-Edges: 8.085540616083769
IoU-Edges: 4.774273664733164
F-Score-20-Edges: 15.918822027888952
IoU-20-Edges: 9.633530393242836
DirAcc-Edges: 67.14273030051206
Dir (-)-Edges: 2.9840479835794027
Dir (+)-Edges: 29.87322171590853
EdgeAcc-Edges: 2.8923310123879586
EdgeComp-Edges: 37.14523457112526
