Ratio: 1.970727895653006e-05
AbsRel: 21.47015051226462
SqRel: 23.507726738770163
RMSE: 8.669242177413356
LogRMSE: 46.91487657516233
$\delta < 1.05$: 0.22526132460419487
$\delta < 1.1$: 0.4165501194735408
$\delta < 1.25$: 0.7097441951691945
$\delta < 1.25^2$: 0.8784971208237446
$\delta < 1.25^3$: 0.936479647723873
MAE: 4.651890521232159
InvMAE: 4061.251940515272
InvRMSE: 22520.02963571856
LogMAE: 25.20785900300549
LogSI: 45.63192176358292
Chamfer: 2.2379565327495983
F-Score: 17.727095322762768
IoU: 10.310177625763801
F-Score-20: 34.181327147637646
IoU-20: 22.382955179522114
Ratio-Edges: 1.4555828469620349e-05
AbsRel-Edges: 28.886482449138867
SqRel-Edges: 32.059214197167385
RMSE-Edges: 10.270630978374115
LogRMSE-Edges: 47.05127035776774
$\delta < 1.05$-Edges: 0.1512031129667109
$\delta < 1.1$-Edges: 0.2855536282503558
$\delta < 1.25$-Edges: 0.5550313373412064
$\delta < 1.25^2$-Edges: 0.7942806467498917
$\delta < 1.25^3$-Edges: 0.8999600764910165
MAE-Edges: 6.400697230825237
InvMAE-Edges: 1390.3136108221572
InvRMSE-Edges: 12205.869997989741
LogMAE-Edges: 30.097395321902106
LogSI-Edges: 45.980349419078884
Chamfer-Edges: 4.036795608443314
F-Score-Edges: 8.658731206141265
IoU-Edges: 5.17374048795965
F-Score-20-Edges: 17.330043914427165
IoU-20-Edges: 10.873230047670065
DirAcc-Edges: 72.32380854490012
Dir (-)-Edges: 3.983919277787519
Dir (+)-Edges: 23.692272177312354
EdgeAcc-Edges: 2.9507081976533227
EdgeComp-Edges: 41.05111954892055
