Ratio: 1119387.2271375
AbsRel: 25.270730279922486
SqRel: 163.23890376787185
RMSE: 5.034239216977358
LogRMSE: 33.52823620929718
$\delta < 1.05$: 0.4202400625268717
$\delta < 1.1$: 0.6396656291087818
$\delta < 1.25$: 0.8307241161422311
$\delta < 1.25^2$: 0.9176685784007146
$\delta < 1.25^3$: 0.9501454221655826
MAE: 1.1144611147433519
InvMAE: 187.62796209182738
InvRMSE: 6122.795793188477
LogMAE: 16.039459790992737
LogSI: 32.65110872200006
