Ratio: 7.19002328368344e-07
AbsRel: 10.45480222144127
SqRel: 20.833837551021578
RMSE: 1.1615120882868766
LogRMSE: 19.104785113239288
$\delta < 1.05$: 0.5685612954875289
$\delta < 1.1$: 0.7722873661685857
$\delta < 1.25$: 0.8968459168969777
$\delta < 1.25^2$: 0.9519326189417027
$\delta < 1.25^3$: 0.9745366599521916
MAE: 0.4247147386521101
InvMAE: 162.79063649864196
InvRMSE: 1649.685662563324
LogMAE: 9.899039416646957
LogSI: 19.000392095626523
