Ratio: 7.754608570098877
AbsRel: 21.314662832260133
SqRel: 13.804540548563004
RMSE: 16.798820620536805
LogRMSE: 29.41854877090454
$\delta < 1.05$: 0.1586559455267988
$\delta < 1.1$: 0.307153898553432
$\delta < 1.25$: 0.6440500621126487
$\delta < 1.25^2$: 0.8872836721271041
$\delta < 1.25^3$: 0.9628015150509067
MAE: 8.200425565958023
InvMAE: 11.593902719020843
InvRMSE: 17.781856464385985
LogMAE: 21.724358752250673
LogSI: 28.86964739729808
Chamfer: 2.7668766413802564
F-Score: 5.585004980534315
IoU: 2.9045893461704253
F-Score-20: 18.08657687485218
IoU-20: 10.173856005609036
