Ratio: 0.1812702564613259
AbsRel: 23.26207932281494
SqRel: 21.49803712272644
RMSE: 34.512074934959415
LogRMSE: 164.11229396247865
$\delta < 1.05$: 0.23784322527915622
$\delta < 1.1$: 0.4368784265843989
$\delta < 1.25$: 0.7443025126750609
$\delta < 1.25^2$: 0.8640703940319526
$\delta < 1.25^3$: 0.9169803539201811
MAE: 13.870450354337692
InvMAE: 24166.023812426567
InvRMSE: 133511.06680772113
LogMAE: 47.28293777370453
LogSI: 161.45918683004058
Chamfer: 3.40127766290123
F-Score: 10.771405654668808
IoU: 5.756991521298885
F-Score-20: 30.858846055030824
IoU-20: 18.51959472990036
