Ratio: 0.1288592647129286
AbsRel: 38.75184540256791
SqRel: 106.17668926983136
RMSE: 9.834003556202346
LogRMSE: 57.3035389639337
$\delta < 1.05$: 0.12304549299709104
$\delta < 1.1$: 0.23372760186691252
$\delta < 1.25$: 0.47015594749816614
$\delta < 1.25^2$: 0.7036728641693007
$\delta < 1.25^3$: 0.8250528267369414
MAE: 6.006412444895158
InvMAE: 1475.6564227877177
InvRMSE: 9406.664550398496
LogMAE: 39.87776719828892
LogSI: 54.10862487338586
