Ratio: 2.810924397615286
AbsRel: 33.496292897737945
SqRel: 25.9526136801793
RMSE: 1.6669226126028942
LogRMSE: 41.27888664832482
$\delta < 1.05$: 0.11839234693593387
$\delta < 1.1$: 0.2269289351768936
$\delta < 1.25$: 0.47959270971085316
$\delta < 1.25^2$: 0.7517080993932705
$\delta < 1.25^3$: 0.8881573035022624
MAE: 1.16158158490291
InvMAE: 147.7625894165039
InvRMSE: 194.70899960444524
LogMAE: 32.148629364600545
LogSI: 39.976819622071304
