Ratio: 0.11179800978610811
AbsRel: 19.107584133148194
SqRel: 12.8330017552926
RMSE: 1.0673981103988794
LogRMSE: 26.44436815555279
$\delta < 1.05$: 0.2086985132040746
$\delta < 1.1$: 0.38386303598479043
$\delta < 1.25$: 0.70787332566706
$\delta < 1.25^2$: 0.9059085014011719
$\delta < 1.25^3$: 0.9595030758639964
MAE: 0.6998898757191805
InvMAE: 121.5874556174645
InvRMSE: 551.8824071854812
LogMAE: 19.93662711436932
LogSI: 26.07414023913958
