Ratio: 9.54381897363962
AbsRel: 56.98503104239836
SqRel: 509.2638421791017
RMSE: 9.723413779863861
LogRMSE: 53.28043641317051
$\delta < 1.05$: 0.11570429827269668
$\delta < 1.1$: 0.22100164731183852
$\delta < 1.25$: 0.4603594640812933
$\delta < 1.25^2$: 0.7125589078592606
$\delta < 1.25^3$: 0.8365800392961189
MAE: 6.134100107868691
InvMAE: 44.548874499017344
InvRMSE: 97.76649455746193
LogMAE: 38.403574188728506
LogSI: 50.647770407521875
