Ratio: 5.399999999999999
AbsRel: 8.143448057350206
SqRel: 2.1930634670096674
RMSE: 3.616264409174217
LogRMSE: 11.975476678895072
$\delta < 1.05$: 0.5239080060631136
$\delta < 1.1$: 0.7509549176940029
$\delta < 1.25$: 0.9258379205338093
$\delta < 1.25^2$: 0.9865247021756502
$\delta < 1.25^3$: 0.9967473536776053
MAE: 1.6361979326587512
InvMAE: 6.0115584010726835
InvRMSE: 8.748046379147864
LogMAE: 7.864848453208713
LogSI: 10.823648297140352
Chamfer: 0.6592040122260477
F-Score: 49.41072261918542
IoU: 34.138234486997675
F-Score-20: 67.12863115970033
IoU-20: 51.98680911839231
