Ratio: 5.399999999999999
AbsRel: 5.714719105448042
SqRel: 1.7390495762016092
RMSE: 2.4616741708772523
LogRMSE: 8.263824124336242
$\delta < 1.05$: 0.6694919380517322
$\delta < 1.1$: 0.880604313204654
$\delta < 1.25$: 0.9689333039537393
$\delta < 1.25^2$: 0.9907735745612505
$\delta < 1.25^3$: 0.9979785917063811
MAE: 1.03490418572511
InvMAE: 4.362883128779275
InvRMSE: 6.427748212473733
LogMAE: 5.334840935468674
LogSI: 7.025202817174662
Chamfer: 0.43463349431950754
F-Score: 56.744457368588606
IoU: 41.3471549783687
F-Score-20: 75.62576859387435
IoU-20: 62.65130733150457
