Ratio: 24.39520171391964
AbsRel: 35.71764372730255
SqRel: 33.97674570679665
RMSE: 13.102796745419502
LogRMSE: 42.63036095809937
$\delta < 1.05$: 0.11809324610309858
$\delta < 1.1$: 0.22485483251426303
$\delta < 1.25$: 0.4740217356601412
$\delta < 1.25^2$: 0.7417639339012891
$\delta < 1.25^3$: 0.874084090189966
MAE: 8.99646373486519
InvMAE: 21.146728609740734
InvRMSE: 28.42047381544113
LogMAE: 32.89463197469711
LogSI: 40.774937105985586
Chamfer: 4.088840883909258
F-Score: 8.478241101458668
IoU: 4.6790935839787124
F-Score-20: 16.483458271980286
IoU-20: 9.664185609638691
