Ratio: 0.050638699992761146
AbsRel: 27.168193539857864
SqRel: 16.20214343690872
RMSE: 11.777597041487693
LogRMSE: 41.677809541702274
$\delta < 1.05$: 0.14789916930750865
$\delta < 1.1$: 0.27351337769438594
$\delta < 1.25$: 0.540166398654746
$\delta < 1.25^2$: 0.7952410318854547
$\delta < 1.25^3$: 0.9017967497712104
MAE: 7.8182124719023705
InvMAE: 1833.6507097513975
InvRMSE: 5543.835327140152
LogMAE: 30.63096053814888
LogSI: 39.62583194110375
Chamfer: 5.368255980336344
F-Score: 8.223457907527685
IoU: 4.499099349625409
F-Score-20: 15.780082945462317
IoU-20: 9.22699617489893
