Ratio: 1.875834271630745
AbsRel: 27.99797821044922
SqRel: 16.972880017866782
RMSE: 1.01992581666245
LogRMSE: 32.61691253411296
$\delta < 1.05$: 0.13674177455148834
$\delta < 1.1$: 0.2610248006899706
$\delta < 1.25$: 0.5460233367585738
$\delta < 1.25^2$: 0.8298388508933315
$\delta < 1.25^3$: 0.9414999233422965
MAE: 0.7335029931607961
InvMAE: 113.85798473824784
InvRMSE: 151.61307539633654
LogMAE: 25.774894564159055
LogSI: 31.209855884141252
