Ratio: 0.41442579396062884
AbsRel: 21.84696663993579
SqRel: 11.747139338779887
RMSE: 0.9414485205500316
LogRMSE: 28.147237182757177
$\delta < 1.05$: 0.16198391290659347
$\delta < 1.1$: 0.30836804081368946
$\delta < 1.25$: 0.6202033236626692
$\delta < 1.25^2$: 0.8800446217057698
$\delta < 1.25^3$: 0.9651671945536624
MAE: 0.6361740407639322
InvMAE: 255.97989838568077
InvRMSE: 1635.4361601488306
LogMAE: 22.146574608776547
LogSI: 27.84501112804813
