Ratio: 5.845393970665749
AbsRel: 54.57721421901119
SqRel: 124.0769006821055
RMSE: 7.259450662521084
LogRMSE: 65.50448628350308
$\delta < 1.05$: 0.09643425048695531
$\delta < 1.1$: 0.18683532755121116
$\delta < 1.25$: 0.40268746672440014
$\delta < 1.25^2$: 0.6305026089739614
$\delta < 1.25^3$: 0.7537291577244922
MAE: 4.158975864576096
InvMAE: 251.72974900229696
InvRMSE: 343.53006523810507
LogMAE: 48.78224618731503
LogSI: 61.217152383255886
Chamfer: 2.906239182991867
F-Score: 31.452144570812653
IoU: 22.80910833061597
F-Score-20: 45.401904530103124
IoU-20: 35.580605746570384
