Ratio: 0.3775913471020961
AbsRel: 40.35669930620057
SqRel: 74.59680785183933
RMSE: 7.559878442664608
LogRMSE: 72.29332536441858
$\delta < 1.05$: 0.1185607256946455
$\delta < 1.1$: 0.21554869811961705
$\delta < 1.25$: 0.4318835323806264
$\delta < 1.25^2$: 0.6678732318168211
$\delta < 1.25^3$: 0.7904363742163695
MAE: 3.9911915636590223
InvMAE: 5731.948810770166
InvRMSE: 23597.44270633439
LogMAE: 49.04986061045998
LogSI: 68.85469104933448
Chamfer: 2.829552717123851
F-Score: 30.599255403263147
IoU: 23.038396273621103
F-Score-20: 44.06526320898932
IoU-20: 34.79045105785818
