Ratio: 7.061875612351202
AbsRel: 31.456591441246772
SqRel: 44.23311756810834
RMSE: 9.484139937220082
LogRMSE: 36.824906430398265
$\delta < 1.05$: 0.1575169872994006
$\delta < 1.1$: 0.2963105204526942
$\delta < 1.25$: 0.5835391030573545
$\delta < 1.25^2$: 0.8226662057034344
$\delta < 1.25^3$: 0.9148302343169508
MAE: 5.52806302203286
InvMAE: 29.06086875454072
InvRMSE: 42.77286889168524
LogMAE: 27.21726819930538
LogSI: 35.47747172064752
Chamfer: 2.4513221327374115
F-Score: 13.269666519318857
IoU: 7.338543209452783
F-Score-20: 26.547162497120517
IoU-20: 16.10277255612035
Ratio-Edges: 7.753562600160736
AbsRel-Edges: 40.653901183059794
SqRel-Edges: 68.89457455756617
RMSE-Edges: 11.857561172155384
LogRMSE-Edges: 44.850036972020966
$\delta < 1.05$-Edges: 0.1276602980511934
$\delta < 1.1$-Edges: 0.23632278832724024
$\delta < 1.25$-Edges: 0.4765381473486316
$\delta < 1.25^2$-Edges: 0.7375237012644842
$\delta < 1.25^3$-Edges: 0.867402378508873
MAE-Edges: 7.703640295457996
InvMAE-Edges: 29.15675881656946
InvRMSE-Edges: 43.549056063134685
LogMAE-Edges: 33.87943663378946
LogSI-Edges: 43.097434228457296
Chamfer-Edges: 4.088171245536687
F-Score-Edges: 7.377207860448002
IoU-Edges: 4.393925229640178
F-Score-20-Edges: 14.783113994201024
IoU-20-Edges: 9.058442008027843
DirAcc-Edges: 67.00517017716052
Dir (-)-Edges: 3.359912842833825
Dir (+)-Edges: 29.63491698000565
EdgeAcc-Edges: 3.8444179946745125
EdgeComp-Edges: 26.971014087193904
