Ratio: 0.12595679582383787
AbsRel: 23.207260793447496
SqRel: 15.141079476326704
RMSE: 8.071806428283454
LogRMSE: 34.554478229284285
$\delta < 1.05$: 0.17181258701660485
$\delta < 1.1$: 0.32668421669309067
$\delta < 1.25$: 0.6393903151079624
$\delta < 1.25^2$: 0.8569275610649929
$\delta < 1.25^3$: 0.9302347704729147
MAE: 4.567529254369438
InvMAE: 207.8339086741209
InvRMSE: 2360.9628756648303
LogMAE: 24.177830213308333
LogSI: 34.01993976925047
Chamfer: 2.5013003632637916
F-Score: 13.667765929400922
IoU: 7.538416052013636
F-Score-20: 26.92279252529144
IoU-20: 16.315586287379265
Ratio-Edges: 0.10430719823696842
AbsRel-Edges: 28.79706200838089
SqRel-Edges: 18.543539840951563
RMSE-Edges: 9.362497735321522
LogRMSE-Edges: 39.7811544919014
$\delta < 1.05$-Edges: 0.13394399798741763
$\delta < 1.1$-Edges: 0.25133854390444504
$\delta < 1.25$-Edges: 0.5195360953025451
$\delta < 1.25^2$-Edges: 0.7800116331162523
$\delta < 1.25^3$-Edges: 0.8923072922307134
MAE-Edges: 5.962673803009093
InvMAE-Edges: 55.18574218273163
InvRMSE-Edges: 639.2551438683272
LogMAE-Edges: 30.14835669517517
LogSI-Edges: 38.92051515423136
Chamfer-Edges: 4.046444267777922
F-Score-Edges: 7.236761473864317
IoU-Edges: 4.036990509703755
F-Score-20-Edges: 15.306648836433887
IoU-20-Edges: 8.979423394054175
DirAcc-Edges: 72.66966885942371
Dir (-)-Edges: 6.025556112310276
Dir (+)-Edges: 21.304775028266008
EdgeAcc-Edges: 3.8384979278299123
EdgeComp-Edges: 43.85287450448796
