Ratio: 6.6205009496212
AbsRel: 28.279219884872436
SqRel: 28.058612172603606
RMSE: 8.25490578494966
LogRMSE: 35.60637479305267
$\delta < 1.05$: 0.15213898887753566
$\delta < 1.1$: 0.28854188947874115
$\delta < 1.25$: 0.5820377807580482
$\delta < 1.25^2$: 0.8291243774365303
$\delta < 1.25^3$: 0.9241997868351484
MAE: 4.796603371426463
InvMAE: 26.849846793413164
InvRMSE: 36.414052416682246
LogMAE: 26.3205606842041
LogSI: 34.637768305923665
Chamfer: 2.2459385574813013
F-Score: 12.848565776646137
IoU: 7.041983040198684
F-Score-20: 25.657330691218377
IoU-20: 15.375602756738664
Ratio-Edges: 7.188030240237713
AbsRel-Edges: 35.69266066670418
SqRel-Edges: 42.192011793032286
RMSE-Edges: 9.924721383601428
LogRMSE-Edges: 43.06907346606255
$\delta < 1.05$-Edges: 0.12410662223372437
$\delta < 1.1$-Edges: 0.23354501941241437
$\delta < 1.25$-Edges: 0.48109258713568864
$\delta < 1.25^2$-Edges: 0.7528519714104027
$\delta < 1.25^3$-Edges: 0.8788675862122779
MAE-Edges: 6.399640701077878
InvMAE-Edges: 30.042932394742966
InvRMSE-Edges: 41.41578002512455
LogMAE-Edges: 32.5112685751915
LogSI-Edges: 41.757126126685286
Chamfer-Edges: 3.261954908192648
F-Score-Edges: 7.531797922626137
IoU-Edges: 4.1668428719043735
F-Score-20-Edges: 16.377942276299
IoU-20-Edges: 9.589516432583332
DirAcc-Edges: 70.126196487306
Dir (-)-Edges: 4.197920949395279
Dir (+)-Edges: 25.675882563298728
EdgeAcc-Edges: 3.6977023825494655
EdgeComp-Edges: 29.27241742992412
