Ratio: 0.14915366071980232
AbsRel: 25.538432527049896
SqRel: 25.73880172010391
RMSE: 9.667753204395694
LogRMSE: 47.104169917568086
$\delta < 1.05$: 0.1732581366507635
$\delta < 1.1$: 0.32800161104336606
$\delta < 1.25$: 0.6284976894940955
$\delta < 1.25^2$: 0.8349422700139933
$\delta < 1.25^3$: 0.9122778674017233
MAE: 5.41330050484788
InvMAE: 2320.6642018908838
InvRMSE: 16459.98450707405
LogMAE: 28.123439053566226
LogSI: 46.10645754882893
Chamfer: 2.510056289579905
F-Score: 14.576730198648669
IoU: 8.145952916404893
F-Score-20: 29.221069301789807
IoU-20: 18.131766588687896
Ratio-Edges: 0.13284628760410835
AbsRel-Edges: 30.7932372972077
SqRel-Edges: 25.523010523042647
RMSE-Edges: 10.724285214968951
LogRMSE-Edges: 45.287947224012385
$\delta < 1.05$-Edges: 0.13040886097941137
$\delta < 1.1$-Edges: 0.25028293036342486
$\delta < 1.25$-Edges: 0.5038987243492649
$\delta < 1.25^2$-Edges: 0.7560658891816815
$\delta < 1.25^3$-Edges: 0.879106029043489
MAE-Edges: 6.890349611070226
InvMAE-Edges: 674.3227951936473
InvRMSE-Edges: 5707.9843861251875
LogMAE-Edges: 32.3526947062
LogSI-Edges: 44.126082285783376
Chamfer-Edges: 4.534574801335772
F-Score-Edges: 7.241557201144158
IoU-Edges: 4.16765209085801
F-Score-20-Edges: 15.196941339852764
IoU-20-Edges: 9.382512528678172
DirAcc-Edges: 68.3413661086915
Dir (-)-Edges: 4.608014726316287
Dir (+)-Edges: 27.05061916499221
EdgeAcc-Edges: 3.949309508535521
EdgeComp-Edges: 32.3930661222517
