Ratio: 1.9692736731767655
AbsRel: 27.78863374977112
SqRel: 15.86539656267166
RMSE: 1.483740297985077
LogRMSE: 39.16114407119751
$\delta < 1.05$: 0.13863618149649395
$\delta < 1.1$: 0.263845865397614
$\delta < 1.25$: 0.5482566000573308
$\delta < 1.25^2$: 0.8073168039072989
$\delta < 1.25^3$: 0.8969519333405367
MAE: 0.9023935340404511
InvMAE: 116.20778854370117
InvRMSE: 150.05705762329103
LogMAE: 28.733452849960326
LogSI: 38.10819900314226
