Ratio: 0.32445024262420236
AbsRel: 22.92459428291321
SqRel: 12.824933995437622
RMSE: 1.4781964521944524
LogRMSE: 36.21862586555481
$\delta < 1.05$: 0.1661882501171919
$\delta < 1.1$: 0.31563833421367227
$\delta < 1.25$: 0.6346528164335916
$\delta < 1.25^2$: 0.8534791149260255
$\delta < 1.25^3$: 0.9079290443347207
MAE: 0.8164839677214623
InvMAE: 130.53447844543456
InvRMSE: 594.3974205337524
LogMAE: 25.228715075683592
LogSI: 35.711037954119334
