Ratio: 0.20983539075102037
AbsRel: 25.972276307106018
SqRel: 23.940639080762864
RMSE: 35.961168918132785
LogRMSE: 203.1341625442505
$\delta < 1.05$: 0.1695375590085086
$\delta < 1.1$: 0.3280077965221535
$\delta < 1.25$: 0.6756718983932701
$\delta < 1.25^2$: 0.8538092064791483
$\delta < 1.25^3$: 0.903356435268853
MAE: 14.817303879261017
InvMAE: 36857.38898617888
InvRMSE: 167676.6238311777
LogMAE: 64.07330866336822
LogSI: 197.68413169685218
Chamfer: 3.258559744552928
F-Score: 8.382132768392562
IoU: 4.421837852120399
F-Score-20: 24.15504009819031
IoU-20: 13.902146888256073
