Ratio: 7.463122405052185
AbsRel: 26.62332911300659
SqRel: 17.702600341796874
RMSE: 17.7456665558815
LogRMSE: 34.22713286781311
$\delta < 1.05$: 0.12645890692837194
$\delta < 1.1$: 0.24513350605191692
$\delta < 1.25$: 0.525071378622926
$\delta < 1.25^2$: 0.8249763069095657
$\delta < 1.25^3$: 0.9517123165614542
MAE: 9.168351657390595
InvMAE: 14.573879811286925
InvRMSE: 22.03252110004425
LogMAE: 26.340894088745117
LogSI: 33.60919663277433
Chamfer: 3.0056949245288918
F-Score: 4.684968890488148
IoU: 2.421827993631363
F-Score-20: 14.370413320302964
IoU-20: 7.845958897531032
