Ratio: 2.9352961545724137
AbsRel: 31.045314489511345
SqRel: 20.84738760287945
RMSE: 1.5293382657949741
LogRMSE: 39.1416224024846
$\delta < 1.05$: 0.11709158552711192
$\delta < 1.1$: 0.22502428567324143
$\delta < 1.25$: 0.4838683708511527
$\delta < 1.25^2$: 0.774439084338153
$\delta < 1.25^3$: 0.9078954609069935
MAE: 1.0982787028184304
InvMAE: 141.4713170506404
InvRMSE: 186.61685819772575
LogMAE: 30.7657219519982
LogSI: 37.748930827344076
