Ratio: 9.227286194739321
AbsRel: 57.48773066345352
SqRel: 443.5605535143694
RMSE: 9.776658788122939
LogRMSE: 56.41977984167535
$\delta < 1.05$: 0.10234539099706814
$\delta < 1.1$: 0.19576361365562456
$\delta < 1.25$: 0.4210962864682051
$\delta < 1.25^2$: 0.6778194244565156
$\delta < 1.25^3$: 0.8135812260488475
MAE: 6.326622193704272
InvMAE: 48.80802594920445
InvRMSE: 101.1617773883546
LogMAE: 41.38699062843494
LogSI: 53.6965056781578
