Ratio: 0.11725346897393886
AbsRel: 39.8157114469417
SqRel: 101.58233105601751
RMSE: 9.703659968793126
LogRMSE: 55.90466613299109
$\delta < 1.05$: 0.10957837916915929
$\delta < 1.1$: 0.2086820688187693
$\delta < 1.25$: 0.4366963351475641
$\delta < 1.25^2$: 0.6869515159659018
$\delta < 1.25^3$: 0.8097258575852525
MAE: 6.090560943155546
InvMAE: 492.2245439643817
InvRMSE: 4171.370969479394
LogMAE: 41.12383615810241
LogSI: 52.59629331199915
