Ratio: 0.13717384052677442
AbsRel: 19.502892211033746
SqRel: 12.608892961006898
RMSE: 1.151443295593445
LogRMSE: 27.364869722219613
$\delta < 1.05$: 0.20892547538839823
$\delta < 1.1$: 0.38030714361432394
$\delta < 1.25$: 0.6984881159669096
$\delta < 1.25^2$: 0.8996288653704047
$\delta < 1.25^3$: 0.9599426568765833
MAE: 0.7283842595265462
InvMAE: 284.22208200161276
InvRMSE: 1508.9235163321862
LogMAE: 20.38716183589055
LogSI: 26.97951610841288
