Ratio: 5.399999999999999
AbsRel: 4.298612242766789
SqRel: 1.1618305483566864
RMSE: 2.4842627533418793
LogRMSE: 7.6902025658743725
$\delta < 1.05$: 0.7639811699161805
$\delta < 1.1$: 0.9203608170470895
$\delta < 1.25$: 0.9831714154977593
$\delta < 1.25^2$: 0.9951281929808536
$\delta < 1.25^3$: 0.9977136046226733
MAE: 0.9207743427583149
InvMAE: 3.0141346854822975
InvRMSE: 5.415271354743412
LogMAE: 4.132464417389461
LogSI: 7.3520673041101405
Chamfer: 0.35904427082460016
F-Score: 66.71279128483364
IoU: 50.79070310183934
F-Score-20: 81.63991092136928
IoU-20: 69.58991487230574
