Ratio: 5.399999999999999
AbsRel: 7.4056604413167095
SqRel: 1.9107554714692516
RMSE: 3.6288495917627417
LogRMSE: 11.72321617603302
$\delta < 1.05$: 0.5530915692035653
$\delta < 1.1$: 0.7720023949861414
$\delta < 1.25$: 0.9396627091302706
$\delta < 1.25^2$: 0.9875441703993535
$\delta < 1.25^3$: 0.9962103736365173
MAE: 1.5632791869296618
InvMAE: 5.469986941733975
InvRMSE: 8.457183060836208
LogMAE: 7.305069064801456
LogSI: 10.979785517466867
Chamfer: 0.5912036799255702
F-Score: 53.69355667076228
IoU: 37.71926440325983
F-Score-20: 70.50020494051506
IoU-20: 55.48091063470197
