Ratio: 22.12317075538635
AbsRel: 34.72647087478638
SqRel: 30.226298777103423
RMSE: 12.869134998798371
LogRMSE: 43.50307784557342
$\delta < 1.05$: 0.11121092255390422
$\delta < 1.1$: 0.21336717312455783
$\delta < 1.25$: 0.46018513864649185
$\delta < 1.25^2$: 0.7355636399504873
$\delta < 1.25^3$: 0.8698703229720498
MAE: 8.919554173231125
InvMAE: 22.42477011680603
InvRMSE: 29.95738249337673
LogMAE: 33.75433886051178
LogSI: 41.33662676374134
Chamfer: 4.3500138349815805
F-Score: 9.162813745290041
IoU: 5.047445212960243
F-Score-20: 17.33707200193405
IoU-20: 10.136805316179991
