Ratio: 0.05185218750700455
AbsRel: 27.847272540773734
SqRel: 15.933952544093149
RMSE: 11.959141373455525
LogRMSE: 40.28317038345337
$\delta < 1.05$: 0.14053927543299308
$\delta < 1.1$: 0.26032575023477106
$\delta < 1.25$: 0.526423543188923
$\delta < 1.25^2$: 0.7818656217223608
$\delta < 1.25^3$: 0.8943336366710352
MAE: 7.957146309316158
InvMAE: 389.3945443070531
InvRMSE: 2589.755724769145
LogMAE: 30.201652190923692
LogSI: 39.32478520346033
Chamfer: 5.721187324408673
F-Score: 8.71529041413311
IoU: 4.819810374771245
F-Score-20: 16.028908017296345
IoU-20: 9.384198568452149
