Ratio: 0.3984328277113666
AbsRel: 22.3222715708823
SqRel: 10.197404946801495
RMSE: 0.8937661071572829
LogRMSE: 28.125132515525234
$\delta < 1.05$: 0.1542018740885681
$\delta < 1.1$: 0.29387583144124685
$\delta < 1.25$: 0.6020692260084463
$\delta < 1.25^2$: 0.8706686987367631
$\delta < 1.25^3$: 0.9624199901242316
MAE: 0.6512603364451945
InvMAE: 104.76682258162658
InvRMSE: 291.0357392745645
LogMAE: 22.75563840545281
LogSI: 27.786357202501666
