Ratio: 1.988465509101156
AbsRel: 27.013102494977666
SqRel: 14.754818770316763
RMSE: 0.9508336994580537
LogRMSE: 32.077415167373985
$\delta < 1.05$: 0.13181145999339566
$\delta < 1.1$: 0.2524850812315278
$\delta < 1.25$: 0.5376990921061537
$\delta < 1.25^2$: 0.8344577210972255
$\delta < 1.25^3$: 0.9466411875944762
MAE: 0.720023737064013
InvMAE: 113.54257273892743
InvRMSE: 149.0638512544311
LogMAE: 25.736723682566886
LogSI: 30.858436598781907
