Ratio: 0.39671555644424406
AbsRel: 39.383895243412
SqRel: 57.337957233869645
RMSE: 7.225755140684438
LogRMSE: 66.80564426508816
$\delta < 1.05$: 0.1170294018875652
$\delta < 1.1$: 0.2185548024198807
$\delta < 1.25$: 0.4367602025856772
$\delta < 1.25^2$: 0.6654137943612826
$\delta < 1.25^3$: 0.7896157087496632
MAE: 3.8197340003397477
InvMAE: 3291.939285139661
InvRMSE: 16908.226235186085
LogMAE: 46.790109104174746
LogSI: 63.722788066754845
Chamfer: 2.811045034756992
F-Score: 31.413659928954967
IoU: 23.594990343779422
F-Score-20: 44.80308754649459
IoU-20: 35.24708980114765
