Ratio: 6.068060677830112
AbsRel: 52.71935356610129
SqRel: 113.61969839188863
RMSE: 7.0936009372107725
LogRMSE: 65.15542956824508
$\delta < 1.05$: 0.09480833408764576
$\delta < 1.1$: 0.18146819501272277
$\delta < 1.25$: 0.3904670728006426
$\delta < 1.25^2$: 0.6328028722956947
$\delta < 1.25^3$: 0.7674311226726224
MAE: 4.019835303082135
InvMAE: 262.20187905593355
InvRMSE: 358.17540031075475
LogMAE: 48.58546784380406
LogSI: 60.370367790532505
Chamfer: 3.0038292244482734
F-Score: 30.574101418563338
IoU: 21.39196056161771
F-Score-20: 45.0247412166527
IoU-20: 34.50550404439132
