Ratio: 6.88086694419384
AbsRel: 27.284579095840453
SqRel: 22.794829895943405
RMSE: 7.993675269000232
LogRMSE: 35.41769570350647
$\delta < 1.05$: 0.1549792415198795
$\delta < 1.1$: 0.29186393852883297
$\delta < 1.25$: 0.585482295714481
$\delta < 1.25^2$: 0.8276214648147436
$\delta < 1.25^3$: 0.9217544477019343
MAE: 4.660515061058104
InvMAE: 27.264763557910918
InvRMSE: 37.04711605966091
LogMAE: 26.264397388696672
LogSI: 34.45548766770512
Chamfer: 2.3914187488216707
F-Score: 13.94287904560566
IoU: 7.699156680032611
F-Score-20: 27.04358044087887
IoU-20: 16.370431229770183
Ratio-Edges: 7.596937199532985
AbsRel-Edges: 34.48540557384491
SqRel-Edges: 36.201452788487074
RMSE-Edges: 9.65045084979385
LogRMSE-Edges: 42.403616272211075
$\delta < 1.05$-Edges: 0.1237527927463718
$\delta < 1.1$-Edges: 0.2328984608389327
$\delta < 1.25$-Edges: 0.4877083969466116
$\delta < 1.25^2$-Edges: 0.7562585373115975
$\delta < 1.25^3$-Edges: 0.8801403096956375
MAE-Edges: 6.241340873222798
InvMAE-Edges: 30.00667875647545
InvRMSE-Edges: 41.52502082169056
LogMAE-Edges: 32.1362441444397
LogSI-Edges: 41.05887182502629
Chamfer-Edges: 3.4497982836173207
F-Score-Edges: 8.049678641930223
IoU-Edges: 4.482557258494198
F-Score-20-Edges: 16.92127552971244
IoU-20-Edges: 9.926178152635693
DirAcc-Edges: 69.04355909737211
Dir (-)-Edges: 4.273896554973104
Dir (+)-Edges: 26.68254434765478
EdgeAcc-Edges: 3.7628384265513017
EdgeComp-Edges: 21.020748427987
