Ratio: 7.106301168472537
AbsRel: 30.261853679533928
SqRel: 38.591477916009964
RMSE: 9.291240350930922
LogRMSE: 36.798282964152676
$\delta < 1.05$: 0.15545522444631235
$\delta < 1.1$: 0.2942072733318914
$\delta < 1.25$: 0.5863473612111945
$\delta < 1.25^2$: 0.8228109862108783
$\delta < 1.25^3$: 0.9148574802370505
MAE: 5.383089586169489
InvMAE: 29.866180335014096
InvRMSE: 43.68426537175333
LogMAE: 27.21727665439729
LogSI: 35.52380290957144
Chamfer: 2.513394115381457
F-Score: 13.93054331479534
IoU: 7.712153273090239
F-Score-20: 27.514877222737958
IoU-20: 16.737613210062825
Ratio-Edges: 7.8330612944621665
AbsRel-Edges: 39.212339771495145
SqRel-Edges: 64.3825083032153
RMSE-Edges: 11.571646232786131
LogRMSE-Edges: 44.42516075520734
$\delta < 1.05$-Edges: 0.12909439770707493
$\delta < 1.1$-Edges: 0.2369223558897076
$\delta < 1.25$-Edges: 0.478510951687043
$\delta < 1.25^2$-Edges: 0.7406341170900048
$\delta < 1.25^3$-Edges: 0.8704689062477193
MAE-Edges: 7.525830950329896
InvMAE-Edges: 29.397458357125327
InvRMSE-Edges: 43.76614941615684
LogMAE-Edges: 33.552441457985275
LogSI-Edges: 42.943347190660795
Chamfer-Edges: 4.173231343114327
F-Score-Edges: 7.843358702597275
IoU-Edges: 4.631589399073638
F-Score-20-Edges: 15.73423177412912
IoU-20-Edges: 9.581113187043496
DirAcc-Edges: 65.52828241197005
Dir (-)-Edges: 3.3644721293457938
Dir (+)-Edges: 31.107245458684158
EdgeAcc-Edges: 3.9703336966733636
EdgeComp-Edges: 19.746405817609933
