Ratio: 0.12400390300374368
AbsRel: 23.01109101653099
SqRel: 13.599137271270155
RMSE: 8.021941916681826
LogRMSE: 35.02538925528526
$\delta < 1.05$: 0.1733759885728984
$\delta < 1.1$: 0.3313528526715389
$\delta < 1.25$: 0.6424800714281911
$\delta < 1.25^2$: 0.8533947182212986
$\delta < 1.25^3$: 0.9263676832577274
MAE: 4.516442991495133
InvMAE: 206.72295780301093
InvRMSE: 2744.865090318918
LogMAE: 24.298601006269454
LogSI: 34.419058198674136
Chamfer: 2.590035822747094
F-Score: 14.709188277423381
IoU: 8.184504493698478
F-Score-20: 28.28444601893425
IoU-20: 17.34601106464863
Ratio-Edges: 0.10556247005543183
AbsRel-Edges: 28.76071889400482
SqRel-Edges: 17.967194118387997
RMSE-Edges: 9.367212433815002
LogRMSE-Edges: 40.341730941534045
$\delta < 1.05$-Edges: 0.13337117972520418
$\delta < 1.1$-Edges: 0.2505955239036859
$\delta < 1.25$-Edges: 0.5199059747361655
$\delta < 1.25^2$-Edges: 0.778925000369683
$\delta < 1.25^3$-Edges: 0.8902588218254386
MAE-Edges: 5.941990085151047
InvMAE-Edges: 103.85528970956803
InvRMSE-Edges: 1053.484699422717
LogMAE-Edges: 30.31369935810566
LogSI-Edges: 39.44148939939535
Chamfer-Edges: 4.09515363669111
F-Score-Edges: 7.488612077832222
IoU-Edges: 4.14812844760716
F-Score-20-Edges: 15.814737016558647
IoU-20-Edges: 9.2784445977211
DirAcc-Edges: 71.88391342892383
Dir (-)-Edges: 6.075274844108678
Dir (+)-Edges: 22.040811726967487
EdgeAcc-Edges: 3.985230799025375
EdgeComp-Edges: 40.64544997667704
