Ratio: 0.14687493495405915
AbsRel: 25.348751729842157
SqRel: 22.58778721638264
RMSE: 9.589212500010767
LogRMSE: 46.20546473072421
$\delta < 1.05$: 0.17511397356394187
$\delta < 1.1$: 0.32978058224505385
$\delta < 1.25$: 0.6277978034245663
$\delta < 1.25^2$: 0.8315934851990269
$\delta < 1.25^3$: 0.9100976561671564
MAE: 5.351179960841133
InvMAE: 2108.984159355471
InvRMSE: 14830.405097243402
LogMAE: 28.059779416361163
LogSI: 45.132372517616645
Chamfer: 2.5576297663635437
F-Score: 15.835025894411148
IoU: 8.92197968056125
F-Score-20: 30.599845750870244
IoU-20: 19.156440650878412
Ratio-Edges: 0.12484272942233976
AbsRel-Edges: 30.879671812369153
SqRel-Edges: 24.98295081688298
RMSE-Edges: 10.758814649142666
LogRMSE-Edges: 46.42914437125711
$\delta < 1.05$-Edges: 0.1285405627426012
$\delta < 1.1$-Edges: 0.2456428254323892
$\delta < 1.25$-Edges: 0.5014584041192336
$\delta < 1.25^2$-Edges: 0.7526967176498504
$\delta < 1.25^3$-Edges: 0.8781645869525337
MAE-Edges: 6.9198407948358
InvMAE-Edges: 866.3653750579341
InvRMSE-Edges: 6844.135211995458
LogMAE-Edges: 32.783853921079945
LogSI-Edges: 45.197502024590506
Chamfer-Edges: 4.638247069438669
F-Score-Edges: 7.68749328921823
IoU-Edges: 4.442519048830263
F-Score-20-Edges: 15.649507776399453
IoU-20-Edges: 9.584726391849564
DirAcc-Edges: 66.96784101884379
Dir (-)-Edges: 4.7193956213382675
Dir (+)-Edges: 28.312763359817954
EdgeAcc-Edges: 4.036484259492193
EdgeComp-Edges: 27.390333090463756
