Ratio: 0.27982425674498435
AbsRel: 23.58627781982422
SqRel: 11.317730047225952
RMSE: 1.4937186552762984
LogRMSE: 37.50795203323364
$\delta < 1.05$: 0.1645568592932543
$\delta < 1.1$: 0.31288592175911417
$\delta < 1.25$: 0.6257879887433079
$\delta < 1.25^2$: 0.8382111125674532
$\delta < 1.25^3$: 0.8987131528790427
MAE: 0.8345086586475372
InvMAE: 110.0350901916504
InvRMSE: 237.99639753265382
LogMAE: 26.206249404144287
LogSI: 36.904737422518934
