Ratio: 1.9041237433433533
AbsRel: 28.350029489517212
SqRel: 15.672764654636383
RMSE: 1.5196179777503014
LogRMSE: 41.317727458190916
$\delta < 1.05$: 0.13577137079832224
$\delta < 1.1$: 0.257746303320512
$\delta < 1.25$: 0.5328192844598236
$\delta < 1.25^2$: 0.7859175735116922
$\delta < 1.25^3$: 0.8856850112371191
MAE: 0.92089336155653
InvMAE: 126.03289800567627
InvRMSE: 163.95084447021483
LogMAE: 30.237977492141724
LogSI: 40.01037474744989
