MAE: 1.02440341259752
RMSE: 2.58510085899915
InvMAE: 4.0940426899705615
InvRMSE: 6.403507384232112
LogMAE: 5.10713016646249
LogRMSE: 8.467931918416705
LogSI: 7.679407813909186
AbsRel: 5.3783621100017
SqRel: 1.6538179223771605
ChamferDist: 0.42798665029662
F-Score: 57.68075421652624
IoU: 42.05514126010239
F-Score-20: 75.97376541503839
IoU-20: 62.66825476463352
