AbsRel: 0.10078194277251468
SqRel: 0.768356883874326
RMSE: 4.574977151290587
LogRMSE: 0.1889769486452278
$\delta < 1.25$: 0.8850609067314208
$\delta < 1.25^2$: 0.9603172111412513
$\delta < 1.25^3$: 0.9805498688567617
ChamferDist: 0.8227370024326028
F-Score: 27.011198713926536
IoU: 15.804794067118738
F-Score-20: 53.969894619891086
IoU-20: 37.39107725507389
