MAE: 1.65430031895089
RMSE: 3.6817036919250077
InvMAE: 6.042604461769385
InvRMSE: 9.05102688915159
LogMAE: 7.941553656674602
LogRMSE: 12.355034950320706
LogSI: 11.354626075995576
AbsRel: 8.116501906898124
SqRel: 2.164392578249877
ChamferDist: 0.671689289273477
F-Score: 49.68033316740595
IoU: 34.25371793806096
F-Score-20: 66.7630320652131
IoU-20: 51.399725225256994
