MAE: 0.9311181061608451
RMSE: 2.5507764785204614
InvMAE: 3.037823612689972
InvRMSE: 5.594342528070722
LogMAE: 4.177470591238567
LogRMSE: 8.005714054788863
LogSI: 7.6305902054061026
AbsRel: 4.327682991198131
SqRel: 1.2010431152795042
ChamferDist: 0.3871095121332577
F-Score: 64.47485247748239
IoU: 48.288860983167375
F-Score-20: 79.69696929931641
IoU-20: 66.89522669928415
