AbsRel: 0.09717232019371931
SqRel: 0.7380316573992863
RMSE: 4.5944983629106275
LogRMSE: 0.19125213844426392
$\delta < 1.25$: 0.8901777103537482
$\delta < 1.25^2$: 0.9584023285533414
$\delta < 1.25^3$: 0.978804183764601
ChamferDist: 0.7830710230633039
F-Score: 29.422570502911956
IoU: 17.474426958105997
F-Score-20: 56.20468779855342
IoU-20: 39.50135174303862
