MAE: 1.5691001272183254
RMSE: 3.6506003550042405
InvMAE: 5.511582773155961
InvRMSE: 8.628511384586615
LogMAE: 7.348571299775246
LogRMSE: 11.913047551377419
LogSI: 11.17709336921212
AbsRel: 7.441150628715937
SqRel: 1.8705453661276152
ChamferDist: 0.634280856721606
F-Score: 52.155636229763736
IoU: 36.29068018066371
F-Score-20: 68.83425480017632
IoU-20: 53.54519759365386
