AbsRel: 0.09950828829638585
SqRel: 0.7535037065413881
RMSE: 4.5203502588668885
LogRMSE: 0.1878916396621823
$\delta < 1.25$: 0.8879266574308459
$\delta < 1.25^2$: 0.9602944619596473
$\delta < 1.25^3$: 0.9807318471039158
ChamferDist: 0.8222292317037432
F-Score: 27.185884925522114
IoU: 15.905276369330188
F-Score-20: 54.226101271904355
IoU-20: 37.595610724631136
