MAE: 0.9794079172398363
RMSE: 2.5483384108543397
InvMAE: 3.5830220064095086
InvRMSE: 5.921382264239448
LogMAE: 4.66391752736909
LogRMSE: 8.114553236961365
LogSI: 7.604780758891301
AbsRel: 4.881812240055629
SqRel: 1.486304251753858
ChamferDist: 0.40405213468841145
F-Score: 59.84787416117532
IoU: 43.88343999385834
F-Score-20: 78.03945273535592
IoU-20: 64.87919167518616
