MAE: 1.6123607561357913
RMSE: 3.6176491556174915
InvMAE: 5.828525937042353
InvRMSE: 8.763695538409648
LogMAE: 7.705320502717071
LogRMSE: 12.09753154757564
LogSI: 11.224147882569655
AbsRel: 7.856566329309546
SqRel: 2.0460446371348358
ChamferDist: 0.6609919056570603
F-Score: 49.876286022867895
IoU: 34.33669056830231
F-Score-20: 67.3715671395963
IoU-20: 51.91577586293952
