MAE: 1.257881933344262
RMSE: 3.1470236386145864
InvMAE: 4.697954181432724
InvRMSE: 7.827916979789734
LogMAE: 6.0507991422925675
LogRMSE: 10.368785302979605
LogSI: 9.71657683988869
AbsRel: 6.372252766064235
SqRel: 2.300711572021246
ChamferDist: 0.5004627455983843
F-Score: 54.57144102909735
IoU: 38.882256922381266
F-Score-20: 72.80225133078439
IoU-20: 58.47312484468733
