AbsRel: 0.12333054201332705
SqRel: 0.958853967936771
RMSE: 5.199564500039756
LogRMSE: 0.21820083096986864
$\delta < 1.25$: 0.8367652720555023
$\delta < 1.25^2$: 0.94307013243179
$\delta < 1.25^3$: 0.9750765594452284
ChamferDist: 0.9926910553891827
F-Score: 22.479213240199655
IoU: 12.834896937440252
F-Score-20: 48.47893151901716
IoU-20: 32.371867540491536
