MAE: 2.068517672595071
RMSE: 4.428450735251596
InvMAE: 8.011372480290067
InvRMSE: 12.19056318032961
LogMAE: 10.27746823594614
LogRMSE: 15.96629209606194
LogSI: 14.799230829675624
AbsRel: 10.26408575868314
SqRel: 3.4692378213252026
ChamferDist: 0.8199624537598867
F-Score: 44.6827756759762
IoU: 29.660438712297772
F-Score-20: 62.428009906795126
IoU-20: 46.46982871663351
