Ratio: 0.19751419802446982
AbsRel: 26.48666853427887
SqRel: 26.409633236169814
RMSE: 37.65935723304749
LogRMSE: 219.97619617843628
$\delta < 1.05$: 0.18304770786283814
$\delta < 1.1$: 0.35256393395374996
$\delta < 1.25$: 0.6991307808067039
$\delta < 1.25^2$: 0.8411186317893327
$\delta < 1.25^3$: 0.8933172218961866
MAE: 15.414495483398438
InvMAE: 40283.39487939024
InvRMSE: 183939.26728321266
LogMAE: 67.84433716869354
LogSI: 214.19375013350256
Chamfer: 3.360059400635814
F-Score: 8.339543857216835
IoU: 4.412373255610466
F-Score-20: 24.88481409072876
IoU-20: 14.415268227100372
