Ratio: 8.163382833957671
AbsRel: 26.602771507263185
SqRel: 18.42451559829712
RMSE: 18.308474420547487
LogRMSE: 34.45905083847046
$\delta < 1.05$: 0.1358288650749273
$\delta < 1.1$: 0.2571720299167281
$\delta < 1.25$: 0.5288890183838034
$\delta < 1.25^2$: 0.8200341643519035
$\delta < 1.25^3$: 0.9470333319590564
MAE: 9.36404166507721
InvMAE: 14.596715209007263
InvRMSE: 22.19451935958862
LogMAE: 26.406267677307127
LogSI: 33.94265620038735
Chamfer: 3.1782243358393214
F-Score: 4.334941039234399
IoU: 2.229610623858869
F-Score-20: 13.908645573854447
IoU-20: 7.579489476740361
