Ratio: 9.786064937243012
AbsRel: 56.670289651160815
SqRel: 455.3035469178127
RMSE: 9.363024157258963
LogRMSE: 54.46483680057953
$\delta < 1.05$: 0.11182066439671906
$\delta < 1.1$: 0.21401708829571842
$\delta < 1.25$: 0.4533990873366352
$\delta < 1.25^2$: 0.7059559537263489
$\delta < 1.25^3$: 0.8283295480800931
MAE: 6.000391667867455
InvMAE: 46.194797958493766
InvRMSE: 99.34160662338873
LogMAE: 39.357823269249614
LogSI: 52.07407619394
