Ratio: 0.1316806303506694
AbsRel: 39.89247952448413
SqRel: 105.46901590086419
RMSE: 9.947153462957374
LogRMSE: 58.03922071799035
$\delta < 1.05$: 0.11478928478437703
$\delta < 1.1$: 0.21760394935899818
$\delta < 1.25$: 0.44890964391293875
$\delta < 1.25^2$: 0.6891127868862383
$\delta < 1.25^3$: 0.8111065920417161
MAE: 6.142922133875535
InvMAE: 1027.7675177826475
InvRMSE: 8853.443299318109
LogMAE: 41.1293284946493
LogSI: 54.7468463380788
