Ratio: 2.8462928856336154
AbsRel: 48.43353610405555
SqRel: 76.78172070283156
RMSE: 2.4585740894537707
LogRMSE: 52.63403341440054
$\delta < 1.05$: 0.10558228539060902
$\delta < 1.1$: 0.20220188577274892
$\delta < 1.25$: 0.42791929568286
$\delta < 1.25^2$: 0.6753489256827816
$\delta < 1.25^3$: 0.8149582490777373
MAE: 1.504505357834009
InvMAE: 172.42403797443097
InvRMSE: 224.4510631443904
LogMAE: 39.80677660428561
LogSI: 51.15825689881358
