Ratio: 0.06089845852090584
AbsRel: 20.280806495959943
SqRel: 18.493664360596583
RMSE: 1.1627232339978217
LogRMSE: 27.955091407482442
$\delta < 1.05$: 0.2032265790014303
$\delta < 1.1$: 0.37252384707842034
$\delta < 1.25$: 0.688837871515525
$\delta < 1.25^2$: 0.8916529128728299
$\delta < 1.25^3$: 0.9523858981836838
MAE: 0.7453291323322516
InvMAE: 132.96231382516714
InvRMSE: 811.2264245722844
LogMAE: 21.080511070398185
LogSI: 27.510480029987082
