Ratio: 5.399999999999999
AbsRel: 4.33803677541869
SqRel: 1.6721144677485738
RMSE: 2.4353518558825766
LogRMSE: 7.749325043473925
$\delta < 1.05$: 0.7699950875336877
$\delta < 1.1$: 0.9147071268336069
$\delta < 1.25$: 0.9808077041615797
$\delta < 1.25^2$: 0.9948930771763901
$\delta < 1.25^3$: 0.9978297084586656
MAE: 0.9074191346764564
InvMAE: 3.0463019786562238
InvRMSE: 5.612604817662921
LogMAE: 4.142897838013512
LogSI: 7.57826181276762
Chamfer: 0.3864218089736083
F-Score: 63.89151083265032
IoU: 47.68998754092625
F-Score-20: 79.39738034384591
IoU-20: 66.46925525937762
