Ratio: 5.399999999999999
AbsRel: 7.599356078297083
SqRel: 2.117988718936414
RMSE: 3.69593981200932
LogRMSE: 12.079952124803345
$\delta < 1.05$: 0.5508162413625355
$\delta < 1.1$: 0.7622926935249766
$\delta < 1.25$: 0.9305663963599891
$\delta < 1.25^2$: 0.9864711056638049
$\delta < 1.25^3$: 0.9963456066257373
MAE: 1.6170316288259132
InvMAE: 5.668017664204346
InvRMSE: 8.806547753284313
LogMAE: 7.562076661484373
LogSI: 11.3489276147454
Chamfer: 0.6731095455224098
F-Score: 51.35428152128231
IoU: 35.493974557683515
F-Score-20: 68.47011585908433
IoU-20: 53.04420848785003
