Ratio: 23.70265405750275
AbsRel: 33.829281162261964
SqRel: 30.580943296432494
RMSE: 12.597811745345593
LogRMSE: 41.90414646911621
$\delta < 1.05$: 0.1226214888692686
$\delta < 1.1$: 0.2337115266404655
$\delta < 1.25$: 0.49055320072862213
$\delta < 1.25^2$: 0.7514295580068518
$\delta < 1.25^3$: 0.8755252806367609
MAE: 8.609556565344334
InvMAE: 20.99251863849163
InvRMSE: 28.12654792046547
LogMAE: 32.288123518943785
LogSI: 40.04795651071043
Chamfer: 4.36190366732982
F-Score: 9.515761489793658
IoU: 5.249880341917277
F-Score-20: 18.1806009247303
IoU-20: 10.694019223183393
