Ratio: 0.059884650569806554
AbsRel: 28.26022986936569
SqRel: 17.47861722564697
RMSE: 12.064066652834416
LogRMSE: 44.67362643957138
$\delta < 1.05$: 0.1356906913497226
$\delta < 1.1$: 0.2536733897150835
$\delta < 1.25$: 0.5175300268861285
$\delta < 1.25^2$: 0.7799970515142468
$\delta < 1.25^3$: 0.8967227313767145
MAE: 8.022257821142674
InvMAE: 1488.2427008363306
InvRMSE: 8777.223070584714
LogMAE: 31.365544110059737
LogSI: 43.581092233802295
Chamfer: 5.109408814427767
F-Score: 8.727236205628142
IoU: 4.795898358893581
F-Score-20: 16.540475982544944
IoU-20: 9.655452781854198
