Ratio: 2.1860338280871736
AbsRel: 28.4793772719322
SqRel: 21.385304429662337
RMSE: 1.0122110860291242
LogRMSE: 33.13629805567797
$\delta < 1.05$: 0.14387861957678796
$\delta < 1.1$: 0.2740152561649202
$\delta < 1.25$: 0.5661654624484932
$\delta < 1.25^2$: 0.835081846840472
$\delta < 1.25^3$: 0.9351632475792574
MAE: 0.721072379260435
InvMAE: 112.31395769556728
InvRMSE: 153.78185144476933
LogMAE: 25.593256376569787
LogSI: 31.817902217939814
