Ratio: 0.44687729884947736
AbsRel: 23.912915669449973
SqRel: 17.812313376945824
RMSE: 1.0534066269430546
LogRMSE: 30.773965949312263
$\delta < 1.05$: 0.1487082535990664
$\delta < 1.1$: 0.2826361520294037
$\delta < 1.25$: 0.5863220543956912
$\delta < 1.25^2$: 0.8573191185851091
$\delta < 1.25^3$: 0.9548848519250055
MAE: 0.6866372785778767
InvMAE: 310.2927522542644
InvRMSE: 2862.692334102199
LogMAE: 23.927111682541874
LogSI: 30.382667875965595
