Ratio: 5.960015645780062
AbsRel: 51.8278739774056
SqRel: 117.08850753524086
RMSE: 7.012649219600778
LogRMSE: 63.44196660347532
$\delta < 1.05$: 0.1129111883600439
$\delta < 1.1$: 0.21414901003610515
$\delta < 1.25$: 0.4423825894856483
$\delta < 1.25^2$: 0.6715713792344892
$\delta < 1.25^3$: 0.7790622554117795
MAE: 3.9157589229456544
InvMAE: 231.40233580495752
InvRMSE: 324.05140683787863
LogMAE: 46.22239792289916
LogSI: 59.22080891337934
Chamfer: 2.8742922218191684
F-Score: 33.14571886136771
IoU: 24.65846963225369
F-Score-20: 46.310463429524
IoU-20: 36.37483675613928
