Ratio: 0.5204157615279807
AbsRel: 40.532426733491526
SqRel: 67.81593326240171
RMSE: 7.307261034571811
LogRMSE: 73.56306222089741
$\delta < 1.05$: 0.1183533630687433
$\delta < 1.1$: 0.21363881944269883
$\delta < 1.25$: 0.423909466763225
$\delta < 1.25^2$: 0.6546704867591248
$\delta < 1.25^3$: 0.7888291354723775
MAE: 3.9065094237264835
InvMAE: 5329.280440298279
InvRMSE: 27127.873300201954
LogMAE: 49.02598567374015
LogSI: 70.14622439725761
Chamfer: 2.414354319650141
F-Score: 32.442768414592166
IoU: 24.935624792085488
F-Score-20: 44.383492473979885
IoU-20: 35.30744917521779
