Ratio: 0.12471262997589154
AbsRel: 23.189276143312455
SqRel: 14.10891701027751
RMSE: 8.134023176543415
LogRMSE: 36.90305907726288
$\delta < 1.05$: 0.17657981089816158
$\delta < 1.1$: 0.3329099093494346
$\delta < 1.25$: 0.6378731486027082
$\delta < 1.25^2$: 0.8532354703116621
$\delta < 1.25^3$: 0.9278449591890388
MAE: 4.542133131660521
InvMAE: 422.76940322697163
InvRMSE: 5463.341642683148
LogMAE: 24.453592621088028
LogSI: 36.346030686852515
Chamfer: 2.5257396469548485
F-Score: 14.107903906106948
IoU: 7.807061482518911
F-Score-20: 27.64431146502495
IoU-20: 16.852261387705802
Ratio-Edges: 0.1090353577076354
AbsRel-Edges: 28.710850405693055
SqRel-Edges: 17.619134036451577
RMSE-Edges: 9.397316826842726
LogRMSE-Edges: 40.39029948711395
$\delta < 1.05$-Edges: 0.1302524340835121
$\delta < 1.1$-Edges: 0.24743045919287024
$\delta < 1.25$-Edges: 0.5185156753935074
$\delta < 1.25^2$-Edges: 0.7813040396245943
$\delta < 1.25^3$-Edges: 0.893634268049085
MAE-Edges: 5.972243346218019
InvMAE-Edges: 157.9162802505493
InvRMSE-Edges: 1529.1864142644406
LogMAE-Edges: 30.23291654109955
LogSI-Edges: 39.522846881635566
Chamfer-Edges: 3.9453281683373747
F-Score-Edges: 7.421265909820795
IoU-Edges: 4.121991980522871
F-Score-20-Edges: 15.872096332907677
IoU-20-Edges: 9.291351427733899
DirAcc-Edges: 71.82542259824581
Dir (-)-Edges: 6.125467888100867
Dir (+)-Edges: 22.049109513653338
EdgeAcc-Edges: 4.155471103176916
EdgeComp-Edges: 53.20027495325772
