Ratio: 0.1553249993414627
AbsRel: 25.424678599449894
SqRel: 22.59686198542195
RMSE: 9.716651446588578
LogRMSE: 49.96078531080677
$\delta < 1.05$: 0.1761103009460885
$\delta < 1.1$: 0.33295991745276254
$\delta < 1.25$: 0.6283985491856644
$\delta < 1.25^2$: 0.830985970241961
$\delta < 1.25^3$: 0.9118295932180793
MAE: 5.388643166172889
InvMAE: 3149.53493517445
InvRMSE: 20123.68953792941
LogMAE: 28.85152475418583
LogSI: 48.76779789131186
Chamfer: 2.4951255547205022
F-Score: 14.95658608032811
IoU: 8.378477932224351
F-Score-20: 29.682123273303432
IoU-20: 18.51652455943246
Ratio-Edges: 0.12939645362606067
AbsRel-Edges: 30.807043320836584
SqRel-Edges: 25.230018106122422
RMSE-Edges: 10.78577261550559
LogRMSE-Edges: 45.6261854551976
$\delta < 1.05$-Edges: 0.1309302154740199
$\delta < 1.1$-Edges: 0.25196548723833845
$\delta < 1.25$-Edges: 0.5057689674651675
$\delta < 1.25^2$-Edges: 0.7539519651713985
$\delta < 1.25^3$-Edges: 0.8803550115196923
MAE-Edges: 6.914909776709243
InvMAE-Edges: 710.4601177509314
InvRMSE-Edges: 6887.526579264254
LogMAE-Edges: 32.26692999390995
LogSI-Edges: 44.49092571977467
Chamfer-Edges: 4.491263501944472
F-Score-Edges: 7.588375420118469
IoU-Edges: 4.384494900596297
F-Score-20-Edges: 15.89739034818668
IoU-20-Edges: 9.861629602877922
DirAcc-Edges: 67.7916308652948
Dir (-)-Edges: 4.68223945166742
Dir (+)-Edges: 27.526129683037773
EdgeAcc-Edges: 4.042432087791404
EdgeComp-Edges: 44.1468651152797
