Ratio: 7.128985795513276
AbsRel: 30.111819037160565
SqRel: 36.0399326859751
RMSE: 9.370315368060142
LogRMSE: 36.57976982731973
$\delta < 1.05$: 0.16288064214444567
$\delta < 1.1$: 0.3046185814027564
$\delta < 1.25$: 0.5922395918813458
$\delta < 1.25^2$: 0.8221235716647419
$\delta < 1.25^3$: 0.9128205978883774
MAE: 5.36922210047322
InvMAE: 29.067018567054504
InvRMSE: 42.83131970374815
LogMAE: 26.951460210738645
LogSI: 35.34103834369173
Chamfer: 2.6496199695053404
F-Score: 13.482811317059301
IoU: 7.505736640768666
F-Score-20: 26.78188238251594
IoU-20: 16.352431433585384
Ratio-Edges: 7.800427138415817
AbsRel-Edges: 38.13512811473772
SqRel-Edges: 59.03699393529518
RMSE-Edges: 11.511567732535935
LogRMSE-Edges: 43.47176157945122
$\delta < 1.05$-Edges: 0.1329755475587823
$\delta < 1.1$-Edges: 0.24742208910676303
$\delta < 1.25$-Edges: 0.49264002396702533
$\delta < 1.25^2$-Edges: 0.7484044151241571
$\delta < 1.25^3$-Edges: 0.8742317569393206
MAE-Edges: 7.402488044352313
InvMAE-Edges: 28.23648781277775
InvRMSE-Edges: 42.56872986936881
LogMAE-Edges: 32.67463192160613
LogSI-Edges: 42.06737822772394
Chamfer-Edges: 4.231533538541483
F-Score-Edges: 7.878706455425499
IoU-Edges: 4.661077137067427
F-Score-20-Edges: 15.793737864494323
IoU-20-Edges: 9.665235228086608
DirAcc-Edges: 65.65103129224646
Dir (-)-Edges: 3.2582571007640393
Dir (+)-Edges: 31.090711606989498
EdgeAcc-Edges: 3.873340941942103
EdgeComp-Edges: 37.20535670889618
