Ratio: 6.98947820931673
AbsRel: 27.493285574913024
SqRel: 22.392042337358
RMSE: 8.100792558789253
LogRMSE: 35.39312900543213
$\delta < 1.05$: 0.15406927373929463
$\delta < 1.1$: 0.29327129113073236
$\delta < 1.25$: 0.5840685315000314
$\delta < 1.25^2$: 0.8293726493391722
$\delta < 1.25^3$: 0.9220208655885318
MAE: 4.6995401318371295
InvMAE: 26.827836614847183
InvRMSE: 36.39800305426121
LogMAE: 26.242421828508377
LogSI: 34.39674214681453
Chamfer: 2.527379265378077
F-Score: 13.03305743739009
IoU: 7.169041472822427
F-Score-20: 25.97403283804655
IoU-20: 15.689442245066166
Ratio-Edges: 7.55696752846241
AbsRel-Edges: 33.226634056568145
SqRel-Edges: 30.964959689825772
RMSE-Edges: 9.540215948782862
LogRMSE-Edges: 41.38468041062355
$\delta < 1.05$-Edges: 0.12529906737679272
$\delta < 1.1$-Edges: 0.23721124200105415
$\delta < 1.25$-Edges: 0.4948954915448294
$\delta < 1.25^2$-Edges: 0.7628248617937236
$\delta < 1.25^3$-Edges: 0.8872305695108693
MAE-Edges: 6.190000149123371
InvMAE-Edges: 28.762428662776948
InvRMSE-Edges: 39.990424588918685
LogMAE-Edges: 31.416943410634996
LogSI-Edges: 40.26307779314547
Chamfer-Edges: 3.421108128712473
F-Score-Edges: 8.103708592187614
IoU-Edges: 4.529960761843249
F-Score-20-Edges: 17.184373817294837
IoU-20-Edges: 10.179909598901867
DirAcc-Edges: 69.94157608695652
Dir (-)-Edges: 4.223962616061946
Dir (+)-Edges: 25.83446129698153
EdgeAcc-Edges: 3.7095943338586572
EdgeComp-Edges: 38.321083279220005
