Ratio: 0.35931784020526836
AbsRel: 23.76554215774536
SqRel: 20.02189279780388
RMSE: 1.5677632632851601
LogRMSE: 36.68271800689697
$\delta < 1.05$: 0.17172270328170408
$\delta < 1.1$: 0.32063238565561525
$\delta < 1.25$: 0.6251379784239076
$\delta < 1.25^2$: 0.8443446113493704
$\delta < 1.25^3$: 0.905238211101169
MAE: 0.8308625198245049
InvMAE: 305.9879027404785
InvRMSE: 2379.9304031311035
LogMAE: 25.42817211112976
LogSI: 36.163917004434765
