Ratio: 2.0762573484659197
AbsRel: 27.43070079498291
SqRel: 19.633834258651735
RMSE: 1.518942434155941
LogRMSE: 38.07750432128906
$\delta < 1.05$: 0.15440015642082078
$\delta < 1.1$: 0.29277174559361
$\delta < 1.25$: 0.5858182545177251
$\delta < 1.25^2$: 0.8121012528427806
$\delta < 1.25^3$: 0.8926271395048101
MAE: 0.87913325766325
InvMAE: 110.51734429779053
InvRMSE: 143.97431654663086
LogMAE: 27.43370885467529
LogSI: 37.089868534210886
