MAE: 1.551881537069938
RMSE: 3.516388802349202
InvMAE: 5.484399553091248
InvRMSE: 8.208345303506208
LogMAE: 7.321854688638559
LogRMSE: 11.497694286100703
LogSI: 10.685955557993712
AbsRel: 7.425202798258307
SqRel: 1.8443606520997236
ChamferDist: 0.6319568929222464
F-Score: 51.057765020731765
IoU: 35.41270076981717
F-Score-20: 68.62861408119552
IoU-20: 53.34333591227151
