AbsRel: 0.09507829327152312
SqRel: 0.7085626611707885
RMSE: 4.44400993652289
LogRMSE: 0.18289892428916701
$\delta < 1.25$: 0.8947665901710853
$\delta < 1.25^2$: 0.9628494481468134
$\delta < 1.25^3$: 0.981653212722002
ChamferDist: 0.7870919591556149
F-Score: 28.277077574298918
IoU: 16.659657742405894
F-Score-20: 55.53954228438127
IoU-20: 38.85307883121704
