MAE: 0.9285619565205915
RMSE: 2.3831940893615995
InvMAE: 3.5860192608833312
InvRMSE: 5.7394734740257265
LogMAE: 4.567695413487298
LogRMSE: 7.726920621054513
LogSI: 7.078204295348509
AbsRel: 4.798187193700246
SqRel: 1.5897980411031416
ChamferDist: 0.3849158595289503
F-Score: 59.5150357910565
IoU: 43.69682200976781
F-Score-20: 78.54571727616447
IoU-20: 65.65145091874258
