Ratio: 42.114579816818235
AbsRel: 29.75191930580139
SqRel: 88.33663661646843
RMSE: 21.466396219730377
LogRMSE: 38.10883090209961
$\delta < 1.05$: 0.15555860848829114
$\delta < 1.1$: 0.29538587130461547
$\delta < 1.25$: 0.5725356830878686
$\delta < 1.25^2$: 0.8150217616684627
$\delta < 1.25^3$: 0.9296310664912161
MAE: 10.169265690326691
InvMAE: 13.87190437221527
InvRMSE: 22.17534726715088
LogMAE: 26.674640654563905
LogSI: 37.05038970333009
Chamfer: 3.245885658166757
F-Score: 6.236127120345831
IoU: 3.2422066676169634
F-Score-20: 19.540130702137947
IoU-20: 11.021810850977898
