Ratio: 0.031137810561397136
AbsRel: 27.808659697532654
SqRel: 57.7036553273201
RMSE: 25.792427595138548
LogRMSE: 87.81413093185425
$\delta < 1.05$: 0.14294147365298449
$\delta < 1.1$: 0.27606360666016927
$\delta < 1.25$: 0.5912205685977086
$\delta < 1.25^2$: 0.8550019863130367
$\delta < 1.25^3$: 0.9315965569714674
MAE: 11.110047973632813
InvMAE: 7212.074238078594
InvRMSE: 62122.397127682685
LogMAE: 33.17463737487793
LogSI: 86.8368662044526
Chamfer: 3.028687051641454
F-Score: 6.102239926457405
IoU: 3.1826352803111075
F-Score-20: 18.95680949640274
IoU-20: 10.65655278801918
