Ratio: 41.457790808827355
AbsRel: 57.91075669703462
SqRel: 430.0889570937563
RMSE: 9.862239495387527
LogRMSE: 55.429771585849366
$\delta < 1.05$: 0.11147677434756566
$\delta < 1.1$: 0.21338774852265396
$\delta < 1.25$: 0.44401109753629275
$\delta < 1.25^2$: 0.6932598342322565
$\delta < 1.25^3$: 0.8216839673103696
MAE: 6.267707703894029
InvMAE: 46.840706055474385
InvRMSE: 99.82915537239725
LogMAE: 40.172749281998705
LogSI: 52.684281890934145
