Ratio: 0.04125907258108386
AbsRel: 19.363825316795936
SqRel: 13.54841344659145
RMSE: 1.1152879009567773
LogRMSE: 26.832034885699933
$\delta < 1.05$: 0.20915675771319645
$\delta < 1.1$: 0.38723409315006263
$\delta < 1.25$: 0.7041620257374269
$\delta < 1.25^2$: 0.9015264704761011
$\delta < 1.25^3$: 0.9592990134218677
MAE: 0.7116828305216936
InvMAE: 160.76724276762744
InvRMSE: 1478.2208518879231
LogMAE: 20.058768575374895
LogSI: 26.462322900403894
