Ratio: 0.028391249855321838
AbsRel: 40.204498810618446
SqRel: 106.8192168901854
RMSE: 9.916441199490842
LogRMSE: 58.23841342370072
$\delta < 1.05$: 0.11200793714991375
$\delta < 1.1$: 0.21397193539245757
$\delta < 1.25$: 0.44251906984923106
$\delta < 1.25^2$: 0.6827257489923577
$\delta < 1.25^3$: 0.810240940255621
MAE: 6.1770499538413075
InvMAE: 1263.5006722388246
InvRMSE: 8343.42917166804
LogMAE: 41.759140470102764
LogSI: 54.94398757253404
