Ratio: 12.47267654639024
AbsRel: 48.62764279585618
SqRel: 955.9387419311817
RMSE: 4.069503689637551
LogRMSE: 42.090113369868355
$\delta < 1.05$: 0.139251564029048
$\delta < 1.1$: 0.2669985587712152
$\delta < 1.25$: 0.547021787603693
$\delta < 1.25^2$: 0.8114050069723648
$\delta < 1.25^3$: 0.9122566121022496
MAE: 1.507585232578791
InvMAE: 124.70056672609769
InvRMSE: 167.8450022125244
LogMAE: 29.625767649137057
LogSI: 40.665315052006626
