Ratio: 26.925995398152825
AbsRel: 10.577783223310131
SqRel: 10.805599095219849
RMSE: 4.511274467399515
LogRMSE: 16.32883942273497
$\delta < 1.05$: 0.44948014558740573
$\delta < 1.1$: 0.691692534075097
$\delta < 1.25$: 0.9048593783915851
$\delta < 1.25^2$: 0.9738234536786317
$\delta < 1.25^3$: 0.9889767226909373
MAE: 1.970492277865761
InvMAE: 7.727396551816741
InvRMSE: 13.054353801019353
LogMAE: 9.781595594312515
LogSI: 15.940856048138544
Chamfer: 0.7260321594725202
F-Score: 44.66756721636269
IoU: 29.883179202858656
F-Score-20: 65.21937486876739
IoU-20: 49.60614681591286
