Ratio: 26.512530505316597
AbsRel: 8.301453058208738
SqRel: 21.706805136256985
RMSE: 4.153766618413584
LogRMSE: 13.795163420949663
$\delta < 1.05$: 0.7113281632890369
$\delta < 1.1$: 0.8641662103251232
$\delta < 1.25$: 0.9531308478892286
$\delta < 1.25^2$: 0.9795759330422678
$\delta < 1.25^3$: 0.9872912443248012
MAE: 1.443629049233028
InvMAE: 4.762961535794394
InvRMSE: 10.193181056976318
LogMAE: 6.439705951043537
LogSI: 13.651928687449711
Chamfer: 0.5262959927729453
F-Score: 60.93945230041231
IoU: 45.51019538215228
F-Score-20: 77.12968608549663
IoU-20: 64.1811071411201
