Ratio: 0.03718277247752791
AbsRel: 9.838686841397198
SqRel: 6.773354513102149
RMSE: 4.510077730004041
LogRMSE: 16.530165556749683
$\delta < 1.05$: 0.4784879942297708
$\delta < 1.1$: 0.7068249364531849
$\delta < 1.25$: 0.9030143807510799
$\delta < 1.25^2$: 0.9725248307662538
$\delta < 1.25^3$: 0.9896470737477079
MAE: 1.9617939963479716
InvMAE: 78.95244296196779
InvRMSE: 954.5909359261302
LogMAE: 9.57312927509378
LogSI: 16.42366009307661
Chamfer: 0.7750393591477989
F-Score: 46.49615020327773
IoU: 31.381646002180005
F-Score-20: 65.57116061485618
IoU-20: 49.96289781412464
