Ratio: 0.037611892455527984
AbsRel: 7.257243655579431
SqRel: 8.813850585371256
RMSE: 3.941639036280768
LogRMSE: 13.433928653172083
$\delta < 1.05$: 0.7079221350787709
$\delta < 1.1$: 0.8460523781545501
$\delta < 1.25$: 0.938794872508393
$\delta < 1.25^2$: 0.9760469929270251
$\delta < 1.25^3$: 0.98780593049451
MAE: 1.497511890168701
InvMAE: 11.850016679593494
InvRMSE: 111.22100912707192
LogMAE: 6.661752658741815
LogSI: 13.334258250692315
Chamfer: 0.6424720374893195
F-Score: 60.73572616917746
IoU: 45.21539363520486
F-Score-20: 75.44011843681335
IoU-20: 62.253887028012954
