Ratio: 0.012713147086526575
AbsRel: 29.6102939991951
SqRel: 18.712664533257485
RMSE: 12.528832255423069
LogRMSE: 42.397730573177334
$\delta < 1.05$: 0.13051104637614033
$\delta < 1.1$: 0.245126905317539
$\delta < 1.25$: 0.5034104865205978
$\delta < 1.25^2$: 0.7618796931466624
$\delta < 1.25^3$: 0.8794341881032659
MAE: 8.374293295294047
InvMAE: 362.23255746227505
InvRMSE: 2923.2082238211037
LogMAE: 32.05449525594711
LogSI: 41.34862653906457
Chamfer: 5.79015654015414
F-Score: 7.341951022539288
IoU: 4.04222814875748
F-Score-20: 14.004440830667038
IoU-20: 8.14595917416038
