Ratio: 83.489019282341
AbsRel: 39.05045969581604
SqRel: 45.471450573801995
RMSE: 14.150005842328072
LogRMSE: 46.47824120903015
$\delta < 1.05$: 0.1112945653225536
$\delta < 1.1$: 0.2125063133860347
$\delta < 1.25$: 0.4510378517195967
$\delta < 1.25^2$: 0.7100227178117434
$\delta < 1.25^3$: 0.8474970540468314
MAE: 9.618012707591056
InvMAE: 22.9318867841959
InvRMSE: 30.687565888524055
LogMAE: 35.69974900054932
LogSI: 44.72115613118205
Chamfer: 4.113176462082402
F-Score: 8.43112597593665
IoU: 4.6494881856963035
F-Score-20: 16.350106959819794
IoU-20: 9.558156710296869
