Ratio: 0.09520753470815538
AbsRel: 24.15713090925771
SqRel: 13.304788789572337
RMSE: 1.002054464242874
LogRMSE: 30.742703920475204
$\delta < 1.05$: 0.1429387999762079
$\delta < 1.1$: 0.272811320009763
$\delta < 1.25$: 0.5712530214415956
$\delta < 1.25^2$: 0.8458792189938816
$\delta < 1.25^3$: 0.9513164870979187
MAE: 0.7004435520607761
InvMAE: 178.37491081541103
InvRMSE: 1348.4247834791831
LogMAE: 24.62040391901582
LogSI: 30.35579344413538
