Ratio: 7.634993476240642
AbsRel: 32.60394836857414
SqRel: 31.322226091626952
RMSE: 1.2313583898343807
LogRMSE: 36.35774723542939
$\delta < 1.05$: 0.11820997980748917
$\delta < 1.1$: 0.2278173244359121
$\delta < 1.25$: 0.4919991854798516
$\delta < 1.25^2$: 0.7889948380394498
$\delta < 1.25^3$: 0.9212670710809199
MAE: 0.8528504104834813
InvMAE: 123.09100800260491
InvRMSE: 160.9303556436428
LogMAE: 28.873133606866958
LogSI: 34.83388055958937
