Ratio: 24.10506868077237
AbsRel: 72.45413386331221
SqRel: 1249.3902666785286
RMSE: 8.221356121390059
LogRMSE: 70.21882282101937
$\delta < 1.05$: 0.09770610135497722
$\delta < 1.1$: 0.18529369999238998
$\delta < 1.25$: 0.38767123367895295
$\delta < 1.25^2$: 0.6260562212551554
$\delta < 1.25^3$: 0.757345587651901
MAE: 4.309464355832652
InvMAE: 269.094239410316
InvRMSE: 361.00131560632485
LogMAE: 51.012871166393516
LogSI: 66.19090681222191
Chamfer: 2.5476060270510033
F-Score: 29.603517490582604
IoU: 20.822205309691043
F-Score-20: 44.2543187465394
IoU-20: 34.24851052264848
