Ratio: 0.07741531224845433
AbsRel: 40.9904050322811
SqRel: 67.580545579446
RMSE: 7.553376446443312
LogRMSE: 74.00028521911949
$\delta < 1.05$: 0.11469405423456706
$\delta < 1.1$: 0.20839410580690162
$\delta < 1.25$: 0.4147425832650703
$\delta < 1.25^2$: 0.6488070933641767
$\delta < 1.25^3$: 0.778175960625104
MAE: 3.9905207730580177
InvMAE: 4550.910233340965
InvRMSE: 24395.404520993514
LogMAE: 50.10231019389686
LogSI: 70.51804379644604
Chamfer: 2.742197717514046
F-Score: 29.54944086122955
IoU: 22.88847800405901
F-Score-20: 42.307368740218394
IoU-20: 33.68822535045053
