Ratio: 32.148107299804686
AbsRel: 29.56484121799469
SqRel: 30.622499043643476
RMSE: 8.557282630503178
LogRMSE: 37.301817481517794
$\delta < 1.05$: 0.14067312850250263
$\delta < 1.1$: 0.26720012524884124
$\delta < 1.25$: 0.5517890309746489
$\delta < 1.25^2$: 0.8133872547481189
$\delta < 1.25^3$: 0.9167663382635973
MAE: 5.005285325199366
InvMAE: 27.425605496168135
InvRMSE: 37.131068122386935
LogMAE: 27.74980535507202
LogSI: 36.09289246287689
Chamfer: 2.544926446377766
F-Score: 11.85638936817646
IoU: 6.454881183207035
F-Score-20: 23.631635605096818
IoU-20: 13.912340998053551
Ratio-Edges: 35.18470059871674
AbsRel-Edges: 35.4566505753994
SqRel-Edges: 41.14544073686004
RMSE-Edges: 9.748429601863027
LogRMSE-Edges: 42.89441621303558
$\delta < 1.05$-Edges: 0.1170845803565158
$\delta < 1.1$-Edges: 0.22318091499379722
$\delta < 1.25$-Edges: 0.47635215498517525
$\delta < 1.25^2$-Edges: 0.7505595656518969
$\delta < 1.25^3$-Edges: 0.8816585317492917
MAE-Edges: 6.359085411317647
InvMAE-Edges: 29.40838906943798
InvRMSE-Edges: 40.49345326840878
LogMAE-Edges: 32.52808930039406
LogSI-Edges: 41.63808546636083
Chamfer-Edges: 3.5105517547497938
F-Score-Edges: 7.143555676564574
IoU-Edges: 3.9604987506754696
F-Score-20-Edges: 15.419084475040435
IoU-20-Edges: 8.979663502499461
DirAcc-Edges: 69.64668238428068
Dir (-)-Edges: 4.449186495700141
Dir (+)-Edges: 25.904131120019183
EdgeAcc-Edges: 3.8090873271666728
EdgeComp-Edges: 32.438658281244386
