Ratio: 35.453601660574634
AbsRel: 32.48450028450258
SqRel: 48.15331935821041
RMSE: 9.525325238243227
LogRMSE: 38.181988984384844
$\delta < 1.05$: 0.14431837441624068
$\delta < 1.1$: 0.2739915887936109
$\delta < 1.25$: 0.5548714179385617
$\delta < 1.25^2$: 0.8075242959988088
$\delta < 1.25^3$: 0.9080822775636567
MAE: 5.6401492752182865
InvMAE: 30.105121029884586
InvRMSE: 44.06858926650017
LogMAE: 28.58277052725515
LogSI: 36.918009093370024
Chamfer: 2.6324414408254686
F-Score: 11.774632468415845
IoU: 6.439166966772849
F-Score-20: 23.902973040303877
IoU-20: 14.197729751063932
Ratio-Edges: 38.975362275316826
AbsRel-Edges: 41.13726555693383
SqRel-Edges: 79.00627551608615
RMSE-Edges: 11.561003388220968
LogRMSE-Edges: 44.96746823553946
$\delta < 1.05$-Edges: 0.12434639070417634
$\delta < 1.1$-Edges: 0.23044700092468345
$\delta < 1.25$-Edges: 0.47298745382934543
$\delta < 1.25^2$-Edges: 0.7366447343319971
$\delta < 1.25^3$-Edges: 0.8665930286101191
MAE-Edges: 7.529707096526826
InvMAE-Edges: 29.590347423350888
InvRMSE-Edges: 44.124365035692854
LogMAE-Edges: 34.01037672142577
LogSI-Edges: 43.43254642113901
Chamfer-Edges: 4.187828520582439
F-Score-Edges: 6.87980921270411
IoU-Edges: 4.078053744263898
F-Score-20-Edges: 13.852838650482154
IoU-20-Edges: 8.351361328830906
DirAcc-Edges: 64.89496762033235
Dir (-)-Edges: 3.2378738318227893
Dir (+)-Edges: 31.867158547844856
EdgeAcc-Edges: 4.0018775488871015
EdgeComp-Edges: 31.380257889964565
