Ratio: 0.03174068913240677
AbsRel: 26.890992618683846
SqRel: 26.850267106602267
RMSE: 10.002879204029037
LogRMSE: 50.544204771595616
$\delta < 1.05$: 0.16036295402042786
$\delta < 1.1$: 0.3048499579239236
$\delta < 1.25$: 0.5989764769095827
$\delta < 1.25^2$: 0.8189453999769447
$\delta < 1.25^3$: 0.9027800632547018
MAE: 5.6771958717127
InvMAE: 2917.5474630694234
InvRMSE: 19566.991900142548
LogMAE: 30.252889464593704
LogSI: 49.30727112069769
Chamfer: 2.615184855314563
F-Score: 13.478923105578268
IoU: 7.532981288433075
F-Score-20: 26.973631650863155
IoU-20: 16.54124851780553
Ratio-Edges: 0.02487821081154276
AbsRel-Edges: 32.08201744229186
SqRel-Edges: 29.59648221787674
RMSE-Edges: 11.07803364242214
LogRMSE-Edges: 49.77761092933954
$\delta < 1.05$-Edges: 0.12438150408986168
$\delta < 1.1$-Edges: 0.23795447866009395
$\delta < 1.25$-Edges: 0.48649213570596866
$\delta < 1.25^2$-Edges: 0.7433359014924408
$\delta < 1.25^3$-Edges: 0.872183268189698
MAE-Edges: 7.14823960893684
InvMAE-Edges: 1521.1859761086164
InvRMSE-Edges: 10077.514061116783
LogMAE-Edges: 34.23881667143379
LogSI-Edges: 48.438839786872954
Chamfer-Edges: 4.529716197213743
F-Score-Edges: 6.962115390900693
IoU-Edges: 4.014875046490064
F-Score-20-Edges: 14.466006203921012
IoU-20-Edges: 8.766618159978218
DirAcc-Edges: 68.55625523584567
Dir (-)-Edges: 5.032172529134312
Dir (+)-Edges: 26.41157223502002
EdgeAcc-Edges: 4.1306381290464245
EdgeComp-Edges: 34.52930942895889
