Ratio: 0.02880974365205251
AbsRel: 24.38308624148369
SqRel: 16.518993716686964
RMSE: 8.539365555308759
LogRMSE: 36.75301544427872
$\delta < 1.05$: 0.15952599592689265
$\delta < 1.1$: 0.30562226789671504
$\delta < 1.25$: 0.6103803869549543
$\delta < 1.25^2$: 0.8438309188455752
$\delta < 1.25^3$: 0.924262329465018
MAE: 4.847019443921745
InvMAE: 247.7837886017561
InvRMSE: 3772.883984873295
LogMAE: 25.607577478885652
LogSI: 36.14184105148168
Chamfer: 2.6516896726346983
F-Score: 12.572173417061567
IoU: 6.8687092724442484
F-Score-20: 24.92989261031151
IoU-20: 14.837305743396282
Ratio-Edges: 0.024240070281381674
AbsRel-Edges: 29.394200899600982
SqRel-Edges: 19.83939882583916
RMSE-Edges: 9.573213762380183
LogRMSE-Edges: 41.44690955400467
$\delta < 1.05$-Edges: 0.12643315268765395
$\delta < 1.1$-Edges: 0.24161725426824432
$\delta < 1.25$-Edges: 0.5068992761669652
$\delta < 1.25^2$-Edges: 0.775083138840431
$\delta < 1.25^3$-Edges: 0.8903561525124776
MAE-Edges: 6.111529246438295
InvMAE-Edges: 167.27882186591626
InvRMSE-Edges: 2136.069643577337
LogMAE-Edges: 30.872647438049317
LogSI-Edges: 40.564778879315874
Chamfer-Edges: 4.093653357048592
F-Score-Edges: 6.780839429609477
IoU-Edges: 3.73101124510169
F-Score-20-Edges: 14.641977179944515
IoU-20-Edges: 8.500147620737552
DirAcc-Edges: 73.67269888991673
Dir (-)-Edges: 6.322069757083633
Dir (+)-Edges: 20.005231352999623
EdgeAcc-Edges: 4.071203912965689
EdgeComp-Edges: 47.75063082899831
