Ratio: 7.428442317867279
AbsRel: 35.21723695068359
SqRel: 27.500358461761476
RMSE: 1.7183254923820495
LogRMSE: 46.17222437362671
$\delta < 1.05$: 0.11411630253218971
$\delta < 1.1$: 0.21857001614953328
$\delta < 1.25$: 0.4605248666015932
$\delta < 1.25^2$: 0.7320992619726623
$\delta < 1.25^3$: 0.8583539442901285
MAE: 1.0838735414266587
InvMAE: 137.99833764343262
InvRMSE: 174.54925998535157
LogMAE: 34.62993211593628
LogSI: 45.4341103498469
