Ratio: 0.060637374489165334
AbsRel: 25.376079277801512
SqRel: 14.441804695653916
RMSE: 1.5860539317846298
LogRMSE: 40.32678630752564
$\delta < 1.05$: 0.14669485646942518
$\delta < 1.1$: 0.28097289648685
$\delta < 1.25$: 0.5932781374313841
$\delta < 1.25^2$: 0.831288447890666
$\delta < 1.25^3$: 0.8927722938364107
MAE: 0.892143354588747
InvMAE: 138.08453481903075
InvRMSE: 657.6780769165039
LogMAE: 28.29625200767517
LogSI: 39.64719262813621
