Scale: 4.91592162168943
Shift: 0.0
AbsRel: 20.912247073833758
SqRel: 12.626034405965072
RMSE: 1.0571598647190974
LogRMSE: 26.95686730311467
$\delta_{.05}$: 20.699278090842693
$\delta_{.1}$: 37.63715353436508
$\delta_{.25}$: 67.80094335355892
$\delta_{.25^2}$: 88.64043541858409
$\delta_{.25^3}$: 95.81083756228495
MAE: 0.6990555819869041
InvMAE: 97.54191643201388
InvRMSE: 135.664901906527
LogMAE: 20.48727839103112
LogSI: 25.539146288085362
