Scale: 17.285438710798598
Shift: 0.0
AbsRel: 43.98476742949721
SqRel: 384.668350490353
RMSE: 7.405279585197902
LogRMSE: 43.15704177634064
$\delta_{.05}$: 17.585461350607154
$\delta_{.1}$: 32.48687757077459
$\delta_{.25}$: 60.12462553099493
$\delta_{.25^2}$: 81.0692855494383
$\delta_{.25^3}$: 89.59954908838768
MAE: 4.47669735283595
InvMAE: 38.18931005514256
InvRMSE: 92.62553925792199
LogMAE: 29.359057948193744
LogSI: 40.91186196840352
