Scale: 0.08036216680346471
Shift: 0.013545102357141766
AbsRel: 33.57139645349819
SqRel: 127.76186801205836
RMSE: 8.912574643444588
LogRMSE: 51.32021331252538
$\delta_{.05}$: 19.86203708266663
$\delta_{.1}$: 33.86414448310385
$\delta_{.25}$: 56.73910480358222
$\delta_{.25^2}$: 77.03209367257294
$\delta_{.25^3}$: 86.49258209934135
MAE: 5.186549472568281
InvMAE: 2109.4970127723677
InvRMSE: 11837.013352781667
LogMAE: 33.643459396511986
LogSI: 48.45555522035535
