Scale: 0.21958504794577918
Shift: 0.12619099209974824
AbsRel: 14.914732949183538
SqRel: 10.455754151527698
RMSE: 1.0151120468974113
LogRMSE: 25.025539776728703
$\delta_{.05}$: 28.028839913384605
$\delta_{.1}$: 49.45206355838102
$\delta_{.25}$: 80.24682839800163
$\delta_{.25^2}$: 94.5797745997881
$\delta_{.25^3}$: 98.11326995115941
MAE: 0.516501655624463
InvMAE: 1347.3291838733967
InvRMSE: 7452.312554224454
LogMAE: 15.867733501287606
LogSI: 24.706307624965056
