Scale: 0.3322261504922297
Shift: -0.0047589223479580604
AbsRel: 11.614278231192072
SqRel: 5.552946797842644
RMSE: 0.5288094278333839
LogRMSE: 15.874882724307
$\delta_{.05}$: 33.4242360993618
$\delta_{.1}$: 57.291013151629116
$\delta_{.25}$: 87.29286159840986
$\delta_{.25^2}$: 97.82457065501544
$\delta_{.25^3}$: 99.45309594739972
MAE: 0.2978323798011476
InvMAE: 262.993443317005
InvRMSE: 1469.1051666335593
LogMAE: 11.527845719538698
LogSI: 15.806192211881092
