Scale: 3.351033405244168
Shift: 0.0
AbsRel: 13.126784302772732
SqRel: 4.185580095133832
RMSE: 0.4217518033624971
LogRMSE: 16.5445329078476
$\delta_{.05}$: 31.203817850104798
$\delta_{.1}$: 53.92640047234495
$\delta_{.25}$: 83.90741627056371
$\delta_{.25^2}$: 96.94059300896213
$\delta_{.25^3}$: 99.33168426627684
MAE: 0.2948920976381965
InvMAE: 65.68265862129515
InvRMSE: 92.35675823141675
LogMAE: 12.517146908544255
LogSI: 15.59823934745849
