Scale: 0.31189160630342916
Shift: -0.001489114594722934
AbsRel: 15.281680850219727
SqRel: 14.946741097152232
RMSE: 1.151609165328741
LogRMSE: 24.10585683441162
$\delta_{.05}$: 26.393291939768154
$\delta_{.1}$: 48.39121998807177
$\delta_{.25}$: 80.96127277755544
$\delta_{.25^2}$: 92.5702760136672
$\delta_{.25^3}$: 96.54987678988483
MAE: 0.5677758527159691
InvMAE: 138.25209956054687
InvRMSE: 1430.9288968315125
LogMAE: 15.926742534732819
LogSI: 23.90236725473872
