Scale: 3.3755287063121795
Shift: 0.0
AbsRel: 16.804003170394896
SqRel: 7.191194675922394
RMSE: 1.1133532145619391
LogRMSE: 25.888091988372803
$\delta_{.05}$: 25.01258751959165
$\delta_{.1}$: 45.177842154700144
$\delta_{.25}$: 76.61106822170075
$\delta_{.25^2}$: 90.54367361037447
$\delta_{.25^3}$: 95.45699607995265
MAE: 0.608061896121502
InvMAE: 69.37019963302612
InvRMSE: 92.08678828201293
LogMAE: 17.792877914047242
LogSI: 24.74774481112358
