Scale: 22.824918695629446
Shift: 0.0
AbsRel: 44.29660835287496
SqRel: 355.50208964756786
RMSE: 7.648979839589029
LogRMSE: 43.733191196159396
$\delta_{.05}$: 17.648261084331327
$\delta_{.1}$: 32.72715741997766
$\delta_{.25}$: 60.147350643323364
$\delta_{.25^2}$: 80.72295854633147
$\delta_{.25^3}$: 89.10506795359086
MAE: 4.616106606652384
InvMAE: 37.2253385504265
InvRMSE: 91.97475479429613
LogMAE: 29.653034618617173
LogSI: 41.45595106357736
