Scale: 6.486093369447268
Shift: 0.0
AbsRel: 19.279088098085843
SqRel: 9.502229172083048
RMSE: 1.0537461738403027
LogRMSE: 25.522726452167216
$\delta_{.05}$: 21.473976990757016
$\delta_{.1}$: 39.46152947710204
$\delta_{.25}$: 71.67595972692332
$\delta_{.25^2}$: 90.6096504968599
$\delta_{.25^3}$: 96.2474308245732
MAE: 0.6747438152936789
InvMAE: 90.13691178688636
InvRMSE: 127.26861637995793
LogMAE: 19.136644300314096
LogSI: 24.253946221304343
