Scale: 0.06304192027702883
Shift: 0.011928481245380712
AbsRel: 33.81761935901214
SqRel: 115.75123982612595
RMSE: 8.967899351643874
LogRMSE: 52.553112007577326
$\delta_{.05}$: 19.42668801832054
$\delta_{.1}$: 33.36194465872564
$\delta_{.25}$: 56.30829419912732
$\delta_{.25^2}$: 76.86060503553105
$\delta_{.25^3}$: 86.51390832600889
MAE: 5.242039344904134
InvMAE: 2540.6483555203595
InvRMSE: 12907.450068404856
LogMAE: 34.209978615756526
LogSI: 49.589706996765344
