Scale: 0.1983937366540351
Shift: 0.07983290176859091
AbsRel: 15.25213442508991
SqRel: 11.507390400904876
RMSE: 1.053606314452795
LogRMSE: 26.035511424724874
$\delta_{.05}$: 27.447860451988223
$\delta_{.1}$: 48.580931834438715
$\delta_{.25}$: 79.99977549078413
$\delta_{.25^2}$: 94.5272938674943
$\delta_{.25^3}$: 97.81539360294332
MAE: 0.547044835296961
InvMAE: 1580.4083222565284
InvRMSE: 8018.167496770712
LogMAE: 16.389215197196375
LogSI: 25.68236841207706
