Scale: 4.330884445333335
Shift: 0.0
AbsRel: 13.646137722406182
SqRel: 4.525263325701431
RMSE: 0.43486590075110076
LogRMSE: 17.222799907036876
$\delta_{.05}$: 31.203938975489567
$\delta_{.1}$: 53.42496340224028
$\delta_{.25}$: 82.44859498315907
$\delta_{.25^2}$: 96.37809039260793
$\delta_{.25^3}$: 99.17114633302715
MAE: 0.30390659302746487
InvMAE: 68.10501139171262
InvRMSE: 95.97168249894355
LogMAE: 12.97950020769685
LogSI: 16.348688627469095
