Scale: 0.27765789371581856
Shift: -0.04190585987264467
AbsRel: 12.152497752361706
SqRel: 5.809258870894391
RMSE: 0.5780326886279138
LogRMSE: 16.65286601063673
$\delta_{.05}$: 32.37989211435389
$\delta_{.1}$: 56.02130437687863
$\delta_{.25}$: 86.05156957301705
$\delta_{.25^2}$: 97.47840531677306
$\delta_{.25^3}$: 99.34776274348704
MAE: 0.3135899375748197
InvMAE: 231.7661149115373
InvRMSE: 1640.4633565021948
LogMAE: 11.987417262628538
LogSI: 16.591074254918677
