Scale: 0.24269017323897218
Shift: -0.004079615152147529
AbsRel: 15.362685246086121
SqRel: 9.751918547648192
RMSE: 1.1157435620993377
LogRMSE: 24.210062395858763
$\delta_{.05}$: 26.124081942026848
$\delta_{.1}$: 47.82305358124201
$\delta_{.25}$: 79.68607475251041
$\delta_{.25^2}$: 92.53102798028395
$\delta_{.25^3}$: 96.81657368868035
MAE: 0.574124297259748
InvMAE: 189.4949211566925
InvRMSE: 1450.7916743324279
LogMAE: 16.215989145088194
LogSI: 23.990757880643752
