Scale: 4.388620522212983
Shift: 0.0
AbsRel: 17.161950604629517
SqRel: 6.887100981855393
RMSE: 1.110574330663681
LogRMSE: 26.006801332092284
$\delta_{.05}$: 23.88196964339203
$\delta_{.1}$: 43.69817735640473
$\delta_{.25}$: 75.51960593163155
$\delta_{.25^2}$: 90.20781521476786
$\delta_{.25^3}$: 95.62010328248797
MAE: 0.6211805739581585
InvMAE: 71.25022169876098
InvRMSE: 93.51779901733399
LogMAE: 18.215226476287842
LogSI: 24.899688985956338
