Scale: 21.51621811699974
Shift: 0.0
AbsRel: 44.53928714482774
SqRel: 369.6644984497751
RMSE: 7.664697677565263
LogRMSE: 43.78767882120449
$\delta_{.05}$: 19.029708695976716
$\delta_{.1}$: 33.999709171478294
$\delta_{.25}$: 60.65205222651568
$\delta_{.25^2}$: 80.73905023357506
$\delta_{.25^3}$: 88.92998653927822
MAE: 4.595908724540018
InvMAE: 37.11517480884432
InvRMSE: 91.90450903813401
LogMAE: 29.541920154084004
LogSI: 41.46870205034858
