Scale: 0.0680686553515283
Shift: 0.011569251335416267
AbsRel: 33.857359617814886
SqRel: 123.44747719830194
RMSE: 8.966460884486079
LogRMSE: 50.53675862705761
$\delta_{.05}$: 19.821155921429714
$\delta_{.1}$: 33.67456003499902
$\delta_{.25}$: 56.59190682223021
$\delta_{.25^2}$: 76.88054035166194
$\delta_{.25^3}$: 86.499278245341
MAE: 5.234306860264106
InvMAE: 1854.8688592699611
InvRMSE: 10678.152537423399
LogMAE: 33.53483749718944
LogSI: 47.71934835128667
