Scale: 0.2297244767132226
Shift: 0.040887640777137836
AbsRel: 14.937406996947068
SqRel: 12.981857920334889
RMSE: 1.0687858703732491
LogRMSE: 25.68798466022198
$\delta_{.05}$: 27.947689519560146
$\delta_{.1}$: 49.247313033800005
$\delta_{.25}$: 81.0431631206656
$\delta_{.25^2}$: 94.83785142950454
$\delta_{.25^3}$: 98.0559402540906
MAE: 0.540131948865377
InvMAE: 1470.943384789687
InvRMSE: 8193.19553201382
LogMAE: 15.9202990429218
LogSI: 25.371330937770942
