Scale: 6.126966700370495
Shift: 0.0
AbsRel: 18.38090791995709
SqRel: 8.88335204051091
RMSE: 1.0423607626328102
LogRMSE: 24.792807765373816
$\delta_{.05}$: 23.19174869852004
$\delta_{.1}$: 42.4162341538911
$\delta_{.25}$: 73.36558143097379
$\delta_{.25^2}$: 91.33501371122733
$\delta_{.25^3}$: 96.45526801686756
MAE: 0.6566433128485313
InvMAE: 86.39420208124014
InvRMSE: 123.83480129241943
LogMAE: 18.35375143638024
LogSI: 23.447510083854016
