Scale: 3.9305439514851352
Shift: 0.0
AbsRel: 13.080128930395167
SqRel: 4.035631293869529
RMSE: 0.4182013796146857
LogRMSE: 16.65734605832931
$\delta_{.05}$: 31.908511574383894
$\delta_{.1}$: 54.14729279901697
$\delta_{.25}$: 83.74325283432024
$\delta_{.25^2}$: 96.76283508351256
$\delta_{.25^3}$: 99.29435837782353
MAE: 0.2943139649722554
InvMAE: 65.72072120689836
InvRMSE: 92.69504227186196
LogMAE: 12.550946954922575
LogSI: 15.751392020139523
