Scale: 0.28661998426299845
Shift: -0.01136950131182895
AbsRel: 11.440067937979276
SqRel: 4.333049899075374
RMSE: 0.5035385361527995
LogRMSE: 15.542692760444197
$\delta_{.05}$: 34.24824383332773
$\delta_{.1}$: 57.942350226305344
$\delta_{.25}$: 87.40339310008511
$\delta_{.25^2}$: 97.71061093790486
$\delta_{.25^3}$: 99.42441217162563
MAE: 0.29206915833169894
InvMAE: 166.48509949208764
InvRMSE: 923.953375835302
LogMAE: 11.359150797219815
LogSI: 15.482039270785837
