Scale: 4.043349518728256
Shift: 0.0
AbsRel: 17.20797877998352
SqRel: 7.015199706459045
RMSE: 1.1453349178433418
LogRMSE: 26.827089223861694
$\delta_{.05}$: 23.28382854802108
$\delta_{.1}$: 43.32937447592182
$\delta_{.25}$: 76.25610594321549
$\delta_{.25^2}$: 90.01288104137487
$\delta_{.25^3}$: 94.4126166216986
MAE: 0.6322313358724118
InvMAE: 71.86953212127686
InvRMSE: 94.86464536132813
LogMAE: 18.499418126678467
LogSI: 25.728132528717463
