Scale: 0.261819660374155
Shift: -0.003300961001869202
AbsRel: 15.849024351215363
SqRel: 13.011384430283307
RMSE: 1.1759558886051178
LogRMSE: 25.134824897575378
$\delta_{.05}$: 25.778063009822333
$\delta_{.1}$: 46.80356069856808
$\delta_{.25}$: 79.7913729886076
$\delta_{.25^2}$: 91.68726060275235
$\delta_{.25^3}$: 95.76297293813235
MAE: 0.5992044185340405
InvMAE: 128.39588825798035
InvRMSE: 1145.7728439277648
LogMAE: 16.748301281356813
LogSI: 24.908362968519004
