Scale: 0.3062331440491141
Shift: 0.0022180121765109193
AbsRel: 36.98246471015862
SqRel: 104.3761009434948
RMSE: 9.703776063539522
LogRMSE: 56.594999920626925
$\delta_{.05}$: 16.133978371104146
$\delta_{.1}$: 28.45447732899292
$\delta_{.25}$: 51.32284266521524
$\delta_{.25^2}$: 72.39071087547605
$\delta_{.25^3}$: 83.47710081763258
MAE: 5.823621361111312
InvMAE: 1765.0333185949667
InvRMSE: 11381.612104042762
LogMAE: 37.93562060193631
LogSI: 53.289657971812176
