Scale: 0.729207258188341
Shift: 0.12056620017619707
AbsRel: 16.451331344017614
SqRel: 13.827227510030452
RMSE: 1.175879382445262
LogRMSE: 27.038752759786753
$\delta_{.05}$: 24.255653490568932
$\delta_{.1}$: 44.040274145786
$\delta_{.25}$: 77.70684446531703
$\delta_{.25^2}$: 93.84537254986203
$\delta_{.25^3}$: 97.75451256498387
MAE: 0.5991705938027455
InvMAE: 1583.6086078159626
InvRMSE: 8323.974166620696
LogMAE: 17.42461421746474
LogSI: 26.661722526599558
