Scale: 1.219537999450973
Shift: -0.03352663184014937
AbsRel: 13.110920696083559
SqRel: 6.008805665583421
RMSE: 0.6046116037311358
LogRMSE: 18.4859693502432
$\delta_{.05}$: 29.12178443531832
$\delta_{.1}$: 51.58991107029309
$\delta_{.25}$: 83.46165007900403
$\delta_{.25^2}$: 97.07670398961875
$\delta_{.25^3}$: 99.29388764053274
MAE: 0.3374577625583436
InvMAE: 398.36143014627856
InvRMSE: 2688.100813708174
LogMAE: 13.177076381280882
LogSI: 18.39468669257549
