Scale: 1.0048741932979424
Shift: 0.0384710900835635
AbsRel: 16.763506651592255
SqRel: 8.64668797029853
RMSE: 1.2418915668010713
LogRMSE: 27.117178398513794
$\delta_{.05}$: 25.9058968599957
$\delta_{.1}$: 46.820686794170705
$\delta_{.25}$: 77.9265857444597
$\delta_{.25^2}$: 89.6458173143129
$\delta_{.25^3}$: 93.75534752087162
MAE: 0.650993997952342
InvMAE: 125.18961191558837
InvRMSE: 804.0312091888428
LogMAE: 18.099562371253967
LogSI: 26.828947110630065
