MAE: 1.2887023816364152
RMSE: 3.0707923631157192
InvMAE: 4.954927369356155
InvRMSE: 7.633429215294974
LogMAE: 6.3247830588477
LogRMSE: 10.220133704117366
LogSI: 9.155921798045737
AbsRel: 6.733833113738469
SqRel: 2.1809564706896034
ChamferDist: 0.5020017611767564
F-Score: 53.44971700211721
IoU: 38.066775785822955
F-Score-20: 72.04500393505607
IoU-20: 57.984098760890106
