MAE: 1.8471699826007972
RMSE: 3.9928476208923787
InvMAE: 6.728265224424608
InvRMSE: 10.017427685801968
LogMAE: 8.893094077432082
LogRMSE: 13.682269374285738
LogSI: 12.535432702381756
AbsRel: 9.14787087557506
SqRel: 2.755793446503534
ChamferDist: 0.7115585008190454
F-Score: 47.08005965213103
IoU: 31.897560140655084
F-Score-20: 64.79030417591517
IoU-20: 49.19009917334545
