AbsRel: 0.11011312929766422
SqRel: 0.8588535400532411
RMSE: 4.824595981554117
LogRMSE: 0.19721397094246818
$\delta < 1.25$: 0.8688616440801975
$\delta < 1.25^2$: 0.9558816025830845
$\delta < 1.25^3$: 0.9793389280651159
ChamferDist: 0.8568046349535029
F-Score: 24.881272415177552
IoU: 14.384930932282375
F-Score-20: 51.49427849593087
IoU-20: 35.09561433956305
