MAE: 1.140759886865105
RMSE: 2.8220557592596327
InvMAE: 4.324842558077403
InvRMSE: 6.722516539267131
LogMAE: 5.524036705834525
LogRMSE: 9.052496489797319
LogSI: 8.199972165036112
AbsRel: 5.833966437407902
SqRel: 1.6377657230198384
ChamferDist: 0.47139703011938505
F-Score: 55.91372949500701
IoU: 40.29970132716532
F-Score-20: 74.0245296892098
IoU-20: 60.18867315726621
