MAE: 1.660062810028989
RMSE: 3.755718178727144
InvMAE: 6.03154916156289
InvRMSE: 9.023652516259737
LogMAE: 7.8976764733805975
LogRMSE: 12.3741203787868
LogSI: 11.397193333388257
AbsRel: 8.096865876686353
SqRel: 2.2719917519737973
ChamferDist: 0.6665657424579369
F-Score: 49.36851979892678
IoU: 33.93694815917249
F-Score-20: 66.81981311253975
IoU-20: 51.426156537115936
