AbsRel: 0.10240545011041326
SqRel: 0.7775741596752979
RMSE: 4.573150063005718
LogRMSE: 0.18944523966145652
$\delta < 1.25$: 0.8852878835959542
$\delta < 1.25^2$: 0.9604548853964536
$\delta < 1.25^3$: 0.980703017826341
ChamferDist: 0.8208902126319781
F-Score: 25.879129720384114
IoU: 15.048382054528
F-Score-20: 53.053944837756276
IoU-20: 36.517270520906706
