Ratio: 0.21744175526777934
AbsRel: 28.98731925487518
SqRel: 27.146448684692384
RMSE: 37.77306123590469
LogRMSE: 219.01171656799318
$\delta < 1.05$: 0.14160348150462748
$\delta < 1.1$: 0.2736311898570964
$\delta < 1.25$: 0.5990820624310511
$\delta < 1.25^2$: 0.8380063887680587
$\delta < 1.25^3$: 0.8935144383134396
MAE: 15.908868468523025
InvMAE: 41439.29254495668
InvRMSE: 182192.68471496296
LogMAE: 71.66516903591156
LogSI: 212.57941025455509
Chamfer: 3.4819427499412843
F-Score: 6.419136900186539
IoU: 3.3407421855926516
F-Score-20: 18.979405698776244
IoU-20: 10.585584634780885
