Ratio: 7.479105360984803
AbsRel: 28.68453907775879
SqRel: 20.427842453479766
RMSE: 17.735158456802367
LogRMSE: 35.651164489746094
$\delta < 1.05$: 0.12188643909233784
$\delta < 1.1$: 0.23417483076766188
$\delta < 1.25$: 0.5122094304419645
$\delta < 1.25^2$: 0.7955649883436833
$\delta < 1.25^3$: 0.9432779963543253
MAE: 9.274882139205932
InvMAE: 15.684172662734985
InvRMSE: 24.096853569984436
LogMAE: 27.534506437301637
LogSI: 35.03371336201335
Chamfer: 3.0775909559146304
F-Score: 3.817124040186405
IoU: 1.9548829619884491
F-Score-20: 12.18443646121025
IoU-20: 6.540612467169762
