Ratio: 3.0703280962430513
AbsRel: 32.17347765115591
SqRel: 22.89245993540837
RMSE: 1.5521644563399828
LogRMSE: 39.978429882343
$\delta < 1.05$: 0.11355709767569215
$\delta < 1.1$: 0.21767679115382918
$\delta < 1.25$: 0.4736849649243887
$\delta < 1.25^2$: 0.766549708733473
$\delta < 1.25^3$: 0.9024793118414611
MAE: 1.115732800089396
InvMAE: 146.70433893057017
InvRMSE: 193.35335787846492
LogMAE: 31.490775026174692
LogSI: 38.6187991235935
