Ratio: 0.1249444288133116
AbsRel: 39.72450855922271
SqRel: 99.34936550700611
RMSE: 9.669857776753036
LogRMSE: 56.11115036951587
$\delta < 1.05$: 0.10848421207266211
$\delta < 1.1$: 0.2093425601259309
$\delta < 1.25$: 0.43951840371542394
$\delta < 1.25^2$: 0.6881679295137462
$\delta < 1.25^3$: 0.8114235748588587
MAE: 6.071077779536824
InvMAE: 661.8375567812556
InvRMSE: 5584.97779834217
LogMAE: 41.035489385972646
LogSI: 52.8414882426885
