Ratio: 0.10579077090080456
AbsRel: 19.07011879187364
SqRel: 12.676628078497373
RMSE: 1.1034731113222929
LogRMSE: 26.805144095787636
$\delta < 1.05$: 0.21442476202848967
$\delta < 1.1$: 0.3878011458456503
$\delta < 1.25$: 0.7125268170307549
$\delta < 1.25^2$: 0.9031647546899474
$\delta < 1.25^3$: 0.9605478621414149
MAE: 0.7041287953807758
InvMAE: 224.42832217143132
InvRMSE: 1260.334867040194
LogMAE: 19.88965245980483
LogSI: 26.429841501156716
