Ratio: 9.449403072151902
AbsRel: 57.792953724283805
SqRel: 451.5357828423581
RMSE: 9.683853848766319
LogRMSE: 55.99593671661856
$\delta < 1.05$: 0.10454623492907164
$\delta < 1.1$: 0.1999407515755052
$\delta < 1.25$: 0.42455494067459226
$\delta < 1.25^2$: 0.6814373842657826
$\delta < 1.25^3$: 0.8170934169472994
MAE: 6.26913185263963
InvMAE: 48.3036385673044
InvRMSE: 100.84020069682545
LogMAE: 41.036191153419395
LogSI: 53.26067192461292
