Ratio: 5.399999999999999
AbsRel: 5.155501963751656
SqRel: 1.4714961144487773
RMSE: 2.486961937312569
LogRMSE: 8.203927725042616
$\delta < 1.05$: 0.6900487234640758
$\delta < 1.1$: 0.8942745269094059
$\delta < 1.25$: 0.9744764118155999
$\delta < 1.25^2$: 0.9944883548195386
$\delta < 1.25^3$: 0.9979979337389682
MAE: 0.9973822157723563
InvMAE: 3.873466602904456
InvRMSE: 6.137229602507182
LogMAE: 4.916829162836075
LogSI: 7.445750234321659
Chamfer: 0.4130169653883222
F-Score: 58.80379574739507
IoU: 43.043209615552
F-Score-20: 77.0584824861799
IoU-20: 63.96243067043168
