Ratio: 5.399999999999999
AbsRel: 7.763154264973717
SqRel: 1.9079685842652627
RMSE: 3.583548849802807
LogRMSE: 11.885367305000868
$\delta < 1.05$: 0.5333420727732081
$\delta < 1.1$: 0.7549443739618334
$\delta < 1.25$: 0.9322120768997473
$\delta < 1.25^2$: 0.9874935242883094
$\delta < 1.25^3$: 0.9966295662066671
MAE: 1.595882839129015
InvMAE: 5.839045716392482
InvRMSE: 8.681849253323913
LogMAE: 7.648898210993574
LogSI: 10.93033825697157
Chamfer: 0.6540874983563488
F-Score: 49.82259480627768
IoU: 34.38606164590713
F-Score-20: 67.33976398655243
IoU-20: 52.086378397385765
