Ratio: 0.0475892543654343
AbsRel: 26.800479704856873
SqRel: 14.856136524900794
RMSE: 11.680203975975514
LogRMSE: 39.02686612558365
$\delta < 1.05$: 0.14806516635919204
$\delta < 1.1$: 0.2728925216140354
$\delta < 1.25$: 0.5409462859777989
$\delta < 1.25^2$: 0.7979963177137998
$\delta < 1.25^3$: 0.9043084431021096
MAE: 7.696878032416105
InvMAE: 375.5047336334586
InvRMSE: 2641.9864122633935
LogMAE: 29.012580350160597
LogSI: 38.13840480220931
Chamfer: 5.67626553799771
F-Score: 7.542752991713583
IoU: 4.135206441342831
F-Score-20: 14.547284314185381
IoU-20: 8.443925143152475
