Ratio: 25.120959298849105
AbsRel: 34.75915769577026
SqRel: 30.017123388051985
RMSE: 12.839367261469365
LogRMSE: 42.958198436737064
$\delta < 1.05$: 0.11287823168108109
$\delta < 1.1$: 0.21571988595488098
$\delta < 1.25$: 0.46283895058159774
$\delta < 1.25^2$: 0.7385261245948405
$\delta < 1.25^3$: 0.8729551959598186
MAE: 8.900673972189427
InvMAE: 22.030348553180694
InvRMSE: 29.55994318652153
LogMAE: 33.329626510620116
LogSI: 40.87617016547061
Chamfer: 4.534413931770887
F-Score: 7.583518891140819
IoU: 4.146470843836665
F-Score-20: 14.989102497458457
IoU-20: 8.667441436260939
