Ratio: 1.978273167613814
AbsRel: 27.742931361592145
SqRel: 15.10093117471135
RMSE: 0.9507499688079962
LogRMSE: 33.21816735019742
$\delta < 1.05$: 0.12197984030585143
$\delta < 1.1$: 0.2359698904435789
$\delta < 1.25$: 0.5175383596174395
$\delta < 1.25^2$: 0.8229755315788719
$\delta < 1.25^3$: 0.9400215577358134
MAE: 0.7300218404797604
InvMAE: 120.61803566352307
InvRMSE: 159.9305171149951
LogMAE: 26.732593327851834
LogSI: 31.969324588195505
