Ratio: 0.35862820464352535
AbsRel: 22.824428310452618
SqRel: 10.114278270017117
RMSE: 0.8920574152460521
LogRMSE: 28.806816444484465
$\delta < 1.05$: 0.14618297193969115
$\delta < 1.1$: 0.2780956700960093
$\delta < 1.25$: 0.5834838413764954
$\delta < 1.25^2$: 0.8682490393430922
$\delta < 1.25^3$: 0.9617229049629069
MAE: 0.658730935692696
InvMAE: 145.3258167756807
InvRMSE: 612.4693007250445
LogMAE: 23.357658084379423
LogSI: 28.423551493504092
