Ratio: 7.97966926702472
AbsRel: 53.7188331716939
SqRel: 127.5101525490043
RMSE: 7.184668937838819
LogRMSE: 65.46326580549541
$\delta < 1.05$: 0.0958672674306478
$\delta < 1.1$: 0.18340340015261514
$\delta < 1.25$: 0.3959990110443836
$\delta < 1.25^2$: 0.6359982215208845
$\delta < 1.25^3$: 0.7610450128349054
MAE: 4.052303901521498
InvMAE: 260.8152683189041
InvRMSE: 362.5675390133447
LogMAE: 48.82115913931833
LogSI: 60.76386064177088
Chamfer: 3.1343632427353807
F-Score: 30.036571135895958
IoU: 21.156334641582944
F-Score-20: 44.05576523120323
IoU-20: 33.8420803749818
