Ratio: 0.3585262846402752
AbsRel: 39.347398354904506
SqRel: 53.1573059383548
RMSE: 7.147597238211112
LogRMSE: 63.898735010566895
$\delta < 1.05$: 0.12166985258503593
$\delta < 1.1$: 0.22094740503828972
$\delta < 1.25$: 0.43121832140486505
$\delta < 1.25^2$: 0.6713551415532628
$\delta < 1.25^3$: 0.7950858029608455
MAE: 3.8039068948103196
InvMAE: 2421.6976439553014
InvRMSE: 11045.188824531193
LogMAE: 46.161625980988646
LogSI: 60.920011898614376
Chamfer: 2.8941169778027325
F-Score: 29.563068944308462
IoU: 22.251657711842842
F-Score-20: 43.520252951166846
IoU-20: 34.25504969950569
