Ratio: 6.965607251524926
AbsRel: 26.98730242729187
SqRel: 22.548695200681685
RMSE: 7.919253410920501
LogRMSE: 35.21282335281372
$\delta < 1.05$: 0.15279451073429876
$\delta < 1.1$: 0.2917323816412391
$\delta < 1.25$: 0.5890634470173659
$\delta < 1.25^2$: 0.8313972425355264
$\delta < 1.25^3$: 0.9237237159108586
MAE: 4.643652456402779
InvMAE: 26.780154133439066
InvRMSE: 36.32059793114662
LogMAE: 26.106243999004363
LogSI: 34.18629124580902
Chamfer: 2.5806812361064
F-Score: 12.036039430648088
IoU: 6.564735121279955
F-Score-20: 24.284559621214868
IoU-20: 14.474009053111077
Ratio-Edges: 7.622152955383062
AbsRel-Edges: 33.39285512268543
SqRel-Edges: 31.701437982991337
RMSE-Edges: 9.399321030788123
LogRMSE-Edges: 41.87943720698357
$\delta < 1.05$-Edges: 0.12341810050834946
$\delta < 1.1$-Edges: 0.23506075726399558
$\delta < 1.25$-Edges: 0.4920844743332381
$\delta < 1.25^2$-Edges: 0.7630501852868253
$\delta < 1.25^3$-Edges: 0.883505898228161
MAE-Edges: 6.132641692012548
InvMAE-Edges: 30.21049581646919
InvRMSE-Edges: 41.915444821715354
LogMAE-Edges: 31.795210544466972
LogSI-Edges: 40.55081748459867
Chamfer-Edges: 3.613617334966782
F-Score-Edges: 6.751522807180882
IoU-Edges: 3.722655086629093
F-Score-20-Edges: 14.724538828730584
IoU-20-Edges: 8.55949994623661
DirAcc-Edges: 69.6769361145373
Dir (-)-Edges: 4.185910037002775
Dir (+)-Edges: 26.13715384845993
EdgeAcc-Edges: 3.859706459946789
EdgeComp-Edges: 42.18317170827503
