Ratio: 0.15031033972977356
AbsRel: 25.46640363108727
SqRel: 22.14378193953345
RMSE: 9.682719796396071
LogRMSE: 46.73194333968624
$\delta < 1.05$: 0.16891276220866208
$\delta < 1.1$: 0.32291885925388153
$\delta < 1.25$: 0.6241209852928051
$\delta < 1.25^2$: 0.8303839578189386
$\delta < 1.25^3$: 0.9098552306648414
MAE: 5.421772413224943
InvMAE: 2052.8231514589247
InvRMSE: 15757.333448574927
LogMAE: 28.188631466896304
LogSI: 45.677208405504345
Chamfer: 2.677926918635458
F-Score: 13.605808746161
IoU: 7.579756691859615
F-Score-20: 27.729866868603615
IoU-20: 17.12556302232127
Ratio-Edges: 0.13449393698216214
AbsRel-Edges: 30.887040993746588
SqRel-Edges: 24.765261845144572
RMSE-Edges: 10.82831404738956
LogRMSE-Edges: 46.143262643751754
$\delta < 1.05$-Edges: 0.12959258379762625
$\delta < 1.1$-Edges: 0.24654386477237555
$\delta < 1.25$-Edges: 0.5017023980956319
$\delta < 1.25^2$-Edges: 0.7534804655970353
$\delta < 1.25^3$-Edges: 0.8771530845579176
MAE-Edges: 6.948965705780227
InvMAE-Edges: 726.5559339471113
InvRMSE-Edges: 6805.834813604168
LogMAE-Edges: 32.6407738124623
LogSI-Edges: 44.94777628147032
Chamfer-Edges: 4.733677350887542
F-Score-Edges: 6.810770893184578
IoU-Edges: 3.993394742886615
F-Score-20-Edges: 14.056537118865773
IoU-20-Edges: 8.59080622863341
DirAcc-Edges: 68.21907041388066
Dir (-)-Edges: 4.6592627526222055
Dir (+)-Edges: 27.12166683349714
EdgeAcc-Edges: 4.186458139710755
EdgeComp-Edges: 41.855868311093396
