Ratio: 0.12226993865248724
AbsRel: 23.029505202770235
SqRel: 14.096502205133438
RMSE: 8.043209319375455
LogRMSE: 34.98901724457741
$\delta < 1.05$: 0.1725044246218773
$\delta < 1.1$: 0.32763207739173383
$\delta < 1.25$: 0.640086049466639
$\delta < 1.25^2$: 0.8558575906352889
$\delta < 1.25^3$: 0.9277556046042901
MAE: 4.534789885766804
InvMAE: 202.7957254511118
InvRMSE: 2756.006147646308
LogMAE: 24.285189789533614
LogSI: 34.39347974486294
Chamfer: 2.737710707601748
F-Score: 12.760299807265401
IoU: 6.999364047329873
F-Score-20: 25.46469574600458
IoU-20: 15.341338620558382
Ratio-Edges: 0.10723145181949441
AbsRel-Edges: 28.664405847787858
SqRel-Edges: 18.098108980208636
RMSE-Edges: 9.37502464234829
LogRMSE-Edges: 39.79486742854118
$\delta < 1.05$-Edges: 0.1340214381923419
$\delta < 1.1$-Edges: 0.2501616353059435
$\delta < 1.25$-Edges: 0.5184601325468973
$\delta < 1.25^2$-Edges: 0.7809104073926961
$\delta < 1.25^3$-Edges: 0.8922231981618961
MAE-Edges: 5.964440603163093
InvMAE-Edges: 56.96317777514458
InvRMSE-Edges: 726.7708650141955
LogMAE-Edges: 30.139959659576416
LogSI-Edges: 38.9144286435552
Chamfer-Edges: 4.216022668451201
F-Score-Edges: 6.676011807322502
IoU-Edges: 3.766621921285987
F-Score-20-Edges: 14.108686253279448
IoU-20-Edges: 8.308933130353688
DirAcc-Edges: 72.58662835765922
Dir (-)-Edges: 5.870133214273478
Dir (+)-Edges: 21.543238428067287
EdgeAcc-Edges: 4.176532020928506
EdgeComp-Edges: 51.80492396954716
