Ratio: 7.245305962408743
AbsRel: 29.96598190123035
SqRel: 36.43199382735837
RMSE: 9.241251430299974
LogRMSE: 36.630998311196606
$\delta < 1.05$: 0.1561357503673379
$\delta < 1.1$: 0.29529526539291717
$\delta < 1.25$: 0.586226231376174
$\delta < 1.25^2$: 0.8225576286525784
$\delta < 1.25^3$: 0.9148586136207418
MAE: 5.3840763221825325
InvMAE: 29.066874781885456
InvRMSE: 42.7664466931743
LogMAE: 27.14410743098105
LogSI: 35.416373189842375
Chamfer: 2.6806681941055426
F-Score: 12.323845179542419
IoU: 6.760796561548787
F-Score-20: 25.023826499446745
IoU-20: 15.04268643517648
Ratio-Edges: 8.074813121284535
AbsRel-Edges: 39.07982003953722
SqRel-Edges: 63.74126108577049
RMSE-Edges: 11.50267431212017
LogRMSE-Edges: 43.98489938312107
$\delta < 1.05$-Edges: 0.12928396392772365
$\delta < 1.1$-Edges: 0.2363277105369336
$\delta < 1.25$-Edges: 0.48088298374571564
$\delta < 1.25^2$-Edges: 0.7432320760933737
$\delta < 1.25^3$-Edges: 0.8708425642279329
MAE-Edges: 7.495324631814474
InvMAE-Edges: 28.889827959366094
InvRMSE-Edges: 43.17414945122463
LogMAE-Edges: 33.33590013715956
LogSI-Edges: 42.49273835232661
Chamfer-Edges: 4.3656849390753845
F-Score-Edges: 6.923812070294144
IoU-Edges: 4.1416107102157245
F-Score-20-Edges: 13.897831375692405
IoU-20-Edges: 8.528439146981519
DirAcc-Edges: 65.45302143424495
Dir (-)-Edges: 3.2104808838029104
Dir (+)-Edges: 31.336497681952146
EdgeAcc-Edges: 4.111242261208891
EdgeComp-Edges: 37.108521384278845
