Ratio: 1.990289476108551
AbsRel: 28.673544134902954
SqRel: 16.398568502521513
RMSE: 1.5526503257632256
LogRMSE: 42.04912612991333
$\delta < 1.05$: 0.13464646983026965
$\delta < 1.1$: 0.2565042890446693
$\delta < 1.25$: 0.5301865272277397
$\delta < 1.25^2$: 0.786545001675215
$\delta < 1.25^3$: 0.8814974926528252
MAE: 0.9497848437547683
InvMAE: 126.63997604522704
InvRMSE: 167.0061062133789
LogMAE: 30.704820066452026
LogSI: 40.73190740222342
