Ratio: 0.2644432396973187
AbsRel: 23.154351461410524
SqRel: 10.6863598549366
RMSE: 1.4946983674526215
LogRMSE: 37.456518584823606
$\delta < 1.05$: 0.17239417831047318
$\delta < 1.1$: 0.32514797063318585
$\delta < 1.25$: 0.6398957346809914
$\delta < 1.25^2$: 0.8414698226422265
$\delta < 1.25^3$: 0.8991354001055301
MAE: 0.8316735734105111
InvMAE: 102.06730828094483
InvRMSE: 133.1233468383789
LogMAE: 25.88497105522156
LogSI: 36.85790953583481
