MAE: 0.9098063934062208
RMSE: 2.6248234269874438
InvMAE: 2.8586022659710477
InvRMSE: 5.723755413464137
LogMAE: 3.9951437299592154
LogRMSE: 8.25679542030607
LogSI: 8.08465499471834
AbsRel: 4.097754727772304
SqRel: 1.1607485557347537
ChamferDist: 0.3827416212643896
F-Score: 65.58657846178328
IoU: 49.51920822416033
F-Score-20: 80.12436416625977
IoU-20: 67.49389063698905
