AbsRel: 0.10057713036322526
SqRel: 0.7727510525472195
RMSE: 4.690239963264684
LogRMSE: 0.19565564485392406
$\delta < 1.25$: 0.8853096316671082
$\delta < 1.25^2$: 0.9561618996030535
$\delta < 1.25^3$: 0.9778923242014348
ChamferDist: 0.820846148423177
F-Score: 27.15261049870097
IoU: 15.926496772119613
F-Score-20: 54.546408832158725
IoU-20: 37.93206803733683
