MAE: 1.62033780193402
RMSE: 3.7866677449890442
InvMAE: 5.67428407767799
InvRMSE: 8.904877840375608
LogMAE: 7.561611158350494
LogRMSE: 12.3447738732297
LogSI: 11.54405057201964
AbsRel: 7.627281983205878
SqRel: 2.0329620141330307
ChamferDist: 0.661476227974782
F-Score: 51.29522425951036
IoU: 35.54161735368104
F-Score-20: 68.09711880442555
IoU-20: 52.73358066809689
