AbsRel: 0.10037598634670505
SqRel: 0.7476374961628206
RMSE: 4.539275230430976
LogRMSE: 0.1879576015282139
$\delta < 1.25$: 0.8861779420357372
$\delta < 1.25^2$: 0.9603778375373395
$\delta < 1.25^3$: 0.9806571005241291
ChamferDist: 0.8182275706161899
F-Score: 27.15053838294753
IoU: 15.909134222753078
F-Score-20: 54.148695732291834
IoU-20: 37.58524334003115
