MAE: 1.6441516390790236
RMSE: 3.6406092010209896
InvMAE: 6.040480711343098
InvRMSE: 9.012809841545081
LogMAE: 7.923839640397967
LogRMSE: 12.291390827097045
LogSI: 11.27902133746864
AbsRel: 8.109848536596708
SqRel: 2.177139808703785
ChamferDist: 0.6702280708937192
F-Score: 49.57119126599625
IoU: 34.14786959706914
F-Score-20: 66.76101618328708
IoU-20: 51.422831906771364
