MAE: 1.049412296286651
RMSE: 2.615450591146946
InvMAE: 4.198823740822928
InvRMSE: 6.50135812827519
LogMAE: 5.236325446026666
LogRMSE: 8.602491485391344
LogSI: 7.7565667779384775
AbsRel: 5.520184387138912
SqRel: 1.6393145724705287
ChamferDist: 0.43789908800806315
F-Score: 57.19727150647635
IoU: 41.6464550881886
F-Score-20: 75.54161055122103
IoU-20: 62.2172740713334
