Ratio: 43.15295715522766
AbsRel: 21.977782711982726
SqRel: 17.87493756866455
RMSE: 17.57307568311691
LogRMSE: 30.265616653442382
$\delta < 1.05$: 0.17881710344707616
$\delta < 1.1$: 0.33173245786941735
$\delta < 1.25$: 0.6348227146262421
$\delta < 1.25^2$: 0.8771587935308228
$\delta < 1.25^3$: 0.9587263350165302
MAE: 8.393279950141906
InvMAE: 11.820722166061401
InvRMSE: 18.419812429428102
LogMAE: 22.04835565471649
LogSI: 29.661860131193237
Chamfer: 2.8233679305410915
F-Score: 6.675385723263025
IoU: 3.511843414545059
F-Score-20: 19.89803689420223
IoU-20: 11.374740381896496
