Ratio: 0.03275169568179699
AbsRel: 24.35320727157593
SqRel: 23.17436605334282
RMSE: 34.68826436042786
LogRMSE: 169.01764697647096
$\delta < 1.05$: 0.2090539103071384
$\delta < 1.1$: 0.3925563962537509
$\delta < 1.25$: 0.7187223761691773
$\delta < 1.25^2$: 0.8612306348603755
$\delta < 1.25^3$: 0.9133360276252754
MAE: 14.042510590076446
InvMAE: 25635.535794534208
InvRMSE: 137803.41517809773
LogMAE: 49.96885478973389
LogSI: 166.05821571593864
Chamfer: 3.366084511920859
F-Score: 9.770465800523757
IoU: 5.2054283381700515
F-Score-20: 28.437532572746278
IoU-20: 16.84207843875885
