Ratio: 41.45785516046088
AbsRel: 55.41526662073862
SqRel: 435.71523004903923
RMSE: 9.421735385340961
LogRMSE: 53.18485304486057
$\delta < 1.05$: 0.11568576586698306
$\delta < 1.1$: 0.22141509190382103
$\delta < 1.25$: 0.4630366995576029
$\delta < 1.25^2$: 0.7146398867595731
$\delta < 1.25^3$: 0.8357434621533618
MAE: 5.99166505673541
InvMAE: 45.12878532366902
InvRMSE: 98.39034083392053
LogMAE: 38.273580903964195
LogSI: 50.4365427688909
