Ratio: 12.171767669090858
AbsRel: 30.601680746812086
SqRel: 21.57623111137977
RMSE: 1.5080436669863186
LogRMSE: 37.58282032893254
$\delta < 1.05$: 0.12356663763376646
$\delta < 1.1$: 0.23654730839438282
$\delta < 1.25$: 0.5009769984057098
$\delta < 1.25^2$: 0.789185701207123
$\delta < 1.25^3$: 0.9159125192972766
MAE: 1.066150400844904
InvMAE: 133.66798645899846
InvRMSE: 175.49526003617507
LogMAE: 29.536137545658992
LogSI: 36.29408156035378
