Ratio: 0.034579179369477256
AbsRel: 18.532121146275447
SqRel: 9.201491356996389
RMSE: 1.0415714906958433
LogRMSE: 25.933288635840782
$\delta < 1.05$: 0.22763923478482012
$\delta < 1.1$: 0.4105160948465022
$\delta < 1.25$: 0.7175262770610812
$\delta < 1.25^2$: 0.9051047352143734
$\delta < 1.25^3$: 0.9616065113180285
MAE: 0.6807457061685048
InvMAE: 130.03647979883047
InvRMSE: 562.5185489537166
LogMAE: 19.301872127973116
LogSI: 25.58288507912937
