Ratio: 0.02760144734035475
AbsRel: 38.743449018675115
SqRel: 106.21155710819056
RMSE: 9.584766197097675
LogRMSE: 54.83207047039083
$\delta < 1.05$: 0.12061949983626852
$\delta < 1.1$: 0.2288820161414199
$\delta < 1.25$: 0.4668780542778662
$\delta < 1.25^2$: 0.7017158987244211
$\delta < 1.25^3$: 0.8234676923915655
MAE: 5.939348863780231
InvMAE: 935.8135298966292
InvRMSE: 6483.775831332656
LogMAE: 39.50675604054746
LogSI: 51.66185899796813
