Ratio: 0.034407702533403924
AbsRel: 5.933189162526812
SqRel: 2.195862753731864
RMSE: 3.371226047703198
LogRMSE: 10.16605111667088
$\delta < 1.05$: 0.6657316692819997
$\delta < 1.1$: 0.853916511227248
$\delta < 1.25$: 0.9579274661835491
$\delta < 1.25^2$: 0.9882932630664005
$\delta < 1.25^3$: 0.9949075284393575
MAE: 1.3278641648803438
InvMAE: 5.50557557463646
InvRMSE: 79.80716832263128
LogMAE: 5.874763261250087
LogSI: 10.107846110249843
Chamfer: 0.5501319949310692
F-Score: 59.66670805522374
IoU: 43.74681563956397
F-Score-20: 75.59970366477967
IoU-20: 61.971953772136146
