Ratio: 0.03384030320203604
AbsRel: 8.105903720197501
SqRel: 2.3578269611015643
RMSE: 4.058434298250573
LogRMSE: 13.319602006783514
$\delta < 1.05$: 0.5088084904974929
$\delta < 1.1$: 0.7429878644637132
$\delta < 1.25$: 0.9259816634270048
$\delta < 1.25^2$: 0.9836764499799489
$\delta < 1.25^3$: 0.9955384185394308
MAE: 1.7425998912358576
InvMAE: 59.97792278550154
InvRMSE: 631.4753691071381
LogMAE: 8.195374334151028
LogSI: 13.249062200577042
Chamfer: 0.6863599701805619
F-Score: 50.236893235540094
IoU: 34.53723460033628
F-Score-20: 68.36356168290588
IoU-20: 52.886778831481934
