Ratio: 29.327110299303488
AbsRel: 8.716322109011784
SqRel: 3.082917964440182
RMSE: 4.082942840237559
LogRMSE: 13.341421362081189
$\delta < 1.05$: 0.46372452351953725
$\delta < 1.1$: 0.7177164886300345
$\delta < 1.25$: 0.9214779063426202
$\delta < 1.25^2$: 0.9835511962765221
$\delta < 1.25^3$: 0.995244391545757
MAE: 1.7944888190532022
InvMAE: 6.739577163582199
InvRMSE: 9.95380216654093
LogMAE: 8.65151718350276
LogSI: 12.838493038195788
Chamfer: 0.6764962729894943
F-Score: 47.54840540209431
IoU: 32.23351728038554
F-Score-20: 67.11757900085917
IoU-20: 51.551972591803846
