Ratio: 29.037382071358817
AbsRel: 6.477946892806462
SqRel: 3.8042909927453312
RMSE: 3.4922184583118985
LogRMSE: 10.531829318319048
$\delta < 1.05$: 0.6378356489821537
$\delta < 1.1$: 0.8463988090341636
$\delta < 1.25$: 0.9607712266324328
$\delta < 1.25^2$: 0.9891652711247161
$\delta < 1.25^3$: 0.9941117143265951
MAE: 1.3539482691884042
InvMAE: 4.598970638513565
InvRMSE: 7.563042421681541
LogMAE: 6.116338812283107
LogSI: 10.211773401677855
Chamfer: 0.5136656134354637
F-Score: 58.09399264063154
IoU: 42.18677528560161
F-Score-20: 75.28660631213869
IoU-20: 61.57924526333809
