Ratio: 83.94690075588227
AbsRel: 35.85941011714935
SqRel: 32.83090516376495
RMSE: 13.043945430636406
LogRMSE: 44.153401822090146
$\delta < 1.05$: 0.11346812800437957
$\delta < 1.1$: 0.21679738993006875
$\delta < 1.25$: 0.4596559852898582
$\delta < 1.25^2$: 0.7284102512977906
$\delta < 1.25^3$: 0.8626148164770082
MAE: 9.057225494384765
InvMAE: 22.4154614828825
InvRMSE: 29.985832110404967
LogMAE: 34.24480800151825
LogSI: 42.27429033990377
Chamfer: 4.191490169679435
F-Score: 9.223328292220831
IoU: 5.1076367086321115
F-Score-20: 17.586658535540103
IoU-20: 10.332208626061679
