Ratio: 0.013023069226775095
AbsRel: 28.6232073969841
SqRel: 16.82108597679436
RMSE: 12.212951669573783
LogRMSE: 42.82389342594147
$\delta < 1.05$: 0.1358097040249779
$\delta < 1.1$: 0.25414684173709895
$\delta < 1.25$: 0.5130347200137965
$\delta < 1.25^2$: 0.7718877421973281
$\delta < 1.25^3$: 0.8874944364886247
MAE: 8.19195387789607
InvMAE: 1553.1265867342354
InvRMSE: 4640.288908899844
LogMAE: 32.27104638719559
LogSI: 40.657904086841334
Chamfer: 5.962295061688193
F-Score: 8.392190107040108
IoU: 4.618396126558073
F-Score-20: 15.702609921671451
IoU-20: 9.205302997626363
