Ratio: 0.10615657254286004
AbsRel: 22.26845617979674
SqRel: 11.637616135020505
RMSE: 0.9197130448751676
LogRMSE: 28.305232333845318
$\delta < 1.05$: 0.15774655578732333
$\delta < 1.1$: 0.30095090804767444
$\delta < 1.25$: 0.6102004483578332
$\delta < 1.25^2$: 0.86832297941574
$\delta < 1.25^3$: 0.9609098141345523
MAE: 0.6438702137668016
InvMAE: 124.23929458583167
InvRMSE: 755.1725095288105
LogMAE: 22.665243574603252
LogSI: 27.982874038703013
