Ratio: 7.814398021508429
AbsRel: 28.259981344963798
SqRel: 17.699767607614536
RMSE: 0.9928517921710962
LogRMSE: 32.58325739956777
$\delta < 1.05$: 0.12965670552366185
$\delta < 1.1$: 0.24837121608345278
$\delta < 1.25$: 0.5328726179708219
$\delta < 1.25^2$: 0.8277060810325766
$\delta < 1.25^3$: 0.943985876266775
MAE: 0.7341992038925853
InvMAE: 115.31299835461725
InvRMSE: 151.5758610471673
LogMAE: 26.119588503414704
LogSI: 31.073457510749773
