Ratio: 23.46491020706852
AbsRel: 56.30360127613305
SqRel: 132.74812757633092
RMSE: 7.218274613915448
LogRMSE: 67.40169890006763
$\delta < 1.05$: 0.08822083218110607
$\delta < 1.1$: 0.16800035466290827
$\delta < 1.25$: 0.3576844820268728
$\delta < 1.25^2$: 0.6142329773060692
$\delta < 1.25^3$: 0.7634627637401517
MAE: 4.084460979856943
InvMAE: 278.9919759190824
InvRMSE: 367.5056756161046
LogMAE: 50.63008587759648
LogSI: 62.8095518753743
Chamfer: 2.890932810478229
F-Score: 29.14184773853093
IoU: 20.115903435913072
F-Score-20: 44.73566472575995
IoU-20: 34.48684963546159
