Ratio: 0.06962089885162842
AbsRel: 40.636634760952454
SqRel: 57.82659735355223
RMSE: 7.551544989349597
LogRMSE: 71.7822175493651
$\delta < 1.05$: 0.11282882374113289
$\delta < 1.1$: 0.21385683581664555
$\delta < 1.25$: 0.42747920667462436
$\delta < 1.25^2$: 0.6515027973635436
$\delta < 1.25^3$: 0.7801050656496262
MAE: 3.983409022835738
InvMAE: 4407.85722463814
InvRMSE: 21219.324388027475
LogMAE: 49.359284953637555
LogSI: 68.42198929282334
Chamfer: 3.0102824790727234
F-Score: 29.536451219729678
IoU: 22.426830242422486
F-Score-20: 42.51853880568109
IoU-20: 33.395375862460064
