Ratio: 33.02216259241104
AbsRel: 27.49457100868225
SqRel: 21.24914542168379
RMSE: 8.138982100710273
LogRMSE: 35.31498553752899
$\delta < 1.05$: 0.14769924394178588
$\delta < 1.1$: 0.28005928494550086
$\delta < 1.25$: 0.5695059870511308
$\delta < 1.25^2$: 0.8283305849607967
$\delta < 1.25^3$: 0.9249571926313742
MAE: 4.81122779250145
InvMAE: 26.44486002445221
InvRMSE: 35.608820902109144
LogMAE: 26.499293129444123
LogSI: 34.18563539962182
Chamfer: 2.5250991036031114
F-Score: 13.346741182655096
IoU: 7.375179107561707
F-Score-20: 25.68351621687412
IoU-20: 15.464356689453124
Ratio-Edges: 36.41188740968704
AbsRel-Edges: 33.98309510588646
SqRel-Edges: 33.773695852458474
RMSE-Edges: 9.407518870718777
LogRMSE-Edges: 41.64519169330597
$\delta < 1.05$-Edges: 0.12147692219622792
$\delta < 1.1$-Edges: 0.2320522198859453
$\delta < 1.25$-Edges: 0.48948576583679076
$\delta < 1.25^2$-Edges: 0.7620867956634513
$\delta < 1.25^3$-Edges: 0.8875582112573025
MAE-Edges: 6.157687726449222
InvMAE-Edges: 28.90453150689602
InvRMSE-Edges: 40.10540007054806
LogMAE-Edges: 31.668284645080565
LogSI-Edges: 40.314947253578964
Chamfer-Edges: 3.541075721800217
F-Score-Edges: 7.7087186082452535
IoU-Edges: 4.3235385077446695
F-Score-20-Edges: 16.308748310506346
IoU-20-Edges: 9.595401941537856
DirAcc-Edges: 69.8548449438106
Dir (-)-Edges: 3.941779516565594
Dir (+)-Edges: 26.203375539623803
EdgeAcc-Edges: 3.271490453755172
EdgeComp-Edges: 21.459978325064103
