Ratio: 0.028959706831993465
AbsRel: 23.612619943618775
SqRel: 14.996849489361047
RMSE: 8.302683351188898
LogRMSE: 35.717594349384306
$\delta < 1.05$: 0.16561105043628596
$\delta < 1.1$: 0.31334792336390016
$\delta < 1.25$: 0.6225649965064872
$\delta < 1.25^2$: 0.8515599102677217
$\delta < 1.25^3$: 0.9296878456590113
MAE: 4.706156835407018
InvMAE: 252.6204863399267
InvRMSE: 3674.602300131917
LogMAE: 24.786928985118866
LogSI: 35.13220586399596
Chamfer: 2.5095442134035153
F-Score: 14.078922827541827
IoU: 7.764928871393204
F-Score-20: 27.121185420155527
IoU-20: 16.355829674899578
Ratio-Edges: 0.02434697040691892
AbsRel-Edges: 29.052622336745262
SqRel-Edges: 18.872130069509147
RMSE-Edges: 9.49570432126522
LogRMSE-Edges: 40.97813376545906
$\delta < 1.05$-Edges: 0.1273211988299624
$\delta < 1.1$-Edges: 0.24003180935662086
$\delta < 1.25$-Edges: 0.5078835286698701
$\delta < 1.25^2$-Edges: 0.7805157761975419
$\delta < 1.25^3$-Edges: 0.8941668748851748
MAE-Edges: 6.063875679112971
InvMAE-Edges: 176.23366146743297
InvRMSE-Edges: 2134.7318418860436
LogMAE-Edges: 30.521366773843766
LogSI-Edges: 40.107421997956074
Chamfer-Edges: 4.064635562431807
F-Score-Edges: 7.53948765553534
IoU-Edges: 4.272664163224399
F-Score-20-Edges: 15.593827299028636
IoU-20-Edges: 9.17892186038196
DirAcc-Edges: 73.23504149964026
Dir (-)-Edges: 5.901461909411725
Dir (+)-Edges: 20.863496590948024
EdgeAcc-Edges: 3.3785458398105495
EdgeComp-Edges: 36.78035670249045
