Ratio: 0.032965293697219254
AbsRel: 25.839689837117348
SqRel: 24.151133681381904
RMSE: 9.926279962956905
LogRMSE: 52.4498147226149
$\delta < 1.05$: 0.16792512322262712
$\delta < 1.1$: 0.3180554725894902
$\delta < 1.25$: 0.6170527132003357
$\delta < 1.25^2$: 0.8290171733031751
$\delta < 1.25^3$: 0.9095984205501672
MAE: 5.5814335446973
InvMAE: 3794.024994173973
InvRMSE: 23298.969429689838
LogMAE: 30.054753042344124
LogSI: 51.16465437896834
Chamfer: 2.4420872635229847
F-Score: 15.372945598786877
IoU: 8.673618608982332
F-Score-20: 29.902425477879664
IoU-20: 18.68970157444958
Ratio-Edges: 0.02726546311959648
AbsRel-Edges: 31.42482236756219
SqRel-Edges: 28.507805265418064
RMSE-Edges: 10.955289197430696
LogRMSE-Edges: 48.75525062754263
$\delta < 1.05$-Edges: 0.12840729106838683
$\delta < 1.1$-Edges: 0.24314315727450497
$\delta < 1.25$-Edges: 0.49716692655236916
$\delta < 1.25^2$-Edges: 0.7537066585060984
$\delta < 1.25^3$-Edges: 0.8769998648973736
MAE-Edges: 7.036056675722981
InvMAE-Edges: 1352.0116144826209
InvRMSE-Edges: 10324.777819263234
LogMAE-Edges: 33.4330330100714
LogSI-Edges: 47.51451957244531
Chamfer-Edges: 4.433013003216015
F-Score-Edges: 7.515947589749361
IoU-Edges: 4.311924091769151
F-Score-20-Edges: 15.752967587093902
IoU-20-Edges: 9.678310590485731
DirAcc-Edges: 68.62935161616181
Dir (-)-Edges: 4.711672713991434
Dir (+)-Edges: 26.658975669846747
EdgeAcc-Edges: 3.6425138450245154
EdgeComp-Edges: 27.1349699973062
