Ratio: 36.54978181962044
AbsRel: 30.5719369857542
SqRel: 39.05310153392053
RMSE: 9.327347950589273
LogRMSE: 36.66319251029722
$\delta < 1.05$: 0.1534168273699893
$\delta < 1.1$: 0.28991582978957975
$\delta < 1.25$: 0.5775723003551284
$\delta < 1.25^2$: 0.8211745494171403
$\delta < 1.25^3$: 0.913596709354092
MAE: 5.468771140094726
InvMAE: 28.584543768667405
InvRMSE: 41.96602859927762
LogMAE: 27.420945259832568
LogSI: 35.351975436535604
Chamfer: 2.670708213266792
F-Score: 13.655955579665399
IoU: 7.603580446474014
F-Score-20: 26.60271589925212
IoU-20: 16.223869117152308
Ratio-Edges: 40.814517754822774
AbsRel-Edges: 39.78023155748455
SqRel-Edges: 71.82499503851716
RMSE-Edges: 11.347864383215608
LogRMSE-Edges: 43.85636186475068
$\delta < 1.05$-Edges: 0.12702559529896154
$\delta < 1.1$-Edges: 0.23731527363770843
$\delta < 1.25$-Edges: 0.48478132410853303
$\delta < 1.25^2$-Edges: 0.7479156555387583
$\delta < 1.25^3$-Edges: 0.8721254870758439
MAE-Edges: 7.365209393865532
InvMAE-Edges: 28.587239324968625
InvRMSE-Edges: 42.82209765100791
LogMAE-Edges: 33.15262691522735
LogSI-Edges: 42.43256176196658
Chamfer-Edges: 4.203127104851124
F-Score-Edges: 7.665620221148909
IoU-Edges: 4.574766572209355
F-Score-20-Edges: 15.135571873772378
IoU-20-Edges: 9.262613068920334
DirAcc-Edges: 65.23698912645996
Dir (-)-Edges: 2.8524621266832244
Dir (+)-Edges: 31.910548746856815
EdgeAcc-Edges: 3.5561525073704536
EdgeComp-Edges: 21.923747105167223
