Ratio: 0.0729582687177619
AbsRel: 24.353822067070006
SqRel: 13.337465470957756
RMSE: 1.5295746305465698
LogRMSE: 38.6346941028595
$\delta < 1.05$: 0.15047185894362747
$\delta < 1.1$: 0.2897275538601274
$\delta < 1.25$: 0.6030118706663911
$\delta < 1.25^2$: 0.8401669402153966
$\delta < 1.25^3$: 0.9010046932708068
MAE: 0.860402145922184
InvMAE: 137.4181860191345
InvRMSE: 449.9529434082031
LogMAE: 27.116901428985596
LogSI: 38.025120358297535
