Ratio: 7.726169253063202
AbsRel: 31.073509901428224
SqRel: 17.79722587146759
RMSE: 1.5543307972669602
LogRMSE: 42.320097969436645
$\delta < 1.05$: 0.11306548379971178
$\delta < 1.1$: 0.219696376299847
$\delta < 1.25$: 0.4825065538394156
$\delta < 1.25^2$: 0.7731394079006534
$\delta < 1.25^3$: 0.8892906379284217
MAE: 0.9789884821891784
InvMAE: 129.8807264328003
InvRMSE: 163.98124832000732
LogMAE: 31.860164507675172
LogSI: 41.481373196392205
