Ratio: 7.067829118728637
AbsRel: 26.74026342391968
SqRel: 16.97775972366333
RMSE: 18.07690487623215
LogRMSE: 34.549542491912845
$\delta < 1.05$: 0.118523872037576
$\delta < 1.1$: 0.23111425549112233
$\delta < 1.25$: 0.5068342735237883
$\delta < 1.25^2$: 0.8306296366628158
$\delta < 1.25^3$: 0.9499173529906175
MAE: 9.415839047431946
InvMAE: 14.485330835342408
InvRMSE: 21.226291034698487
LogMAE: 26.813378984451294
LogSI: 33.9378920496251
Chamfer: 2.9353898954102715
F-Score: 4.64842798858881
IoU: 2.409185756281018
F-Score-20: 13.945333247184754
IoU-20: 7.606980043113231
