Ratio: 0.21619742222804916
AbsRel: 24.93984072303772
SqRel: 21.511912997245787
RMSE: 34.70072280502319
LogRMSE: 190.69174119758605
$\delta < 1.05$: 0.17480888478625908
$\delta < 1.1$: 0.3316269319735193
$\delta < 1.25$: 0.6793134031219684
$\delta < 1.25^2$: 0.8593120285638175
$\delta < 1.25^3$: 0.9110334691123846
MAE: 14.11566706585884
InvMAE: 32206.427315509794
InvRMSE: 156798.99992804526
LogMAE: 58.5423031949997
LogSI: 186.0783122322982
Chamfer: 3.20546005277781
F-Score: 8.814109719514846
IoU: 4.6559047137498855
F-Score-20: 24.620699257850646
IoU-20: 14.20401816701889
