Ratio: 3.4459692056362448
AbsRel: 34.22050484583928
SqRel: 25.898526014181282
RMSE: 1.681173612337846
LogRMSE: 41.65446364182692
$\delta < 1.05$: 0.10565344286946511
$\delta < 1.1$: 0.20298366141952878
$\delta < 1.25$: 0.4472852584020947
$\delta < 1.25^2$: 0.741133101691674
$\delta < 1.25^3$: 0.890927287453851
MAE: 1.2133513602385153
InvMAE: 151.30615834456225
InvRMSE: 197.45254074683555
LogMAE: 33.081024114168606
LogSI: 40.235331013022
