Ratio: 0.08976448253651788
AbsRel: 19.15268623131972
SqRel: 9.417081548617436
RMSE: 1.0630422693720232
LogRMSE: 26.53820088313176
$\delta < 1.05$: 0.2100256241746895
$\delta < 1.1$: 0.3849323271424906
$\delta < 1.25$: 0.7067646748790972
$\delta < 1.25^2$: 0.8992706087777435
$\delta < 1.25^3$: 0.9585861235638137
MAE: 0.7152172706448114
InvMAE: 125.72819302925697
InvRMSE: 461.4617212178157
LogMAE: 20.06070989021888
LogSI: 26.143774534891005
