Ratio: 10.035983605502432
AbsRel: 60.3262717841452
SqRel: 523.5839030085123
RMSE: 10.210789090715716
LogRMSE: 57.20312535067845
$\delta < 1.05$: 0.09654654080725426
$\delta < 1.1$: 0.18724351707489612
$\delta < 1.25$: 0.40869868821857175
$\delta < 1.25^2$: 0.6690562901258609
$\delta < 1.25^3$: 0.8092138769311856
MAE: 6.600778919698946
InvMAE: 49.23435758475231
InvRMSE: 101.71755148797827
LogMAE: 42.11702001255189
LogSI: 54.29084918368415
