Ratio: 0.11386720300464628
AbsRel: 39.730234116182196
SqRel: 101.01008939796499
RMSE: 9.750852561184109
LogRMSE: 55.48341295430478
$\delta < 1.05$: 0.10934887382146495
$\delta < 1.1$: 0.20909288120272956
$\delta < 1.25$: 0.43886406011088547
$\delta < 1.25^2$: 0.6904700162810128
$\delta < 1.25^3$: 0.812014786003643
MAE: 6.089105156104126
InvMAE: 535.8070042876385
InvRMSE: 4576.917595450654
LogMAE: 40.93482779815058
LogSI: 52.212321874277116
