Ratio: 5.399999999999999
AbsRel: 7.473212397903021
SqRel: 1.8335929954527346
RMSE: 3.6129493191381172
LogRMSE: 11.627509861636016
$\delta < 1.05$: 0.5463342631483359
$\delta < 1.1$: 0.7677451018614516
$\delta < 1.25$: 0.9398409692405921
$\delta < 1.25^2$: 0.9881597935436309
$\delta < 1.25^3$: 0.996516109284023
MAE: 1.5684391270660183
InvMAE: 5.485025519790825
InvRMSE: 8.326335274368708
LogMAE: 7.341952986512448
LogSI: 10.850378851647724
Chamfer: 0.5728090240657978
F-Score: 54.29970937930733
IoU: 38.37813046921982
F-Score-20: 71.15673542900319
IoU-20: 56.330111333928954
