Ratio: 5.399999999999999
AbsRel: 4.353635384355273
SqRel: 1.0980922426762325
RMSE: 2.4761062152045112
LogRMSE: 7.572972704683031
$\delta < 1.05$: 0.7536383220138404
$\delta < 1.1$: 0.9190471692872039
$\delta < 1.25$: 0.9841492485910844
$\delta < 1.25^2$: 0.9956492265176374
$\delta < 1.25^3$: 0.9979687992421999
MAE: 0.9268452050643308
InvMAE: 3.051477702685765
InvRMSE: 5.2971662701879225
LogMAE: 4.186991608313152
LogSI: 7.171664648175094
Chamfer: 0.34436062341015017
F-Score: 67.45678963524955
IoU: 51.64397357940674
F-Score-20: 82.52567390441895
IoU-20: 70.84450886862619
