Ratio: 26.99969218504429
AbsRel: 35.853886609077456
SqRel: 31.671839579701423
RMSE: 13.153941546797752
LogRMSE: 43.607279671669005
$\delta < 1.05$: 0.10502822256902412
$\delta < 1.1$: 0.20293789022912131
$\delta < 1.25$: 0.44587345902514486
$\delta < 1.25^2$: 0.7317060936350371
$\delta < 1.25^3$: 0.871526528382037
MAE: 9.16918536388874
InvMAE: 22.447984452724455
InvRMSE: 30.071627287387848
LogMAE: 34.01566437244415
LogSI: 41.5217076665626
Chamfer: 4.025276813853306
F-Score: 9.1738995513618
IoU: 5.061427665002644
F-Score-20: 17.443806625723838
IoU-20: 10.211975742608308
