Ratio: 0.04226934799749363
AbsRel: 27.11240207195282
SqRel: 14.874455759733916
RMSE: 11.760530461132527
LogRMSE: 39.635507132530215
$\delta < 1.05$: 0.14330440211147658
$\delta < 1.1$: 0.26812618769350494
$\delta < 1.25$: 0.536512389087483
$\delta < 1.25^2$: 0.7939751776396419
$\delta < 1.25^3$: 0.9021209217945538
MAE: 7.823421481400728
InvMAE: 1192.63627819708
InvRMSE: 2829.2430355161428
LogMAE: 30.179937884330748
LogSI: 37.632528151850806
Chamfer: 5.509782375554758
F-Score: 9.222783018928022
IoU: 5.0601715366207065
F-Score-20: 17.08258998921886
IoU-20: 10.003120801586658
