Ratio: 2.1461284157879854
AbsRel: 27.54104666316181
SqRel: 14.907034661062632
RMSE: 0.9523979470543905
LogRMSE: 32.717427965333336
$\delta < 1.05$: 0.12247707062969049
$\delta < 1.1$: 0.23650887870546417
$\delta < 1.25$: 0.5186362376604171
$\delta < 1.25^2$: 0.8293074450782166
$\delta < 1.25^3$: 0.9456737750662999
MAE: 0.7265667157754621
InvMAE: 118.32764110506857
InvRMSE: 156.34936595765095
LogMAE: 26.366676562423006
LogSI: 31.48161981584127
