Ratio: 0.33371667901989654
AbsRel: 22.086158619743603
SqRel: 9.319951576422843
RMSE: 0.860417009824004
LogRMSE: 27.84345264391068
$\delta < 1.05$: 0.14957093478300998
$\delta < 1.1$: 0.2872272882965479
$\delta < 1.25$: 0.6008157571832627
$\delta < 1.25^2$: 0.8769375619158375
$\delta < 1.25^3$: 0.9657066763475861
MAE: 0.6361747056428081
InvMAE: 116.28244449895456
InvRMSE: 381.24434420676045
LogMAE: 22.58272250785011
LogSI: 27.495543178224917
