Ratio: 7.0646602371377805
AbsRel: 52.53875640396866
SqRel: 119.70137239017983
RMSE: 7.125684367334158
LogRMSE: 64.18001983724713
$\delta < 1.05$: 0.09959429329831664
$\delta < 1.1$: 0.18985629231673246
$\delta < 1.25$: 0.40651514286134904
$\delta < 1.25^2$: 0.6481202555543094
$\delta < 1.25^3$: 0.7735564758113679
MAE: 4.006024888150715
InvMAE: 249.32985473452
InvRMSE: 340.757125624886
LogMAE: 47.718483587999664
LogSI: 59.69675377124946
Chamfer: 2.9006334121779274
F-Score: 32.18589458799248
IoU: 22.726745962255308
F-Score-20: 47.08466422278345
IoU-20: 36.641689614844665
