Ratio: 0.3736279347771371
AbsRel: 39.120006124939074
SqRel: 62.92604658401896
RMSE: 7.173402497557362
LogRMSE: 67.39829409088244
$\delta < 1.05$: 0.11964661180256646
$\delta < 1.1$: 0.21930193876469917
$\delta < 1.25$: 0.4380956947389585
$\delta < 1.25^2$: 0.6767090105377015
$\delta < 1.25^3$: 0.8001672665861893
MAE: 3.797662323342556
InvMAE: 3897.2567593194935
InvRMSE: 19586.924114859845
LogMAE: 46.534936670823534
LogSI: 64.40347931940417
Chamfer: 2.4513397166860473
F-Score: 31.929877038262607
IoU: 24.13615359148572
F-Score-20: 45.53347492628691
IoU-20: 35.94753959894929
