Ratio: 0.14728123173777893
AbsRel: 25.29882116225458
SqRel: 20.88424176404553
RMSE: 9.664586451034392
LogRMSE: 47.38270892912342
$\delta < 1.05$: 0.17287771064491506
$\delta < 1.1$: 0.3285006033606442
$\delta < 1.25$: 0.6270586680568639
$\delta < 1.25^2$: 0.8316586855813743
$\delta < 1.25^3$: 0.9099381435430166
MAE: 5.397986322151076
InvMAE: 2360.647424900301
InvRMSE: 16558.500159915187
LogMAE: 28.479302949290123
LogSI: 46.279964410631294
Chamfer: 2.431524375478272
F-Score: 16.419426826815453
IoU: 9.278598048494707
F-Score-20: 31.61422329663269
IoU-20: 19.93705245589537
Ratio-Edges: 0.11259147469003165
AbsRel-Edges: 30.837553038316614
SqRel-Edges: 24.244618623182664
RMSE-Edges: 10.826908981546858
LogRMSE-Edges: 46.38987165401184
$\delta < 1.05$-Edges: 0.12822873062651843
$\delta < 1.1$-Edges: 0.24497663939383146
$\delta < 1.25$-Edges: 0.49954337375764757
$\delta < 1.25^2$-Edges: 0.7536689779643303
$\delta < 1.25^3$-Edges: 0.8771285161780757
MAE-Edges: 6.962164237871279
InvMAE-Edges: 834.2190109693926
InvRMSE-Edges: 6787.688720053629
LogMAE-Edges: 32.88399616814906
LogSI-Edges: 45.156884208840914
Chamfer-Edges: 4.519688188025925
F-Score-Edges: 7.815405297746845
IoU-Edges: 4.558602555641551
F-Score-20-Edges: 16.000673514370824
IoU-20-Edges: 9.788904159092436
DirAcc-Edges: 66.5063518183738
Dir (-)-Edges: 4.549265206933609
Dir (+)-Edges: 28.9443829746926
EdgeAcc-Edges: 3.9199866781985393
EdgeComp-Edges: 19.74906102163688
