Ratio: 6.999409223794937
AbsRel: 26.998966085910798
SqRel: 20.98204808294773
RMSE: 7.925533050000667
LogRMSE: 35.40692437171936
$\delta < 1.05$: 0.1525045057352026
$\delta < 1.1$: 0.2900977154957047
$\delta < 1.25$: 0.5837686176456357
$\delta < 1.25^2$: 0.8292122644030254
$\delta < 1.25^3$: 0.9229783523394403
MAE: 4.648528298512101
InvMAE: 27.33967261314392
InvRMSE: 37.13964757084847
LogMAE: 26.30023969888687
LogSI: 34.420819810803096
Chamfer: 2.2046188526444266
F-Score: 14.232346170842648
IoU: 7.871548871695995
F-Score-20: 27.60771366775036
IoU-20: 16.743976121842863
Ratio-Edges: 7.688987435400486
AbsRel-Edges: 34.09432482481003
SqRel-Edges: 33.90562140285969
RMSE-Edges: 9.530549711287021
LogRMSE-Edges: 42.55900241851807
$\delta < 1.05$-Edges: 0.1231730244479359
$\delta < 1.1$-Edges: 0.2334562423702061
$\delta < 1.25$-Edges: 0.48599560202108394
$\delta < 1.25^2$-Edges: 0.7546690538415346
$\delta < 1.25^3$-Edges: 0.8796515389431636
MAE-Edges: 6.188946280442178
InvMAE-Edges: 30.361495276689528
InvRMSE-Edges: 41.99567398548126
LogMAE-Edges: 32.260009495019915
LogSI-Edges: 41.249938461191675
Chamfer-Edges: 3.2452031303190245
F-Score-Edges: 8.164917553663253
IoU-Edges: 4.523076220825314
F-Score-20-Edges: 17.45709156870842
IoU-20-Edges: 10.283764793872834
DirAcc-Edges: 69.18965956590264
Dir (-)-Edges: 4.273590339877343
Dir (+)-Edges: 26.53675009422003
EdgeAcc-Edges: 3.712965972610907
EdgeComp-Edges: 17.01739452573461
