Ratio: 0.12275900521016181
AbsRel: 23.004354864358902
SqRel: 13.96323683641851
RMSE: 8.102225165329873
LogRMSE: 36.10536443114281
$\delta < 1.05$: 0.17226532444268905
$\delta < 1.1$: 0.32892893549790825
$\delta < 1.25$: 0.6446491489218151
$\delta < 1.25^2$: 0.8553181365693951
$\delta < 1.25^3$: 0.9278162040268498
MAE: 4.536002788469196
InvMAE: 333.29956487596036
InvRMSE: 4526.585508662462
LogMAE: 24.40656508207321
LogSI: 35.52948968035005
Chamfer: 2.389155820010393
F-Score: 15.30804324582219
IoU: 8.53739160604775
F-Score-20: 29.279244191646576
IoU-20: 18.021559506058694
Ratio-Edges: 0.10281878872252595
AbsRel-Edges: 28.709091445207594
SqRel-Edges: 17.81010563030839
RMSE-Edges: 9.369398598633706
LogRMSE-Edges: 40.10973617076874
$\delta < 1.05$-Edges: 0.13217929659319502
$\delta < 1.1$-Edges: 0.25031141834929693
$\delta < 1.25$-Edges: 0.5186185671419836
$\delta < 1.25^2$-Edges: 0.7798684943331682
$\delta < 1.25^3$-Edges: 0.8905950281402231
MAE-Edges: 5.9508425398729745
InvMAE-Edges: 73.033652792871
InvRMSE-Edges: 694.0197123461962
LogMAE-Edges: 30.306995164752006
LogSI-Edges: 39.22758366184921
Chamfer-Edges: 3.909447983830727
F-Score-Edges: 7.780213200002908
IoU-Edges: 4.351406934857368
F-Score-20-Edges: 16.30245478093624
IoU-20-Edges: 9.633676328957081
DirAcc-Edges: 72.0749118828588
Dir (-)-Edges: 5.8154272450063385
Dir (+)-Edges: 22.109660872134853
EdgeAcc-Edges: 3.791347165464877
EdgeComp-Edges: 31.425750738633468
