Ratio: 7.2507658592347175
AbsRel: 30.088783337993007
SqRel: 35.20997708482127
RMSE: 9.248734262854823
LogRMSE: 36.90356678009033
$\delta < 1.05$: 0.15680494740544118
$\delta < 1.1$: 0.2950150205028609
$\delta < 1.25$: 0.5829598327617569
$\delta < 1.25^2$: 0.8186112997930036
$\delta < 1.25^3$: 0.9117616947906195
MAE: 5.394933980607218
InvMAE: 29.71734928377213
InvRMSE: 43.38864788178475
LogMAE: 27.440103571491857
LogSI: 35.61440426589871
Chamfer: 2.445982254107534
F-Score: 14.683544251918793
IoU: 8.201389583695319
F-Score-20: 28.48705655436362
IoU-20: 17.544497065544128
Ratio-Edges: 8.141376169834261
AbsRel-Edges: 38.770683805303634
SqRel-Edges: 59.221409429755866
RMSE-Edges: 11.361609497734534
LogRMSE-Edges: 44.132415789560554
$\delta < 1.05$-Edges: 0.1273878991864189
$\delta < 1.1$-Edges: 0.23611770445060387
$\delta < 1.25$-Edges: 0.4779940329577329
$\delta < 1.25^2$-Edges: 0.7383459749714363
$\delta < 1.25^3$-Edges: 0.8699031478536652
MAE-Edges: 7.434201187119375
InvMAE-Edges: 29.256088217878652
InvRMSE-Edges: 43.56551026129255
LogMAE-Edges: 33.49487962535783
LogSI-Edges: 42.6762759221556
Chamfer-Edges: 4.027537150921294
F-Score-Edges: 7.97131700258629
IoU-Edges: 4.728399525125043
F-Score-20-Edges: 15.873648066068787
IoU-20-Edges: 9.690531853737395
DirAcc-Edges: 65.1266173318724
Dir (-)-Edges: 3.230043156468398
Dir (+)-Edges: 31.64333951165921
EdgeAcc-Edges: 3.8838084037111686
EdgeComp-Edges: 14.65762529393851
