Ratio: 0.2498687556626287
AbsRel: 23.128734085083007
SqRel: 10.90174046678543
RMSE: 1.4755926518201827
LogRMSE: 36.9287868850708
$\delta < 1.05$: 0.16984726606320996
$\delta < 1.1$: 0.3204781302117808
$\delta < 1.25$: 0.6340902341848123
$\delta < 1.25^2$: 0.8433421745905704
$\delta < 1.25^3$: 0.9015711456705215
MAE: 0.8259010390460492
InvMAE: 103.81274405364991
InvRMSE: 203.73025541381836
LogMAE: 25.73210466079712
LogSI: 36.35092487007089
