Ratio: 2.2272898320913317
AbsRel: 28.22031530456543
SqRel: 16.02399293012619
RMSE: 1.5138566974043846
LogRMSE: 40.82626674957275
$\delta < 1.05$: 0.13920363220714732
$\delta < 1.1$: 0.2627444471988247
$\delta < 1.25$: 0.5396617536342344
$\delta < 1.25^2$: 0.7928193730232413
$\delta < 1.25^3$: 0.8873774714835847
MAE: 0.9229813623189926
InvMAE: 122.52324067687988
InvRMSE: 160.71982721252442
LogMAE: 29.84915054664612
LogSI: 39.614322033434384
