Ratio: 0.22332377747606383
AbsRel: 27.282126284599304
SqRel: 21.91551022052765
RMSE: 33.8605121588707
LogRMSE: 185.89720238876342
$\delta < 1.05$: 0.14715172509422575
$\delta < 1.1$: 0.2823806244420234
$\delta < 1.25$: 0.6021083272256128
$\delta < 1.25^2$: 0.8402415903308916
$\delta < 1.25^3$: 0.9019911083551525
MAE: 14.358192895889282
InvMAE: 32109.476851466177
InvRMSE: 150704.81924395467
LogMAE: 61.05457398414612
LogSI: 180.96463821594304
Chamfer: 3.2730787158200747
F-Score: 6.672167201519012
IoU: 3.4813803156018257
F-Score-20: 19.180575001716615
IoU-20: 10.731604367733002
