Ratio: 7.073912207126617
AbsRel: 29.396447681427002
SqRel: 19.423432555675507
RMSE: 18.66352390098572
LogRMSE: 37.429303129196164
$\delta < 1.05$: 0.11841446487145323
$\delta < 1.1$: 0.22591784061404702
$\delta < 1.25$: 0.48481752044843285
$\delta < 1.25^2$: 0.7783140677454548
$\delta < 1.25^3$: 0.92968649105818
MAE: 9.904318537712097
InvMAE: 15.900017539978027
InvRMSE: 24.043876773834228
LogMAE: 28.984819705963133
LogSI: 36.809664076500205
Chamfer: 3.4652595865874076
F-Score: 4.1976167550385
IoU: 2.1679788635969164
F-Score-20: 12.48455255150795
IoU-20: 6.752843941032887
