Ratio: 0.09162133498639183
AbsRel: 19.542985113584077
SqRel: 10.213858077159294
RMSE: 1.1166049039134613
LogRMSE: 27.48772038239699
$\delta < 1.05$: 0.2135830169926307
$\delta < 1.1$: 0.3835065503067501
$\delta < 1.25$: 0.7007757963064182
$\delta < 1.25^2$: 0.8957414779470501
$\delta < 1.25^3$: 0.9553323800908694
MAE: 0.7244268644773043
InvMAE: 165.33350464160625
InvRMSE: 866.6743700966468
LogMAE: 20.54675931270306
LogSI: 27.077798618981173
