Ratio: 2.5221502520487857
AbsRel: 58.72942217900203
SqRel: 113.41615431565505
RMSE: 2.674220683528827
LogRMSE: 58.8607559967041
$\delta < 1.05$: 0.08422490403562502
$\delta < 1.1$: 0.16277629338495517
$\delta < 1.25$: 0.3576626188986331
$\delta < 1.25^2$: 0.6063158685100203
$\delta < 1.25^3$: 0.7631110380601507
MAE: 1.7600410978839947
InvMAE: 204.00495651538554
InvRMSE: 258.9365514784593
LogMAE: 46.46941959381103
LogSI: 57.04348086725531
