Ratio: 0.13996064846556722
AbsRel: 40.08285908421059
SqRel: 105.35434702853985
RMSE: 9.63923214984047
LogRMSE: 55.90814621459208
$\delta < 1.05$: 0.10886818221618452
$\delta < 1.1$: 0.20695441888328842
$\delta < 1.25$: 0.43011432536552435
$\delta < 1.25^2$: 0.6826729057404584
$\delta < 1.25^3$: 0.8097738174500221
MAE: 6.054757284209333
InvMAE: 684.736177184122
InvRMSE: 5118.956499568016
LogMAE: 41.293857095487446
LogSI: 52.63430893946537
