Ratio: 9.130000195428394
AbsRel: 56.319765430929415
SqRel: 411.43786424692433
RMSE: 9.349470827077003
LogRMSE: 54.989348852046405
$\delta < 1.05$: 0.10872676417992487
$\delta < 1.1$: 0.20752923715230637
$\delta < 1.25$: 0.43812653269256785
$\delta < 1.25^2$: 0.6932559406586235
$\delta < 1.25^3$: 0.823439374113267
MAE: 6.027979634936081
InvMAE: 47.756718596000844
InvRMSE: 100.35687763594726
LogMAE: 40.12325497486132
LogSI: 52.249777358483016
