Ratio: 5.399999999999999
AbsRel: 8.78548669485958
SqRel: 2.4699941562728647
RMSE: 3.6890802640307903
LogRMSE: 12.417696377251046
$\delta < 1.05$: 0.4659617325006424
$\delta < 1.1$: 0.7233624362001206
$\delta < 1.25$: 0.9302371540330191
$\delta < 1.25^2$: 0.9870289934641282
$\delta < 1.25^3$: 0.9961893452146685
MAE: 1.7146390856592202
InvMAE: 6.338620638920486
InvRMSE: 9.434678922767288
LogMAE: 8.295789061514146
LogSI: 11.059950551824835
Chamfer: 0.6798933046298831
F-Score: 46.02570023858474
IoU: 30.99315829218531
F-Score-20: 65.5752347685808
IoU-20: 49.85514552900396
