Ratio: 5.399999999999999
AbsRel: 7.075926649229867
SqRel: 1.9700574792495795
RMSE: 2.997354667697634
LogRMSE: 9.727098806585584
$\delta < 1.05$: 0.48494951456041097
$\delta < 1.1$: 0.8226525347872017
$\delta < 1.25$: 0.9745781528797445
$\delta < 1.25^2$: 0.9941917032349222
$\delta < 1.25^3$: 0.9975680876044807
MAE: 1.403808448782989
InvMAE: 4.7703447410038535
InvRMSE: 6.947369329248156
LogMAE: 6.5979893382958
LogSI: 7.847486863763991
Chamfer: 0.5446843757482295
F-Score: 48.14040109089443
IoU: 32.50217353548322
F-Score-20: 69.30621520996094
IoU-20: 54.01793255261013
