Ratio: 0.0678971195615943
AbsRel: 28.35944883823395
SqRel: 16.40448376920819
RMSE: 12.068984378933907
LogRMSE: 43.56310417938232
$\delta < 1.05$: 0.13470410527994567
$\delta < 1.1$: 0.2523448319570082
$\delta < 1.25$: 0.5141515801089603
$\delta < 1.25^2$: 0.7775334451462161
$\delta < 1.25^3$: 0.8934429604522861
MAE: 8.102425777256489
InvMAE: 1786.5087194890082
InvRMSE: 6887.985020513475
LogMAE: 32.04368962907791
LogSI: 41.437868665925976
Chamfer: 5.421893435687045
F-Score: 8.227086579823867
IoU: 4.494777865942102
F-Score-20: 15.692204592259602
IoU-20: 9.14343371062167
