Ratio: 21.207283820033073
AbsRel: 34.48842952632904
SqRel: 30.48982685184479
RMSE: 12.533194037556648
LogRMSE: 41.94387006568909
$\delta < 1.05$: 0.11765218136841557
$\delta < 1.1$: 0.2256233719234347
$\delta < 1.25$: 0.4846206495306249
$\delta < 1.25^2$: 0.7504348978004505
$\delta < 1.25^3$: 0.8751019025173714
MAE: 8.688923029839993
InvMAE: 21.055570679545404
InvRMSE: 28.084780642867088
LogMAE: 32.536908263206485
LogSI: 40.03412632749899
Chamfer: 4.585755696489762
F-Score: 8.83792919895053
IoU: 4.87417204258591
F-Score-20: 16.957316905856132
IoU-20: 9.932238626688719
