Ratio: 1.964533034176637
AbsRel: 29.292626324049923
SqRel: 19.83537426490667
RMSE: 1.0109584712016109
LogRMSE: 33.56825005388406
$\delta < 1.05$: 0.12746769223906126
$\delta < 1.1$: 0.24557908741952225
$\delta < 1.25$: 0.5257829725550038
$\delta < 1.25^2$: 0.825787811732782
$\delta < 1.25^3$: 0.9375907778475133
MAE: 0.7462638383702765
InvMAE: 116.68342900640738
InvRMSE: 155.74783060382995
LogMAE: 26.639742883338112
LogSI: 32.02795428575871
