Ratio: 0.4430837296009621
AbsRel: 23.579174078203486
SqRel: 12.671881435342156
RMSE: 0.9633196834987456
LogRMSE: 29.835740327105974
$\delta < 1.05$: 0.1467196463695527
$\delta < 1.1$: 0.2796933038085803
$\delta < 1.25$: 0.5790609482583575
$\delta < 1.25^2$: 0.8553205125246893
$\delta < 1.25^3$: 0.9568320281013297
MAE: 0.6763353781711983
InvMAE: 165.9293523665962
InvRMSE: 1185.0577011808343
LogMAE: 23.915815768985574
LogSI: 29.466169922442457
