Ratio: 0.6429378744591436
AbsRel: 39.59191234670757
SqRel: 64.7041563553905
RMSE: 7.403157438886793
LogRMSE: 72.57505447761864
$\delta < 1.05$: 0.12361838097786014
$\delta < 1.1$: 0.22634269176960908
$\delta < 1.25$: 0.43833121645088335
$\delta < 1.25^2$: 0.6685566638862562
$\delta < 1.25^3$: 0.792900140828355
MAE: 3.91090887476953
InvMAE: 5473.891293538586
InvRMSE: 27050.002795610788
LogMAE: 48.161225720798
LogSI: 69.28511834611558
Chamfer: 2.4988112223716525
F-Score: 32.794513510171164
IoU: 25.42402017230266
F-Score-20: 44.82442308159001
IoU-20: 35.86217586069087
