Ratio: 5.200548772820445
AbsRel: 51.50289807570608
SqRel: 114.9101181149251
RMSE: 7.0249635188417
LogRMSE: 63.13784411523901
$\delta < 1.05$: 0.10681317953229594
$\delta < 1.1$: 0.20591486633684675
$\delta < 1.25$: 0.4384828698261492
$\delta < 1.25^2$: 0.6778870982190407
$\delta < 1.25^3$: 0.7836052617869447
MAE: 3.973444675115877
InvMAE: 235.01962136284016
InvRMSE: 327.8427605466124
LogMAE: 46.06586674172342
LogSI: 58.73933525932268
Chamfer: 3.133911340470823
F-Score: 31.488066891377624
IoU: 23.191890200092033
F-Score-20: 44.79631620806655
IoU-20: 35.0642163903448
