Ratio: 6.9459710785650435
AbsRel: 30.979770247551702
SqRel: 38.89856612128596
RMSE: 9.379639409453638
LogRMSE: 36.933628903050575
$\delta < 1.05$: 0.15558315803486408
$\delta < 1.1$: 0.2961791425683954
$\delta < 1.25$: 0.5824158221783314
$\delta < 1.25^2$: 0.8179302017105
$\delta < 1.25^3$: 0.9110846729488646
MAE: 5.422846841619861
InvMAE: 30.053098910239434
InvRMSE: 43.70744601834205
LogMAE: 27.460439544185515
LogSI: 35.54925983032008
Chamfer: 2.850614743488661
F-Score: 12.876884707596995
IoU: 7.114806539300949
F-Score-20: 25.910412594426063
IoU-20: 15.745000954904864
Ratio-Edges: 7.612528888228672
AbsRel-Edges: 39.23954653272442
SqRel-Edges: 65.2218010612173
RMSE-Edges: 11.568572856763414
LogRMSE-Edges: 43.79595512315339
$\delta < 1.05$-Edges: 0.13244997279890697
$\delta < 1.1$-Edges: 0.24258123848775795
$\delta < 1.25$-Edges: 0.48686690245985703
$\delta < 1.25^2$-Edges: 0.7457810638575044
$\delta < 1.25^3$-Edges: 0.8730603245780364
MAE-Edges: 7.468369182223588
InvMAE-Edges: 28.474187909388075
InvRMSE-Edges: 42.63377029693205
LogMAE-Edges: 33.039231979145725
LogSI-Edges: 42.25166571946859
Chamfer-Edges: 4.462554369093517
F-Score-Edges: 7.567853585762136
IoU-Edges: 4.540695015764704
F-Score-20-Edges: 15.028530966962864
IoU-20-Edges: 9.208774322544048
DirAcc-Edges: 65.79571893969268
Dir (-)-Edges: 3.4228118503828475
Dir (+)-Edges: 30.781469209924467
EdgeAcc-Edges: 4.038016892413334
EdgeComp-Edges: 48.04711869800396
