Ratio: 6.776327182054519
AbsRel: 27.703867826461792
SqRel: 23.32213294968009
RMSE: 8.040312182754278
LogRMSE: 35.201770148277284
$\delta < 1.05$: 0.15554748931716106
$\delta < 1.1$: 0.29568271881865377
$\delta < 1.25$: 0.5885880676891548
$\delta < 1.25^2$: 0.8287115907484257
$\delta < 1.25^3$: 0.9216674041723971
MAE: 4.69739601790905
InvMAE: 26.489381888508795
InvRMSE: 35.7560838329792
LogMAE: 26.137030766010284
LogSI: 34.19056107892174
Chamfer: 2.6864216588927285
F-Score: 12.64517295077443
IoU: 6.926266947984695
F-Score-20: 25.310742359757423
IoU-20: 15.198181088268758
Ratio-Edges: 7.2905987203121185
AbsRel-Edges: 33.5894849383831
SqRel-Edges: 34.86654597632587
RMSE-Edges: 9.429296195805073
LogRMSE-Edges: 41.007707016468046
$\delta < 1.05$-Edges: 0.12740663384234374
$\delta < 1.1$-Edges: 0.23927066092537516
$\delta < 1.25$-Edges: 0.49722164959004445
$\delta < 1.25^2$-Edges: 0.7662676955314609
$\delta < 1.25^3$-Edges: 0.8882871386883086
MAE-Edges: 6.128068967629224
InvMAE-Edges: 28.337404380440713
InvRMSE-Edges: 39.265972534418104
LogMAE-Edges: 31.175004178285597
LogSI-Edges: 39.87873735094114
Chamfer-Edges: 3.6864289115107987
F-Score-Edges: 7.655953266583383
IoU-Edges: 4.312936598137021
F-Score-20-Edges: 16.030353510007263
IoU-20-Edges: 9.467170547693968
DirAcc-Edges: 69.87980254479734
Dir (-)-Edges: 4.273135299962312
Dir (+)-Edges: 25.847062155240348
EdgeAcc-Edges: 3.8812101372181065
EdgeComp-Edges: 55.92496268096147
