Ratio: 0.15541757164574502
AbsRel: 25.517536828441006
SqRel: 22.239961797441207
RMSE: 9.494462664742624
LogRMSE: 47.067032950924286
$\delta < 1.05$: 0.17417952853207563
$\delta < 1.1$: 0.3297206436686577
$\delta < 1.25$: 0.6245536377874403
$\delta < 1.25^2$: 0.8292224850102655
$\delta < 1.25^3$: 0.9102776165411698
MAE: 5.339691167396884
InvMAE: 2921.6440349058953
InvRMSE: 16454.134585367017
LogMAE: 28.8792129611969
LogSI: 45.76395194993824
Chamfer: 2.6677005580775632
F-Score: 14.612927160301517
IoU: 8.17531251787178
F-Score-20: 28.986582694207467
IoU-20: 18.0098890009234
Ratio-Edges: 0.13757401001787992
AbsRel-Edges: 30.85302327006471
SqRel-Edges: 25.94841148896155
RMSE-Edges: 10.623320939348025
LogRMSE-Edges: 44.1197096936843
$\delta < 1.05$-Edges: 0.13144244478381484
$\delta < 1.1$-Edges: 0.25076404587250606
$\delta < 1.25$-Edges: 0.5054919508620812
$\delta < 1.25^2$-Edges: 0.7553450371983809
$\delta < 1.25^3$-Edges: 0.8806351348331547
MAE-Edges: 6.849834044574718
InvMAE-Edges: 481.5076298980931
InvRMSE-Edges: 4938.144733405114
LogMAE-Edges: 32.01816223368925
LogSI-Edges: 42.96954644840879
Chamfer-Edges: 4.667962158969147
F-Score-Edges: 7.298962251462188
IoU-Edges: 4.1919798303858125
F-Score-20-Edges: 15.033542468695858
IoU-20-Edges: 9.21049850216878
DirAcc-Edges: 67.98704477394024
Dir (-)-Edges: 4.607943067589183
Dir (+)-Edges: 27.405012158470587
EdgeAcc-Edges: 4.260463596562857
EdgeComp-Edges: 59.15219902019136
