Ratio: 0.13337799963351438
AbsRel: 23.224494876265524
SqRel: 14.092374771907926
RMSE: 7.931209944188595
LogRMSE: 34.54182520151139
$\delta < 1.05$: 0.17223255994655481
$\delta < 1.1$: 0.32724160701899124
$\delta < 1.25$: 0.6382061877614261
$\delta < 1.25^2$: 0.8521506700275774
$\delta < 1.25^3$: 0.9295549366819137
MAE: 4.489721338562667
InvMAE: 199.68921557605267
InvRMSE: 2539.4086994594336
LogMAE: 24.23715094447136
LogSI: 33.99169713785137
Chamfer: 2.650876106759913
F-Score: 13.258541623055935
IoU: 7.26867973908782
F-Score-20: 26.53392590403557
IoU-20: 16.033489499688148
Ratio-Edges: 0.12117813359149675
AbsRel-Edges: 28.7006439435482
SqRel-Edges: 18.263958144038916
RMSE-Edges: 9.26497238136828
LogRMSE-Edges: 39.686295359134675
$\delta < 1.05$-Edges: 0.13458469357765826
$\delta < 1.1$-Edges: 0.2512306055102145
$\delta < 1.25$-Edges: 0.5196920998573895
$\delta < 1.25^2$-Edges: 0.7818736609972042
$\delta < 1.25^3$-Edges: 0.8938363792268598
MAE-Edges: 5.904678506869823
InvMAE-Edges: 92.09545990526676
InvRMSE-Edges: 1030.2564439570904
LogMAE-Edges: 29.964014359116554
LogSI-Edges: 38.835014586966324
Chamfer-Edges: 4.100358129581018
F-Score-Edges: 7.2306999154388905
IoU-Edges: 4.040033460222185
F-Score-20-Edges: 15.25091519922018
IoU-20-Edges: 8.928828859701753
DirAcc-Edges: 72.39050294223455
Dir (-)-Edges: 6.070039208380443
Dir (+)-Edges: 21.539457849385
EdgeAcc-Edges: 4.308100202283298
EdgeComp-Edges: 74.96509856334511
