Ratio: 0.37318761294453817
AbsRel: 23.644977867507933
SqRel: 12.001887582874298
RMSE: 1.484847942495346
LogRMSE: 36.70342242012024
$\delta < 1.05$: 0.15576474397430365
$\delta < 1.1$: 0.29823655553002953
$\delta < 1.25$: 0.6192106125485336
$\delta < 1.25^2$: 0.8470284160926698
$\delta < 1.25^3$: 0.9038755097040158
MAE: 0.8340180927813053
InvMAE: 115.5502205505371
InvRMSE: 330.6269303451538
LogMAE: 25.938411736297606
LogSI: 36.18534774935025
