Ratio: 1.9129615923643113
AbsRel: 29.11279976005554
SqRel: 18.401983507633208
RMSE: 1.5398075997948646
LogRMSE: 39.776633140563966
$\delta < 1.05$: 0.1318566142448531
$\delta < 1.1$: 0.25268123836369866
$\delta < 1.25$: 0.5361616143218271
$\delta < 1.25^2$: 0.7986768540899469
$\delta < 1.25^3$: 0.8879766412019355
MAE: 0.9285041578888893
InvMAE: 118.19466265563965
InvRMSE: 150.50123804626466
LogMAE: 29.409822176742555
LogSI: 38.732307457940074
