Ratio: 7.55219366979599
AbsRel: 23.05096002292633
SqRel: 16.302802780389786
RMSE: 16.258960741519928
LogRMSE: 30.936734483718872
$\delta < 1.05$: 0.20207439004603073
$\delta < 1.1$: 0.36059858456254623
$\delta < 1.25$: 0.633147852681413
$\delta < 1.25^2$: 0.8499209015634104
$\delta < 1.25^3$: 0.9604263179058621
MAE: 7.87695122551918
InvMAE: 12.957036066055299
InvRMSE: 22.13975454521179
LogMAE: 22.231114601135253
LogSI: 30.24950568718003
Chamfer: 2.7779888680608007
F-Score: 6.966397546112537
IoU: 3.6368787315785887
F-Score-20: 20.87847420203686
IoU-20: 11.847892755627631
