Ratio: 0.18239092401539386
AbsRel: 28.260494913101198
SqRel: 23.511866181373595
RMSE: 32.80869893789291
LogRMSE: 150.52779573631287
$\delta < 1.05$: 0.12047956454997286
$\delta < 1.1$: 0.24237191005771053
$\delta < 1.25$: 0.5946383615908212
$\delta < 1.25^2$: 0.8564614150306352
$\delta < 1.25^3$: 0.9193991117715229
MAE: 14.257632212162019
InvMAE: 22674.647971491337
InvRMSE: 118602.45018779278
LogMAE: 50.46369505786896
LogSI: 147.71744947070783
Chamfer: 3.6361701932614934
F-Score: 5.128193730950356
IoU: 2.671551018357277
F-Score-20: 16.51601752948761
IoU-20: 9.13462931919098
