Ratio: 0.13041793067515717
AbsRel: 20.106022013884324
SqRel: 22.756366071334252
RMSE: 1.1205644342074028
LogRMSE: 27.663917956719033
$\delta < 1.05$: 0.1983460671341749
$\delta < 1.1$: 0.36875327398084723
$\delta < 1.25$: 0.6881250303703967
$\delta < 1.25^2$: 0.8941806025945995
$\delta < 1.25^3$: 0.9558681519451084
MAE: 0.7378021714549798
InvMAE: 164.66895314143255
InvRMSE: 907.7106490325928
LogMAE: 20.943666687745313
LogSI: 27.237772965601803
