Ratio: 9.553781379765994
AbsRel: 62.067531416768986
SqRel: 531.3125382389188
RMSE: 10.260197852491798
LogRMSE: 56.44563305003761
$\delta < 1.05$: 0.1023360182186242
$\delta < 1.1$: 0.19717931106666434
$\delta < 1.25$: 0.417391160909046
$\delta < 1.25^2$: 0.6755223345954803
$\delta < 1.25^3$: 0.8118200603653706
MAE: 6.547250218054639
InvMAE: 48.15720032683402
InvRMSE: 100.9219394948985
LogMAE: 41.52273395777818
LogSI: 53.9374032390601
