Ratio: 0.11408830644009219
AbsRel: 40.85899812758236
SqRel: 102.90921076637747
RMSE: 9.804174894842866
LogRMSE: 56.56954790551566
$\delta < 1.05$: 0.10506910575012383
$\delta < 1.1$: 0.20282330871980425
$\delta < 1.25$: 0.42689562978604695
$\delta < 1.25^2$: 0.6728052882555351
$\delta < 1.25^3$: 0.8038641894026077
MAE: 6.18048394768762
InvMAE: 599.1341221808318
InvRMSE: 4885.487411269158
LogMAE: 42.041755406845844
LogSI: 53.20706035130095
