Ratio: 2.8610577750205994
AbsRel: 31.923255254305325
SqRel: 23.199358036334697
RMSE: 1.6720139620854304
LogRMSE: 39.85248063307542
$\delta < 1.05$: 0.11994067320525682
$\delta < 1.1$: 0.23164940047564056
$\delta < 1.25$: 0.49307378308339644
$\delta < 1.25^2$: 0.7791503519701517
$\delta < 1.25^3$: 0.9038228351284492
MAE: 1.1534387180667658
InvMAE: 138.15074900407058
InvRMSE: 183.6882882162241
LogMAE: 30.8154105083759
LogSI: 38.55574373647899
