Ratio: 5.399999999999999
AbsRel: 4.258936971766608
SqRel: 0.8038701036891767
RMSE: 2.0074573635842117
LogRMSE: 6.470299130848476
$\delta < 1.05$: 0.7430132364554808
$\delta < 1.1$: 0.9363300918759989
$\delta < 1.25$: 0.9910648823149294
$\delta < 1.25^2$: 0.9975505790557785
$\delta < 1.25^3$: 0.9989216609380265
MAE: 0.854374525770545
InvMAE: 3.0447393814155035
InvRMSE: 4.726726832389832
LogMAE: 4.075279890469142
LogSI: 5.548775228125442
Chamfer: 0.35587574781514103
F-Score: 62.2344403893607
IoU: 45.933286477497646
F-Score-20: 79.9527275793893
IoU-20: 67.25263399124145
