Ratio: 5.399999999999999
AbsRel: 8.103893060625696
SqRel: 2.3351089190805983
RMSE: 3.6229942653990963
LogRMSE: 11.938186320790484
$\delta < 1.05$: 0.5263791224551412
$\delta < 1.1$: 0.7494771786744246
$\delta < 1.25$: 0.9330983818594515
$\delta < 1.25^2$: 0.9873033736461536
$\delta < 1.25^3$: 0.9963729054302205
MAE: 1.6348617807304933
InvMAE: 5.776583595144237
InvRMSE: 8.626311721245935
LogMAE: 7.725655875688681
LogSI: 10.957007745155394
Chamfer: 0.6566988399737402
F-Score: 49.37590507221368
IoU: 33.84003719733171
F-Score-20: 67.22583408882282
IoU-20: 51.623085566093586
