Ratio: 20.928987252235412
AbsRel: 39.083516931533815
SqRel: 41.53741046476364
RMSE: 13.728979465782642
LogRMSE: 46.65968154907227
$\delta < 1.05$: 0.10380025824535684
$\delta < 1.1$: 0.1992198003202924
$\delta < 1.25$: 0.43370178078656973
$\delta < 1.25^2$: 0.7044609419493673
$\delta < 1.25^3$: 0.8459774078568639
MAE: 9.608754873096943
InvMAE: 23.602283935070037
InvRMSE: 31.27546948170662
LogMAE: 36.3297519903183
LogSI: 44.926010764451554
Chamfer: 4.266791837552606
F-Score: 8.425098727792502
IoU: 4.640949777364731
F-Score-20: 16.57363538843393
IoU-20: 9.684653485834598
