Ratio: 0.047341793188178445
AbsRel: 30.606846064567566
SqRel: 18.57452982753515
RMSE: 12.733093154132366
LogRMSE: 43.025445847034455
$\delta < 1.05$: 0.1220400669470459
$\delta < 1.1$: 0.22961825909349842
$\delta < 1.25$: 0.4767475813854611
$\delta < 1.25^2$: 0.7456569583596488
$\delta < 1.25^3$: 0.8743881601588239
MAE: 8.626148642808198
InvMAE: 303.6019606611729
InvRMSE: 2076.071892572701
LogMAE: 33.22589445614815
LogSI: 41.87019936334096
Chamfer: 6.5403495365017115
F-Score: 7.135883978775237
IoU: 3.925946076641325
F-Score-20: 13.71337814262649
IoU-20: 7.966253602753393
