Ratio: 1.9943492963044287
AbsRel: 30.205035973761788
SqRel: 19.460871341760736
RMSE: 1.0156727239535124
LogRMSE: 34.50554080986466
$\delta < 1.05$: 0.12056410840168433
$\delta < 1.1$: 0.23351922826459262
$\delta < 1.25$: 0.5116658218936452
$\delta < 1.25^2$: 0.8093260762331379
$\delta < 1.25^3$: 0.930103396884877
MAE: 0.7674455923179239
InvMAE: 121.033439117105
InvRMSE: 160.89201606960472
LogMAE: 27.558517736032467
LogSI: 33.16985754199824
