Ratio: 0.40139348707968636
AbsRel: 24.542794052613985
SqRel: 13.68523322907063
RMSE: 1.0065914298256786
LogRMSE: 30.903468525008687
$\delta < 1.05$: 0.13973100196489846
$\delta < 1.1$: 0.2661650778780737
$\delta < 1.25$: 0.5578519024442271
$\delta < 1.25^2$: 0.8425284377006177
$\delta < 1.25^3$: 0.9515230783272519
MAE: 0.703776110613018
InvMAE: 174.54675227057314
InvRMSE: 1326.5187284807912
LogMAE: 24.918708042267266
LogSI: 30.47588948794324
