Ratio: 5.110532170733767
AbsRel: 55.72104701653622
SqRel: 128.37163679267337
RMSE: 7.137602377779176
LogRMSE: 67.39911382278187
$\delta < 1.05$: 0.08409726873689226
$\delta < 1.1$: 0.16249271868721624
$\delta < 1.25$: 0.36537334534053933
$\delta < 1.25^2$: 0.6249185187545462
$\delta < 1.25^3$: 0.761447835812369
MAE: 4.068920136653065
InvMAE: 268.659294597498
InvRMSE: 357.8380381604986
LogMAE: 50.30047889634183
LogSI: 63.32433913505687
Chamfer: 2.671062589970759
F-Score: 29.687513269975994
IoU: 20.99015784676423
F-Score-20: 44.67189159906652
IoU-20: 34.46594506479336
