Ratio: 0.3766360310527079
AbsRel: 41.13399812564896
SqRel: 73.83797295894563
RMSE: 7.383861912950945
LogRMSE: 69.32917723872445
$\delta < 1.05$: 0.11132401499917333
$\delta < 1.1$: 0.2076667374959684
$\delta < 1.25$: 0.42028913901368387
$\delta < 1.25^2$: 0.6402497217432209
$\delta < 1.25^3$: 0.7751551732935389
MAE: 3.9549844185808345
InvMAE: 2865.0476737120507
InvRMSE: 16548.3104239198
LogMAE: 48.84976677512438
LogSI: 66.1201880406308
Chamfer: 2.6874758837877857
F-Score: 30.835288816077288
IoU: 23.13458525674266
F-Score-20: 45.013102471600305
IoU-20: 35.429651135598355
