Ratio: 0.12470691609589803
AbsRel: 23.450817108154297
SqRel: 15.285212959125637
RMSE: 8.029327902272344
LogRMSE: 34.58818353414536
$\delta < 1.05$: 0.17270299761815314
$\delta < 1.1$: 0.3279465977683472
$\delta < 1.25$: 0.6324657545297325
$\delta < 1.25^2$: 0.8529575136954166
$\delta < 1.25^3$: 0.9269888555893607
MAE: 4.550332270786166
InvMAE: 169.29769807904958
InvRMSE: 2375.923417048454
LogMAE: 24.49040029525757
LogSI: 34.03440856524825
Chamfer: 2.5288768245011317
F-Score: 13.918305123150349
IoU: 7.669653607606888
F-Score-20: 27.661758021116256
IoU-20: 16.834547214508056
Ratio-Edges: 0.10057021199857562
AbsRel-Edges: 28.84674298644066
SqRel-Edges: 18.27331997141242
RMSE-Edges: 9.277629406377674
LogRMSE-Edges: 39.76147290468216
$\delta < 1.05$-Edges: 0.1332034178613213
$\delta < 1.1$-Edges: 0.25154128110292884
$\delta < 1.25$-Edges: 0.5173605828375476
$\delta < 1.25^2$-Edges: 0.7783761313529897
$\delta < 1.25^3$-Edges: 0.8913197113703697
MAE-Edges: 5.9063006219640375
InvMAE-Edges: 45.86764391154051
InvRMSE-Edges: 340.19600133538245
LogMAE-Edges: 30.27420832514763
LogSI-Edges: 38.89730477163925
Chamfer-Edges: 3.92947151740334
F-Score-Edges: 7.30122395068407
IoU-Edges: 4.062585147097707
F-Score-20-Edges: 15.795941135287284
IoU-20-Edges: 9.23079175710678
DirAcc-Edges: 71.83854916144175
Dir (-)-Edges: 6.002448114742865
Dir (+)-Edges: 22.1590027238154
EdgeAcc-Edges: 3.856775188748644
EdgeComp-Edges: 34.61413236284684
