Ratio: 6.73544394671917
AbsRel: 28.24756595134735
SqRel: 25.004944673478604
RMSE: 8.121015910357237
LogRMSE: 35.680377008914945
$\delta < 1.05$: 0.1501970456172964
$\delta < 1.1$: 0.2865564979211436
$\delta < 1.25$: 0.5768099140764213
$\delta < 1.25^2$: 0.826354708546801
$\delta < 1.25^3$: 0.9216608795749458
MAE: 4.7915962394326925
InvMAE: 27.16133056908846
InvRMSE: 36.58669658243656
LogMAE: 26.57754083633423
LogSI: 34.63756076200187
Chamfer: 2.1803734349642756
F-Score: 13.127618337869643
IoU: 7.2021394416689875
F-Score-20: 26.266764165759085
IoU-20: 15.761248174905777
Ratio-Edges: 7.244815874397755
AbsRel-Edges: 35.55865011930466
SqRel-Edges: 38.636261572241786
RMSE-Edges: 9.765939620360733
LogRMSE-Edges: 43.056596920490264
$\delta < 1.05$-Edges: 0.11908092477589356
$\delta < 1.1$-Edges: 0.2280070387215442
$\delta < 1.25$-Edges: 0.48018371729072984
$\delta < 1.25^2$-Edges: 0.7509832854231668
$\delta < 1.25^3$-Edges: 0.8777285509299262
MAE-Edges: 6.355531843006611
InvMAE-Edges: 30.513688650131225
InvRMSE-Edges: 42.03752419829369
LogMAE-Edges: 32.63718091249466
LogSI-Edges: 41.80989762527392
Chamfer-Edges: 3.0554718518298376
F-Score-Edges: 7.330203135795891
IoU-Edges: 3.9341445441171525
F-Score-20-Edges: 16.531165461279453
IoU-20-Edges: 9.512926510162652
DirAcc-Edges: 69.46229485729948
Dir (-)-Edges: 4.665738920581081
Dir (+)-Edges: 25.871966222119436
EdgeAcc-Edges: 3.656484867058216
EdgeComp-Edges: 22.826651301767857
