Ratio: 0.143866135409982
AbsRel: 25.902265023569907
SqRel: 23.389432715985084
RMSE: 9.55294149007528
LogRMSE: 45.268169220339864
$\delta < 1.05$: 0.1725310485559981
$\delta < 1.1$: 0.3260370972494478
$\delta < 1.25$: 0.6183149693286895
$\delta < 1.25^2$: 0.8234958821100715
$\delta < 1.25^3$: 0.9077833590212331
MAE: 5.412593406236941
InvMAE: 2093.7008750001846
InvRMSE: 13708.204763660431
LogMAE: 28.570013213003836
LogSI: 44.195944262535946
Chamfer: 2.5765459851634556
F-Score: 14.783697518379457
IoU: 8.329790536972784
F-Score-20: 29.383221478462218
IoU-20: 18.36598301718312
Ratio-Edges: 0.12085264646435373
AbsRel-Edges: 31.124680705163993
SqRel-Edges: 25.055591585355646
RMSE-Edges: 10.774263256953823
LogRMSE-Edges: 45.785871290693095
$\delta < 1.05$-Edges: 0.12909985661851459
$\delta < 1.1$-Edges: 0.24839709098085544
$\delta < 1.25$-Edges: 0.5001147358066174
$\delta < 1.25^2$-Edges: 0.7490672028704696
$\delta < 1.25^3$-Edges: 0.8750021515940559
MAE-Edges: 6.9426525974877515
InvMAE-Edges: 764.263827245999
InvRMSE-Edges: 5861.025284859013
LogMAE-Edges: 32.8723052878785
LogSI-Edges: 44.55596889545704
Chamfer-Edges: 4.578546087606813
F-Score-Edges: 7.22419369960922
IoU-Edges: 4.154436645233163
F-Score-20-Edges: 15.33303766499937
IoU-20-Edges: 9.39376031455456
DirAcc-Edges: 66.99433991227629
Dir (-)-Edges: 4.7289822154236
Dir (+)-Edges: 28.276677872300116
EdgeAcc-Edges: 3.9222972513920418
EdgeComp-Edges: 29.18361828468687
