Ratio: 6.932811407427634
AbsRel: 32.44322130510884
SqRel: 44.57894706118491
RMSE: 9.59011719626765
LogRMSE: 37.666778929925734
$\delta < 1.05$: 0.1478191263568529
$\delta < 1.1$: 0.28448675900560544
$\delta < 1.25$: 0.569713561168581
$\delta < 1.25^2$: 0.8110124409705528
$\delta < 1.25^3$: 0.9079067193515546
MAE: 5.65852093969622
InvMAE: 30.180984021771337
InvRMSE: 44.01219537181239
LogMAE: 28.112679802679246
LogSI: 36.29926119353909
Chamfer: 2.400014886996975
F-Score: 12.908905045332448
IoU: 7.115622613853024
F-Score-20: 26.346508341297028
IoU-20: 15.923116016849395
Ratio-Edges: 7.48246358609667
AbsRel-Edges: 40.756223675472285
SqRel-Edges: 67.04186755317488
RMSE-Edges: 11.812544868117065
LogRMSE-Edges: 45.40120757046868
$\delta < 1.05$-Edges: 0.12630342407573222
$\delta < 1.1$-Edges: 0.23242474525838247
$\delta < 1.25$-Edges: 0.4711570787177574
$\delta < 1.25^2$-Edges: 0.7272078364946223
$\delta < 1.25^3$-Edges: 0.8601022571008278
MAE-Edges: 7.7413765484601065
InvMAE-Edges: 30.132449567863365
InvRMSE-Edges: 44.897979853823294
LogMAE-Edges: 34.426406459559026
LogSI-Edges: 43.82982154184242
Chamfer-Edges: 3.9396479445741113
F-Score-Edges: 7.533591601077248
IoU-Edges: 4.441512621939182
F-Score-20-Edges: 15.494198260237189
IoU-20-Edges: 9.504088118594456
DirAcc-Edges: 65.65311359408601
Dir (-)-Edges: 3.857752892045456
Dir (+)-Edges: 30.489133513868538
EdgeAcc-Edges: 3.812935078311462
EdgeComp-Edges: 22.503720747765385
