Ratio: 0.327151347927482
AbsRel: 24.45571798324585
SqRel: 12.442126235437394
RMSE: 1.53225258577466
LogRMSE: 38.534396001052855
$\delta < 1.05$: 0.1590002477752541
$\delta < 1.1$: 0.2998135061584697
$\delta < 1.25$: 0.6098369821919405
$\delta < 1.25^2$: 0.8343365889745981
$\delta < 1.25^3$: 0.8937868460286703
MAE: 0.8610362831652164
InvMAE: 119.37579497070313
InvRMSE: 371.6806944213867
LogMAE: 27.067215169906618
LogSI: 37.911587909137566
