Ratio: 1.8589116730690003
AbsRel: 29.659509996795656
SqRel: 18.77131945390701
RMSE: 1.5739594753503798
LogRMSE: 41.5527108543396
$\delta < 1.05$: 0.1406173243874245
$\delta < 1.1$: 0.26775963533688435
$\delta < 1.25$: 0.5429843536138272
$\delta < 1.25^2$: 0.7804581083052046
$\delta < 1.25^3$: 0.8743668664880808
MAE: 0.9535064170598984
InvMAE: 121.61147176818848
InvRMSE: 157.1547302886963
LogMAE: 30.314313111877443
LogSI: 40.60540422192631
