Ratio: 7.218343982219696
AbsRel: 21.567659625053405
SqRel: 15.269771491765976
RMSE: 17.419295929431915
LogRMSE: 30.004610820770264
$\delta < 1.05$: 0.1572710578975855
$\delta < 1.1$: 0.30113523556942523
$\delta < 1.25$: 0.6284303099552676
$\delta < 1.25^2$: 0.8869507349267136
$\delta < 1.25^3$: 0.9602619113293412
MAE: 8.460300422430038
InvMAE: 11.53666333436966
InvRMSE: 17.060493185043335
LogMAE: 22.106037996292113
LogSI: 29.438283981685835
Chamfer: 2.7607974010138694
F-Score: 5.794768333107233
IoU: 3.0379030166715384
F-Score-20: 17.631861966848373
IoU-20: 9.938242572128773
