Ratio: 0.19003200641614149
AbsRel: 20.706617185592652
SqRel: 17.85534730052948
RMSE: 32.02891903734207
LogRMSE: 156.264873544693
$\delta < 1.05$: 0.26279159146558767
$\delta < 1.1$: 0.4842059711380914
$\delta < 1.25$: 0.7644574517581243
$\delta < 1.25^2$: 0.8788241442058474
$\delta < 1.25^3$: 0.9257539507410816
MAE: 12.408516473531723
InvMAE: 22431.94714539814
InvRMSE: 126390.86829738617
LogMAE: 43.87228997135163
LogSI: 153.61652155973826
Chamfer: 3.0163769843618597
F-Score: 11.961943576574326
IoU: 6.465826458454132
F-Score-20: 33.10211826229096
IoU-20: 20.268597467899323
