Ratio: 0.12563354032777085
AbsRel: 18.603580443308903
SqRel: 14.018268166321974
RMSE: 1.0506193462243447
LogRMSE: 25.58841195033147
$\delta < 1.05$: 0.21555996148931372
$\delta < 1.1$: 0.39720885844329706
$\delta < 1.25$: 0.719906329461368
$\delta < 1.25^2$: 0.909473251244735
$\delta < 1.25^3$: 0.9633472556602088
MAE: 0.6760985000546162
InvMAE: 133.37734095500065
InvRMSE: 800.9772796733563
LogMAE: 19.200490919259877
LogSI: 25.23798841854789
