Ratio: 9.78509589214496
AbsRel: 55.28956067722474
SqRel: 469.7482844339892
RMSE: 9.270768773261741
LogRMSE: 52.45559050897846
$\delta < 1.05$: 0.12262162720252298
$\delta < 1.1$: 0.23185554167234035
$\delta < 1.25$: 0.473922030658234
$\delta < 1.25^2$: 0.7214392204143308
$\delta < 1.25^3$: 0.8396753748582376
MAE: 5.901347581046579
InvMAE: 44.40088086064086
InvRMSE: 97.79308058862729
LogMAE: 37.62236817749092
LogSI: 49.87003169841971
