Ratio: 0.12381571124221016
AbsRel: 38.46611570991208
SqRel: 103.7335876172968
RMSE: 9.626781944469487
LogRMSE: 55.462428321752846
$\delta < 1.05$: 0.12264680032692409
$\delta < 1.1$: 0.23334309148849566
$\delta < 1.25$: 0.4738311258315073
$\delta < 1.25^2$: 0.7054579846934208
$\delta < 1.25^3$: 0.8245553438957696
MAE: 5.919676299720602
InvMAE: 1032.8583277196628
InvRMSE: 7471.299961355235
LogMAE: 39.330196774059345
LogSI: 52.27603956199202
