Ratio: 3.396823776135078
AbsRel: 29.185650223952074
SqRel: 21.269918749882624
RMSE: 1.4058885235969838
LogRMSE: 36.389504171518176
$\delta < 1.05$: 0.137711450400904
$\delta < 1.1$: 0.26153527863713905
$\delta < 1.25$: 0.5366449471556437
$\delta < 1.25^2$: 0.8033447258981127
$\delta < 1.25^3$: 0.9156173910420564
MAE: 0.9831095224389663
InvMAE: 133.0396980872521
InvRMSE: 178.7698304601816
LogMAE: 28.23028388390174
LogSI: 35.09599259645704
