Ratio: 5.399999999999999
AbsRel: 5.424306831189564
SqRel: 1.6214273666803325
RMSE: 2.435312366804906
LogRMSE: 7.963212834426335
$\delta < 1.05$: 0.6730759122284867
$\delta < 1.1$: 0.8857564956804955
$\delta < 1.25$: 0.9739734051986628
$\delta < 1.25^2$: 0.9938444856248443
$\delta < 1.25^3$: 0.9984479956406338
MAE: 1.0124019375656332
InvMAE: 4.049761906862259
InvRMSE: 6.0141905086381096
LogMAE: 5.085143628120423
LogSI: 6.841067947902181
Chamfer: 0.4230580263804131
F-Score: 57.78078079659492
IoU: 42.2589258414773
F-Score-20: 76.46880114644766
IoU-20: 63.457829349253856
