Ratio: 5.399999999999999
AbsRel: 7.904872854428788
SqRel: 1.9918398883399422
RMSE: 3.5300206153487865
LogRMSE: 11.677608108959316
$\delta < 1.05$: 0.5285791084312516
$\delta < 1.1$: 0.7544462371859865
$\delta < 1.25$: 0.9310647241770864
$\delta < 1.25^2$: 0.9880128063312352
$\delta < 1.25^3$: 0.9970188342943473
MAE: 1.5944251455595158
InvMAE: 5.87167614552141
InvRMSE: 8.539397933731781
LogMAE: 7.665286859120328
LogSI: 10.62138884736528
Chamfer: 0.6471388747585587
F-Score: 49.635102830918655
IoU: 34.30243673912061
F-Score-20: 67.24490924600077
IoU-20: 52.0434225852047
