Ratio: 23.8496480230093
AbsRel: 34.7499192647934
SqRel: 30.36254901981354
RMSE: 12.832826976418495
LogRMSE: 43.4951301240921
$\delta < 1.05$: 0.11572855313260737
$\delta < 1.1$: 0.21961910816000033
$\delta < 1.25$: 0.464074723291514
$\delta < 1.25^2$: 0.7347471057595837
$\delta < 1.25^3$: 0.8690856391021555
MAE: 8.87833891826868
InvMAE: 22.56696643805504
InvRMSE: 30.995615284085275
LogMAE: 33.601552680015565
LogSI: 41.56677138915144
Chamfer: 4.172430739153607
F-Score: 8.596747912034392
IoU: 4.763235586650669
F-Score-20: 16.573873525619508
IoU-20: 9.74029183319211
