Ratio: 0.0458620264370953
AbsRel: 27.25109663105011
SqRel: 15.347893681913614
RMSE: 11.77023595136404
LogRMSE: 39.31936313629151
$\delta < 1.05$: 0.1441171202754037
$\delta < 1.1$: 0.26638038164536315
$\delta < 1.25$: 0.5336837369569494
$\delta < 1.25^2$: 0.7913765649178622
$\delta < 1.25^3$: 0.9006183098915251
MAE: 7.785438933551312
InvMAE: 373.6757984624803
InvRMSE: 2610.8527508937123
LogMAE: 29.484978786945344
LogSI: 38.38326523147436
Chamfer: 5.691031089899236
F-Score: 7.94353050102666
IoU: 4.395684214930982
F-Score-20: 15.058309285275637
IoU-20: 8.803739350048826
