Ratio: 1.9474910491285704
AbsRel: 26.444465991553912
SqRel: 15.59524437958312
RMSE: 0.9399751327271126
LogRMSE: 31.41028992772467
$\delta < 1.05$: 0.138451927159286
$\delta < 1.1$: 0.265293224689626
$\delta < 1.25$: 0.5583359612311996
$\delta < 1.25^2$: 0.8444947590743236
$\delta < 1.25^3$: 0.9475262379578182
MAE: 0.6924227953002723
InvMAE: 113.39050588695281
InvRMSE: 153.03669464041334
LogMAE: 24.998214383373202
LogSI: 30.05048014827648
