Ratio: 0.4120725812128004
AbsRel: 21.538109270439964
SqRel: 9.648757722399651
RMSE: 0.8785141967578766
LogRMSE: 27.24415368990067
$\delta < 1.05$: 0.1621385486722578
$\delta < 1.1$: 0.3052507706791206
$\delta < 1.25$: 0.6209106768541935
$\delta < 1.25^2$: 0.882515275137061
$\delta < 1.25^3$: 0.9667477212920744
MAE: 0.6272624681507228
InvMAE: 127.30133688340493
InvRMSE: 658.7774552861484
LogMAE: 21.91091364020601
LogSI: 26.91899277755349
