Ratio: 7.694740899812662
AbsRel: 54.2667171376744
SqRel: 144.9685107020991
RMSE: 7.356348260367316
LogRMSE: 66.03947118891483
$\delta < 1.05$: 0.08849781375168689
$\delta < 1.1$: 0.1709020907268833
$\delta < 1.25$: 0.37498413687712634
$\delta < 1.25^2$: 0.6320880809089068
$\delta < 1.25^3$: 0.7649953783717514
MAE: 4.123933365427706
InvMAE: 266.40866829347954
InvRMSE: 359.9749649167631
LogMAE: 49.423816546983126
LogSI: 61.47730648586546
Chamfer: 2.9359746030790332
F-Score: 30.024782641738227
IoU: 21.12921890693418
F-Score-20: 44.69219299763013
IoU-20: 34.59488536812472
