Ratio: 0.2900625603949479
AbsRel: 38.947350801178146
SqRel: 47.11786971422598
RMSE: 7.184394524535209
LogRMSE: 64.32245355679088
$\delta < 1.05$: 0.11375078666143588
$\delta < 1.1$: 0.21148066351171965
$\delta < 1.25$: 0.428703789975569
$\delta < 1.25^2$: 0.6653672767624224
$\delta < 1.25^3$: 0.7972826652881593
MAE: 3.8218579606433805
InvMAE: 2191.289282478913
InvRMSE: 11109.536196574241
LogMAE: 46.20361712469439
LogSI: 61.35136988758719
Chamfer: 2.982275417411796
F-Score: 29.60771312859326
IoU: 22.032212239976985
F-Score-20: 43.36234410652216
IoU-20: 34.02025392619998
