Ratio: 7.013991685375091
AbsRel: 29.438499319630285
SqRel: 37.94312613748735
RMSE: 9.326087039247636
LogRMSE: 35.71130361618534
$\delta < 1.05$: 0.1647881629924675
$\delta < 1.1$: 0.30914448758063867
$\delta < 1.25$: 0.5992367259009084
$\delta < 1.25^2$: 0.8314904224750155
$\delta < 1.25^3$: 0.919524398670798
MAE: 5.349509816227421
InvMAE: 28.02606587994483
InvRMSE: 41.21049143083634
LogMAE: 26.33285570267708
LogSI: 34.530655232114135
Chamfer: 2.484273776353224
F-Score: 13.82419171575577
IoU: 7.685744040608406
F-Score-20: 27.41841444415431
IoU-20: 16.77056350208098
Ratio-Edges: 7.763583562109205
AbsRel-Edges: 39.20316393858467
SqRel-Edges: 69.1395778768982
RMSE-Edges: 11.686988181888667
LogRMSE-Edges: 43.730114177005746
$\delta < 1.05$-Edges: 0.12938955694894688
$\delta < 1.1$-Edges: 0.23807270295038369
$\delta < 1.25$-Edges: 0.4855280806363175
$\delta < 1.25^2$-Edges: 0.7491693882623928
$\delta < 1.25^3$-Edges: 0.8752242221256538
MAE-Edges: 7.537387466430664
InvMAE-Edges: 28.405412159869872
InvRMSE-Edges: 42.52391641342562
LogMAE-Edges: 32.99540432886361
LogSI-Edges: 42.24088688483054
Chamfer-Edges: 4.219382847571275
F-Score-Edges: 7.360894487067765
IoU-Edges: 4.357201035048058
F-Score-20-Edges: 14.755293652824328
IoU-20-Edges: 8.97141954285257
DirAcc-Edges: 66.04962680358858
Dir (-)-Edges: 2.996043262612888
Dir (+)-Edges: 30.954329933798533
EdgeAcc-Edges: 3.6957101300006125
EdgeComp-Edges: 30.1397337903248
