Ratio: 0.15567576810829678
AbsRel: 24.877094388161936
SqRel: 23.51391001395641
RMSE: 9.640253838954433
LogRMSE: 49.08103403276013
$\delta < 1.05$: 0.17925057706473624
$\delta < 1.1$: 0.34011391419044684
$\delta < 1.25$: 0.6383196621575389
$\delta < 1.25^2$: 0.839943436574791
$\delta < 1.25^3$: 0.9142895913162533
MAE: 5.345316081383536
InvMAE: 3046.7545540831165
InvRMSE: 19828.341246800577
LogMAE: 28.268588030722835
LogSI: 47.97685292194254
Chamfer: 2.3779296286928893
F-Score: 15.263522725489832
IoU: 8.62294176790022
F-Score-20: 30.350347946997612
IoU-20: 19.080085418147426
Ratio-Edges: 0.1281920963528747
AbsRel-Edges: 30.56360050806033
SqRel-Edges: 25.506318376188965
RMSE-Edges: 10.773193691524805
LogRMSE-Edges: 46.8541717155307
$\delta < 1.05$-Edges: 0.13207135166905698
$\delta < 1.1$-Edges: 0.25138044861279357
$\delta < 1.25$-Edges: 0.5087564469998381
$\delta < 1.25^2$-Edges: 0.7591153688047871
$\delta < 1.25^3$-Edges: 0.8814769710483296
MAE-Edges: 6.875755181596949
InvMAE-Edges: 1062.8415169436169
InvRMSE-Edges: 8298.945587105378
LogMAE-Edges: 32.48074832679399
LogSI-Edges: 45.686654185008464
Chamfer-Edges: 4.365901698599569
F-Score-Edges: 7.223578998076371
IoU-Edges: 4.17504275767437
F-Score-20-Edges: 15.219595257597032
IoU-20-Edges: 9.350726238224242
DirAcc-Edges: 68.43798362642872
Dir (-)-Edges: 4.490403720789831
Dir (+)-Edges: 27.071612652781443
EdgeAcc-Edges: 3.7761450129232363
EdgeComp-Edges: 32.69373216935183
