Ratio: 0.1316101228627967
AbsRel: 22.793434015512467
SqRel: 14.537011389881373
RMSE: 8.10091761443764
LogRMSE: 36.19067469954491
$\delta < 1.05$: 0.17804659226853337
$\delta < 1.1$: 0.33548880095912126
$\delta < 1.25$: 0.6473556390623739
$\delta < 1.25^2$: 0.8592675455407763
$\delta < 1.25^3$: 0.9304557217752706
MAE: 4.535175426490605
InvMAE: 429.4668453961611
InvRMSE: 5244.289765998125
LogMAE: 24.110747562646864
LogSI: 35.639390462772546
Chamfer: 2.4585193618773893
F-Score: 14.201268979310989
IoU: 7.8648253828287125
F-Score-20: 27.834126815795898
IoU-20: 17.030585343241693
Ratio-Edges: 0.11355748720796541
AbsRel-Edges: 28.658407361507415
SqRel-Edges: 18.401431696414946
RMSE-Edges: 9.457779668308795
LogRMSE-Edges: 40.83696247935295
$\delta < 1.05$-Edges: 0.13470002064443018
$\delta < 1.1$-Edges: 0.2521852040994294
$\delta < 1.25$-Edges: 0.5214000409150047
$\delta < 1.25^2$-Edges: 0.7817925277960811
$\delta < 1.25^3$-Edges: 0.8932261988777169
MAE-Edges: 5.981229922641068
InvMAE-Edges: 186.4649932253361
InvRMSE-Edges: 2002.151534909606
LogMAE-Edges: 30.211350563764572
LogSI-Edges: 39.98333351236476
Chamfer-Edges: 3.931200861910116
F-Score-Edges: 7.279542701244354
IoU-Edges: 4.154669445119798
F-Score-20-Edges: 15.219291553199291
IoU-20-Edges: 8.987898865789175
DirAcc-Edges: 72.96182215112894
Dir (-)-Edges: 5.934295448316032
Dir (+)-Edges: 21.10388240055504
EdgeAcc-Edges: 3.7023091227444724
EdgeComp-Edges: 40.417425116051206
