Ratio: 6.711891125142574
AbsRel: 27.120233175754546
SqRel: 26.884230902791025
RMSE: 8.078714686855674
LogRMSE: 34.86598151922226
$\delta < 1.05$: 0.15467923199855746
$\delta < 1.1$: 0.2938100869971199
$\delta < 1.25$: 0.590253111751035
$\delta < 1.25^2$: 0.8377405231647316
$\delta < 1.25^3$: 0.9281463316048186
MAE: 4.6779856484755875
InvMAE: 26.31361753284931
InvRMSE: 35.75557448685169
LogMAE: 25.767362620830536
LogSI: 33.87102628725882
Chamfer: 2.3636509436990956
F-Score: 13.052957400977611
IoU: 7.198990426063538
F-Score-20: 25.70054362297058
IoU-20: 15.522412304580211
Ratio-Edges: 7.3797400450706485
AbsRel-Edges: 34.64370506286621
SqRel-Edges: 38.86808336094022
RMSE-Edges: 9.6827514462173
LogRMSE-Edges: 42.255567914247514
$\delta < 1.05$-Edges: 0.12366050167907729
$\delta < 1.1$-Edges: 0.23319435947269362
$\delta < 1.25$-Edges: 0.4879697950155047
$\delta < 1.25^2$-Edges: 0.7590863699444728
$\delta < 1.25^3$-Edges: 0.8842051273576825
MAE-Edges: 6.261683880407364
InvMAE-Edges: 29.834843922257424
InvRMSE-Edges: 41.31094444751739
LogMAE-Edges: 32.021139433383944
LogSI-Edges: 40.905179690192014
Chamfer-Edges: 3.380535354514171
F-Score-Edges: 7.3948995999991896
IoU-Edges: 4.157839646488428
F-Score-20-Edges: 15.821390960067511
IoU-20-Edges: 9.262193565070628
DirAcc-Edges: 69.99310480693458
Dir (-)-Edges: 3.963552908829273
Dir (+)-Edges: 26.043342284236132
EdgeAcc-Edges: 3.466063461841469
EdgeComp-Edges: 29.433995993798717
