Ratio: 2.003889101243019
AbsRel: 28.295660763549805
SqRel: 15.79427809791565
RMSE: 1.5216156402826309
LogRMSE: 41.310587071990966
$\delta < 1.05$: 0.13893681946001746
$\delta < 1.1$: 0.26449422256441696
$\delta < 1.25$: 0.5397644363336858
$\delta < 1.25^2$: 0.7905867586250993
$\delta < 1.25^3$: 0.8827348340625002
MAE: 0.9226728294014931
InvMAE: 125.9533964050293
InvRMSE: 165.85984493408202
LogMAE: 30.153335319519044
LogSI: 40.21029575828466
