Ratio: 0.283268651712905
AbsRel: 23.490066632652283
SqRel: 12.871168105769158
RMSE: 1.5009136024415493
LogRMSE: 37.28103180618286
$\delta < 1.05$: 0.1668166560431474
$\delta < 1.1$: 0.31615081753990615
$\delta < 1.25$: 0.6288582909838074
$\delta < 1.25^2$: 0.8401043599381974
$\delta < 1.25^3$: 0.8998256652999737
MAE: 0.8366582748949528
InvMAE: 129.697238822937
InvRMSE: 465.94403211517334
LogMAE: 26.07965808696747
LogSI: 36.68237528917228
