Scale: 0.07571095418555131
Shift: 0.0019236168512013522
AbsRel: 36.18835117357194
SqRel: 118.45144946144835
RMSE: 9.737016728440208
LogRMSE: 59.87123199535592
$\delta_{.05}$: 15.728543576863133
$\delta_{.1}$: 28.49996232594015
$\delta_{.25}$: 52.301056961506916
$\delta_{.25^2}$: 73.82424981556048
$\delta_{.25^3}$: 84.92743637184
MAE: 5.70480826102832
InvMAE: 3187.0493219855657
InvRMSE: 19002.78318988796
LogMAE: 37.69299768332409
LogSI: 56.75231634694496
