Scale: 0.11411463187410563
Shift: 0.24282187981302722
AbsRel: 18.27216512826773
SqRel: 34.55751894510709
RMSE: 1.2306760037862337
LogRMSE: 28.399127543522763
$\delta_{.05}$: 23.083725063255166
$\delta_{.1}$: 42.52666660398538
$\delta_{.25}$: 74.69617850726998
$\delta_{.25^2}$: 91.98697048802065
$\delta_{.25^3}$: 96.4869422577692
MAE: 0.6505280534579204
InvMAE: 1195.983998115246
InvRMSE: 7098.0352845412035
LogMAE: 19.135554561614992
LogSI: 27.972637790757403
