Scale: 0.18658791245988335
Shift: 0.17408356663552665
AbsRel: 22.063250956914477
SqRel: 124.7891019247814
RMSE: 1.2128454085200204
LogRMSE: 31.76789835396163
$\delta_{.05}$: 20.866351700291165
$\delta_{.1}$: 38.50750512153914
$\delta_{.25}$: 71.45409427750276
$\delta_{.25^2}$: 92.15972819170022
$\delta_{.25^3}$: 97.32302622377426
MAE: 0.4985557912538449
InvMAE: 1139.2008098841443
InvRMSE: 11458.489605486575
LogMAE: 19.408318595055047
LogSI: 31.492977399225865
