Scale: 0.2707527265168086
Shift: -0.00021170937258301948
AbsRel: 17.276231093597413
SqRel: 12.571981376814842
RMSE: 1.2916623808383942
LogRMSE: 27.39626618423462
$\delta_{.05}$: 24.520117057031573
$\delta_{.1}$: 44.78686490490956
$\delta_{.25}$: 76.42431438379201
$\delta_{.25^2}$: 90.53280324585191
$\delta_{.25^3}$: 95.1452646631951
MAE: 0.6446645453214646
InvMAE: 199.29566502456666
InvRMSE: 1989.807634439087
LogMAE: 18.214411989593504
LogSI: 27.136392967338494
