Ratio: 7.9226894330978395
AbsRel: 27.465625011444093
SqRel: 18.890152408599853
RMSE: 18.0532942943573
LogRMSE: 35.248151138305666
$\delta < 1.05$: 0.14428409543606727
$\delta < 1.1$: 0.2733755320374065
$\delta < 1.25$: 0.5384766112522557
$\delta < 1.25^2$: 0.7918723285411188
$\delta < 1.25^3$: 0.9414037296691786
MAE: 9.294353313446045
InvMAE: 15.01583083152771
InvRMSE: 23.709550316810606
LogMAE: 26.7489446182251
LogSI: 34.71579187577395
Chamfer: 2.989218949408062
F-Score: 5.4465168668329715
IoU: 2.8240201392918824
F-Score-20: 16.61441996240616
IoU-20: 9.210075253009796
