Ratio: 0.20762834775965994
AbsRel: 27.90309787082672
SqRel: 26.615512019634245
RMSE: 37.602596806526186
LogRMSE: 218.50617204475404
$\delta < 1.05$: 0.15727341684457963
$\delta < 1.1$: 0.3032388763897073
$\delta < 1.25$: 0.6379329626763794
$\delta < 1.25^2$: 0.8436581894072471
$\delta < 1.25^3$: 0.8969423040650981
MAE: 15.555122245550155
InvMAE: 40401.551375332354
InvRMSE: 182562.31471437932
LogMAE: 69.19961690521241
LogSI: 212.59384399157693
Chamfer: 3.4153483959908315
F-Score: 8.063600953340531
IoU: 4.292395400226116
F-Score-20: 23.154375415802
IoU-20: 13.35318049812317
