Ratio: 0.13774537195220432
AbsRel: 39.86520288877958
SqRel: 105.37869807904077
RMSE: 9.777847941814517
LogRMSE: 56.91061557675691
$\delta < 1.05$: 0.10883280872326934
$\delta < 1.1$: 0.20992938300171413
$\delta < 1.25$: 0.4405345784826278
$\delta < 1.25^2$: 0.6898614761017172
$\delta < 1.25^3$: 0.8152988492037108
MAE: 6.086842670969899
InvMAE: 989.6512062255578
InvRMSE: 7898.10032988343
LogMAE: 41.0325013639681
LogSI: 53.66917393074878
