Ratio: 3.299199291559366
AbsRel: 30.2241882617657
SqRel: 21.962090440163244
RMSE: 1.496195995257451
LogRMSE: 36.612906203636754
$\delta < 1.05$: 0.13279823200302487
$\delta < 1.1$: 0.25279417556474326
$\delta < 1.25$: 0.5270811113579379
$\delta < 1.25^2$: 0.8083135435611218
$\delta < 1.25^3$: 0.917336928458701
MAE: 1.048776628283354
InvMAE: 127.12244365692139
InvRMSE: 167.8535035441472
LogMAE: 28.516617807241587
LogSI: 35.22925034363282
