Ratio: 0.156750736335685
AbsRel: 19.432476378954373
SqRel: 13.137851120325235
RMSE: 1.1348979469675284
LogRMSE: 27.354414659646842
$\delta < 1.05$: 0.21085265733056066
$\delta < 1.1$: 0.385520171776656
$\delta < 1.25$: 0.7061332088104424
$\delta < 1.25^2$: 0.8994040570269877
$\delta < 1.25^3$: 0.9583115067144227
MAE: 0.7206862855645326
InvMAE: 311.42898636304415
InvRMSE: 1862.9665051445595
LogMAE: 20.281059101544894
LogSI: 26.96529558493204
