Ratio: 9.779079915162159
AbsRel: 56.39884848017329
SqRel: 419.1175892716566
RMSE: 9.496143133918267
LogRMSE: 54.88268491719336
$\delta < 1.05$: 0.10795769689313765
$\delta < 1.1$: 0.20760441436015417
$\delta < 1.25$: 0.44064983515375067
$\delta < 1.25^2$: 0.6980978380692585
$\delta < 1.25^3$: 0.8246408987405317
MAE: 6.109706301993853
InvMAE: 46.66766948657185
InvRMSE: 99.39600121600745
LogMAE: 39.90814830583307
LogSI: 52.069377202570884
