Ratio: 5.399999999999999
AbsRel: 4.373432440757751
SqRel: 2.574311103437628
RMSE: 2.4445313271028657
LogRMSE: 7.881867488792964
$\delta < 1.05$: 0.7686856472890473
$\delta < 1.1$: 0.9219189471048863
$\delta < 1.25$: 0.9843289313909986
$\delta < 1.25^2$: 0.9952926038580966
$\delta < 1.25^3$: 0.9974872351903257
MAE: 0.8917431492252009
InvMAE: 3.002140609366553
InvRMSE: 5.745491236277989
LogMAE: 4.0572654468672615
LogSI: 7.678000452062741
Chamfer: 0.342764517155171
F-Score: 67.49541150774274
IoU: 51.63645712716239
F-Score-20: 82.20323513031006
IoU-20: 70.37081084387643
