Ratio: 5.399999999999999
AbsRel: 7.622646525593623
SqRel: 2.2830371342233717
RMSE: 3.661228281588642
LogRMSE: 11.971700700514155
$\delta < 1.05$: 0.5432761190408397
$\delta < 1.1$: 0.7618497788802815
$\delta < 1.25$: 0.9354549213938204
$\delta < 1.25^2$: 0.9871356712526191
$\delta < 1.25^3$: 0.996221357537321
MAE: 1.6057079180709424
InvMAE: 5.571926303802092
InvRMSE: 8.618877680389428
LogMAE: 7.502196330234317
LogSI: 11.206496121024477
Chamfer: 0.5886052074580164
F-Score: 53.50554437359418
IoU: 37.51787941587483
F-Score-20: 70.51443214943073
IoU-20: 55.47348376651483
