Ratio: 20.920942155122756
AbsRel: 37.06023957443237
SqRel: 36.15050481915474
RMSE: 13.46927464401722
LogRMSE: 44.785113703727724
$\delta < 1.05$: 0.11030789768559754
$\delta < 1.1$: 0.2117003959381752
$\delta < 1.25$: 0.4538717155493219
$\delta < 1.25^2$: 0.7216531666688927
$\delta < 1.25^3$: 0.8575395667223915
MAE: 9.337159705877305
InvMAE: 22.44630596077442
InvRMSE: 29.66639537215233
LogMAE: 34.76619758224487
LogSI: 42.90339387208492
Chamfer: 4.121153913716651
F-Score: 9.564370432540775
IoU: 5.303808707587421
F-Score-20: 17.964148290395737
IoU-20: 10.586678481578828
