Ratio: 0.05572293234818519
AbsRel: 28.260215661042093
SqRel: 17.23255674880743
RMSE: 12.0587772321105
LogRMSE: 41.43624953985214
$\delta < 1.05$: 0.13918305804254022
$\delta < 1.1$: 0.25829764085028895
$\delta < 1.25$: 0.5220876317617682
$\delta < 1.25^2$: 0.7788514145546653
$\delta < 1.25^3$: 0.8912653850275036
MAE: 8.024463724404573
InvMAE: 577.0153757736757
InvRMSE: 3564.7965547931567
LogMAE: 30.731769418478013
LogSI: 40.45056675791458
Chamfer: 5.444799688678166
F-Score: 9.1526686148718
IoU: 5.088053955141455
F-Score-20: 16.780278965108096
IoU-20: 9.920383547335863
