Ratio: 0.3780975686145776
AbsRel: 23.320321840612895
SqRel: 10.85746912430368
RMSE: 0.934319399844069
LogRMSE: 29.698996223805512
$\delta < 1.05$: 0.1453670416997397
$\delta < 1.1$: 0.2769829860918826
$\delta < 1.25$: 0.5795053962921259
$\delta < 1.25^2$: 0.8574489367397045
$\delta < 1.25^3$: 0.9562583900446511
MAE: 0.6760248114847627
InvMAE: 162.6891255684949
InvRMSE: 870.6262940573037
LogMAE: 23.894947380830025
LogSI: 29.335179265549407
