Ratio: 1.9709745655548316
AbsRel: 30.877529672161884
SqRel: 33.20156394633314
RMSE: 1.1092088996726075
LogRMSE: 35.02508542442905
$\delta < 1.05$: 0.11368437433982077
$\delta < 1.1$: 0.22067635168811034
$\delta < 1.25$: 0.4923717316641952
$\delta < 1.25^2$: 0.8037670018582442
$\delta < 1.25^3$: 0.9323818356110156
MAE: 0.7989405852027625
InvMAE: 121.77698643418992
InvRMSE: 158.28208013995342
LogMAE: 28.126391339374972
LogSI: 33.56757018921183
