Ratio: 5.903478893737473
AbsRel: 53.0170289256356
SqRel: 120.3847483248089
RMSE: 6.936368898391438
LogRMSE: 64.52257073438909
$\delta < 1.05$: 0.10053673805131101
$\delta < 1.1$: 0.19134622343793983
$\delta < 1.25$: 0.4104548226189141
$\delta < 1.25^2$: 0.6593513737946846
$\delta < 1.25^3$: 0.7772169797902871
MAE: 3.893616214408829
InvMAE: 248.9899671632137
InvRMSE: 336.45809342935326
LogMAE: 47.695053917825504
LogSI: 60.247632881154296
Chamfer: 2.7644486752149584
F-Score: 31.596699791126184
IoU: 22.443252546570996
F-Score-20: 46.70876157561843
IoU-20: 36.65149253915514
