Ratio: 0.4318238520880937
AbsRel: 39.94051414482902
SqRel: 57.85052900399175
RMSE: 7.368239126425753
LogRMSE: 70.46921095380372
$\delta < 1.05$: 0.11558560544905054
$\delta < 1.1$: 0.21312302734350042
$\delta < 1.25$: 0.4327294503926548
$\delta < 1.25^2$: 0.6665023873165598
$\delta < 1.25^3$: 0.7870855491957333
MAE: 3.880062525854869
InvMAE: 4268.051825222929
InvRMSE: 20890.77489948116
LogMAE: 48.24314471329228
LogSI: 67.15818329338317
Chamfer: 2.6103241745942074
F-Score: 31.9629273184056
IoU: 23.85236634971623
F-Score-20: 45.49103442240132
IoU-20: 35.95332259781409
