Ratio: 0.15647981320652504
AbsRel: 25.789425983736592
SqRel: 24.616157659196084
RMSE: 9.638286462099321
LogRMSE: 48.00228886019799
$\delta < 1.05$: 0.17392110788938497
$\delta < 1.1$: 0.32978367168839695
$\delta < 1.25$: 0.6256121023310323
$\delta < 1.25^2$: 0.8280090154494443
$\delta < 1.25^3$: 0.9079407665439472
MAE: 5.397326245836673
InvMAE: 2420.056144167377
InvRMSE: 18026.04303425512
LogMAE: 28.51346417519354
LogSI: 46.90412990911952
Chamfer: 2.449761880691552
F-Score: 15.819723437178519
IoU: 8.932897110542944
F-Score-20: 30.69313906761908
IoU-20: 19.264432738673303
Ratio-Edges: 0.139106679466606
AbsRel-Edges: 31.053735168307437
SqRel-Edges: 27.370491782726805
RMSE-Edges: 10.711933371195801
LogRMSE-Edges: 45.118518740211435
$\delta < 1.05$-Edges: 0.12817965193287004
$\delta < 1.1$-Edges: 0.24806661727065146
$\delta < 1.25$-Edges: 0.5047996759571072
$\delta < 1.25^2$-Edges: 0.7551538158785661
$\delta < 1.25^3$-Edges: 0.879160907471553
MAE-Edges: 6.8932574708915615
InvMAE-Edges: 667.8062409936992
InvRMSE-Edges: 6062.097560099995
LogMAE-Edges: 32.33454620697919
LogSI-Edges: 43.94971626503469
Chamfer-Edges: 4.383335321439155
F-Score-Edges: 7.782454092537655
IoU-Edges: 4.5231200969491905
F-Score-20-Edges: 16.01061713539697
IoU-20-Edges: 9.844587903747371
DirAcc-Edges: 67.47385828053541
Dir (-)-Edges: 4.7525240666954645
Dir (+)-Edges: 27.77361765276913
EdgeAcc-Edges: 3.896780158487327
EdgeComp-Edges: 26.87409040327743
