Ratio: 0.13602207383952755
AbsRel: 23.228479689359666
SqRel: 15.052023954689503
RMSE: 8.102769683375955
LogRMSE: 37.95600587844849
$\delta < 1.05$: 0.17407623551600082
$\delta < 1.1$: 0.3303728478913179
$\delta < 1.25$: 0.6413176497118797
$\delta < 1.25^2$: 0.8546186521626402
$\delta < 1.25^3$: 0.9279020634970797
MAE: 4.573776753097772
InvMAE: 534.4630539423227
InvRMSE: 7054.593785544038
LogMAE: 24.581719086170196
LogSI: 37.376423837929885
Chamfer: 2.3969527995034663
F-Score: 15.139481052160264
IoU: 8.435960197001696
F-Score-20: 28.872430355548858
IoU-20: 17.709808092713356
Ratio-Edges: 0.11489233419613176
AbsRel-Edges: 28.81975725889206
SqRel-Edges: 18.447502488270402
RMSE-Edges: 9.326322998069227
LogRMSE-Edges: 39.908905968666076
$\delta < 1.05$-Edges: 0.13314064635657769
$\delta < 1.1$-Edges: 0.25009992666912817
$\delta < 1.25$-Edges: 0.5182009928152326
$\delta < 1.25^2$-Edges: 0.7802937372937635
$\delta < 1.25^3$-Edges: 0.8926144240334021
MAE-Edges: 5.948105817306787
InvMAE-Edges: 74.55700899064541
InvRMSE-Edges: 877.3532522809505
LogMAE-Edges: 30.18464043021202
LogSI-Edges: 39.036221079539274
Chamfer-Edges: 3.87479589844992
F-Score-Edges: 7.877058582603931
IoU-Edges: 4.408566000834107
F-Score-20-Edges: 16.27281904309988
IoU-20-Edges: 9.581536133140325
DirAcc-Edges: 72.03240205399663
Dir (-)-Edges: 6.045222402096824
Dir (+)-Edges: 21.922375543906536
EdgeAcc-Edges: 3.7660982824697955
EdgeComp-Edges: 38.59848877993278
