Ratio: 7.220263196576026
AbsRel: 30.641917280997
SqRel: 41.87682252014837
RMSE: 9.28301374356593
LogRMSE: 36.57951970869495
$\delta < 1.05$: 0.1598472948566043
$\delta < 1.1$: 0.3009792991334693
$\delta < 1.25$: 0.5885707642419036
$\delta < 1.25^2$: 0.8197160281330056
$\delta < 1.25^3$: 0.9131109755517258
MAE: 5.403938093608425
InvMAE: 28.83827377811555
InvRMSE: 42.400317109630954
LogMAE: 27.187470178911763
LogSI: 35.303194046521575
Chamfer: 2.6041680824028917
F-Score: 14.18973937711408
IoU: 7.918918401848885
F-Score-20: 27.707161594206287
IoU-20: 17.02571204754614
Ratio-Edges: 8.004623265048258
AbsRel-Edges: 38.45112974939783
SqRel-Edges: 63.96252454172552
RMSE-Edges: 11.128712350344346
LogRMSE-Edges: 43.11191021788354
$\delta < 1.05$-Edges: 0.13298545080218546
$\delta < 1.1$-Edges: 0.24496426152078907
$\delta < 1.25$-Edges: 0.49343850328639854
$\delta < 1.25^2$-Edges: 0.7520633419322373
$\delta < 1.25^3$-Edges: 0.8761009215585701
MAE-Edges: 7.216850040624149
InvMAE-Edges: 28.30189269562952
InvRMSE-Edges: 42.43844976736829
LogMAE-Edges: 32.57471534037123
LogSI-Edges: 41.670960651170546
Chamfer-Edges: 4.083020287847014
F-Score-Edges: 8.289432871926065
IoU-Edges: 5.009803382010242
F-Score-20-Edges: 16.08374258642103
IoU-20-Edges: 9.877611042432536
DirAcc-Edges: 65.4293396245217
Dir (-)-Edges: 3.268343906354584
Dir (+)-Edges: 31.302316469123717
EdgeAcc-Edges: 3.8391139090078723
EdgeComp-Edges: 22.03726974017549
