Ratio: 6.999237150251865
AbsRel: 27.014669259786604
SqRel: 22.196671348810195
RMSE: 8.006739063337445
LogRMSE: 34.86150976657868
$\delta < 1.05$: 0.15544862834239742
$\delta < 1.1$: 0.2926842314896751
$\delta < 1.25$: 0.5887374858552649
$\delta < 1.25^2$: 0.8319151999905702
$\delta < 1.25^3$: 0.9237160059633228
MAE: 4.7066107583045955
InvMAE: 25.755758511424066
InvRMSE: 34.92699605703354
LogMAE: 25.98518555879593
LogSI: 33.87881110851891
Chamfer: 2.3781906734610563
F-Score: 14.123694882839919
IoU: 7.842683197408914
F-Score-20: 27.02808646321297
IoU-20: 16.389912442862986
Ratio-Edges: 7.634624946117401
AbsRel-Edges: 33.661029804944995
SqRel-Edges: 37.392339549139145
RMSE-Edges: 9.38541960582137
LogRMSE-Edges: 41.355497196912765
$\delta < 1.05$-Edges: 0.12906704024007057
$\delta < 1.1$-Edges: 0.2420465379321174
$\delta < 1.25$-Edges: 0.49792951728065205
$\delta < 1.25^2$-Edges: 0.7640185533570579
$\delta < 1.25^3$-Edges: 0.8851999454297536
MAE-Edges: 6.094001505803317
InvMAE-Edges: 28.571817708611487
InvRMSE-Edges: 39.45232162773609
LogMAE-Edges: 31.40442175745964
LogSI-Edges: 40.1358074170214
Chamfer-Edges: 3.3578624096059766
F-Score-Edges: 8.483066218495368
IoU-Edges: 4.738835565410555
F-Score-20-Edges: 17.710926449000837
IoU-20-Edges: 10.557231258302927
DirAcc-Edges: 69.48923857368007
Dir (-)-Edges: 4.173714967279953
Dir (+)-Edges: 26.337046459039986
EdgeAcc-Edges: 3.6082735726676134
EdgeComp-Edges: 22.21945482459543
