Ratio: 0.29419809666964786
AbsRel: 24.187312100982666
SqRel: 11.8301573884964
RMSE: 1.5109456159949302
LogRMSE: 38.05999615592957
$\delta < 1.05$: 0.15777876119294368
$\delta < 1.1$: 0.30049226654150196
$\delta < 1.25$: 0.611605313673548
$\delta < 1.25^2$: 0.8351852218813274
$\delta < 1.25^3$: 0.8963781324474125
MAE: 0.8529717287003994
InvMAE: 111.75850005950927
InvRMSE: 256.85499529571536
LogMAE: 26.783956434631346
LogSI: 37.46559088271061
