Ratio: 1.9027988629579544
AbsRel: 30.61441156349182
SqRel: 19.0488470580101
RMSE: 1.546616196811199
LogRMSE: 41.685041118621825
$\delta < 1.05$: 0.12432050732203577
$\delta < 1.1$: 0.23889862299121742
$\delta < 1.25$: 0.5070499636843008
$\delta < 1.25^2$: 0.7749011875782068
$\delta < 1.25^3$: 0.8807356276341943
MAE: 0.9722489617228508
InvMAE: 125.20060622711182
InvRMSE: 160.3296955657959
LogMAE: 31.16550083694458
LogSI: 40.739775001752484
