MAE: 2.232937232208398
RMSE: 4.704210466219604
InvMAE: 8.777840277168648
InvRMSE: 13.611480968130147
LogMAE: 11.185689764520141
LogRMSE: 17.354557496638385
LogSI: 16.13282764913546
AbsRel: 11.42906033407691
SqRel: 4.699247488946271
ChamferDist: 0.8737940056923709
F-Score: 43.03647461771234
IoU: 28.348523606551936
F-Score-20: 60.93929140041211
IoU-20: 45.00129085706055
