MAE: 1.5288170765127453
RMSE: 3.613415608193193
InvMAE: 5.75881414106914
InvRMSE: 9.573484210968017
LogMAE: 7.408727757930755
LogRMSE: 12.266580150468009
LogSI: 11.39309353098028
AbsRel: 7.913482754571097
SqRel: 3.1528019075521403
ChamferDist: 0.5904638962873391
F-Score: 49.71734289973974
IoU: 34.301975879743694
F-Score-20: 68.5025196644238
IoU-20: 53.358298535006384
