AbsRel: 0.1305990925638628
SqRel: 1.0679502362756852
RMSE: 5.388691748231863
LogRMSE: 0.22619740006485833
$\delta < 1.25$: 0.8255342585390664
$\delta < 1.25^2$: 0.9380170859092841
$\delta < 1.25^3$: 0.9716994793462792
ChamferDist: 1.030894440934169
F-Score: 22.248223090702012
IoU: 12.66516797605854
F-Score-20: 47.65450776700823
IoU-20: 31.667723808261208
