Scale: 0.0776333188401401
Shift: 0.012254907707697228
AbsRel: 35.76124940966277
SqRel: 115.31278984054856
RMSE: 9.495754519719714
LogRMSE: 55.99440083909997
$\delta_{.05}$: 15.739651357949354
$\delta_{.1}$: 28.44825149393337
$\delta_{.25}$: 52.600513620046506
$\delta_{.25^2}$: 74.02203700214574
$\delta_{.25^3}$: 84.92417686012315
MAE: 5.626919964236529
InvMAE: 2391.753010274049
InvRMSE: 13806.246894158056
LogMAE: 36.7677188390039
LogSI: 52.9559034453108
