Scale: 0.15837092320939875
Shift: 0.17424533524514102
AbsRel: 17.038682118195755
SqRel: 11.551489764268581
RMSE: 1.0469822702041038
LogRMSE: 26.43440839620737
$\delta_{.05}$: 23.70349456195741
$\delta_{.1}$: 43.15414312924957
$\delta_{.25}$: 75.9861971634439
$\delta_{.25^2}$: 92.49254846533583
$\delta_{.25^3}$: 97.13710933915172
MAE: 0.5998666257124681
InvMAE: 1084.901318007249
InvRMSE: 5635.520919682429
LogMAE: 18.081120198323177
LogSI: 26.055012619733617
