Scale: 0.3095178812311282
Shift: -0.008646320930028458
AbsRel: 14.22804935627392
SqRel: 6.9795238364499275
RMSE: 0.5962190236953238
LogRMSE: 18.97189381363195
$\delta_{.05}$: 26.75862359058915
$\delta_{.1}$: 47.87286114363909
$\delta_{.25}$: 80.52163784790949
$\delta_{.25^2}$: 96.1749732161493
$\delta_{.25^3}$: 99.13830942474233
MAE: 0.3575440879899792
InvMAE: 239.25360308655905
InvRMSE: 1423.7747358765441
LogMAE: 14.20123895446824
LogSI: 18.868940952220207
