Scale: 0.2801861541962626
Shift: 0.03366626444140891
AbsRel: 17.238814498996735
SqRel: 7.7761281423211095
RMSE: 1.214910427543521
LogRMSE: 27.247712630844116
$\delta_{.05}$: 24.062082473084917
$\delta_{.1}$: 43.90544073326718
$\delta_{.25}$: 75.97214746620125
$\delta_{.25^2}$: 89.9100786054242
$\delta_{.25^3}$: 94.57256316605715
MAE: 0.6484510639965534
InvMAE: 127.62916076583862
InvRMSE: 799.9447732315064
LogMAE: 18.547190871429443
LogSI: 26.946566832580494
