Ratio: 7.142466084957123
AbsRel: 26.262857208251955
SqRel: 16.620206387042998
RMSE: 18.78214936876297
LogRMSE: 35.0127948551178
$\delta < 1.05$: 0.12744089930726205
$\delta < 1.1$: 0.2428278525162344
$\delta < 1.25$: 0.5144997728583727
$\delta < 1.25^2$: 0.8311573865957007
$\delta < 1.25^3$: 0.9435987522017363
MAE: 9.636577509403228
InvMAE: 14.18413938808441
InvRMSE: 20.694889546394347
LogMAE: 26.761753034591674
LogSI: 34.39810060388983
Chamfer: 2.9869917489027826
F-Score: 4.4051785025894645
IoU: 2.280547419860959
F-Score-20: 13.2955329246521
IoU-20: 7.244494473874569
