Ratio: 0.21004397309121514
AbsRel: 23.45995395755768
SqRel: 19.88542382144928
RMSE: 32.69273655700684
LogRMSE: 172.16404001998902
$\delta < 1.05$: 0.191324108259576
$\delta < 1.1$: 0.36552938771309845
$\delta < 1.25$: 0.7142197138407228
$\delta < 1.25^2$: 0.8624678306826276
$\delta < 1.25^3$: 0.9149943291445723
MAE: 13.180158637046814
InvMAE: 26585.682204587458
InvRMSE: 140437.66186636352
LogMAE: 51.32480745792389
LogSI: 168.59850034326962
Chamfer: 3.0668813006954627
F-Score: 8.285890690803528
IoU: 4.354348696708679
F-Score-20: 24.431543862342835
IoU-20: 14.084949739933014
