Ratio: 0.1187848002052247
AbsRel: 39.88994039655266
SqRel: 102.13278443877472
RMSE: 9.684854558230516
LogRMSE: 55.69319632448958
$\delta < 1.05$: 0.11117205211535967
$\delta < 1.1$: 0.21123460309463557
$\delta < 1.25$: 0.43937370308697726
$\delta < 1.25^2$: 0.6861208497610067
$\delta < 1.25^3$: 0.8101515265103284
MAE: 6.07888021637506
InvMAE: 534.9368484394432
InvRMSE: 4219.546468219415
LogMAE: 41.08576597440403
LogSI: 52.45589235591121
