Ratio: 9.599355753494486
AbsRel: 60.06356760418468
SqRel: 491.53349696093073
RMSE: 10.122488313058032
LogRMSE: 56.967877338819974
$\delta < 1.05$: 0.10221655400690573
$\delta < 1.1$: 0.19704671017505113
$\delta < 1.25$: 0.4214515728393873
$\delta < 1.25^2$: 0.6756485571243045
$\delta < 1.25^3$: 0.8106340576365982
MAE: 6.509953496702049
InvMAE: 48.72367840711311
InvRMSE: 101.00685046071963
LogMAE: 41.68220409470289
LogSI: 53.745423585105435
