Ratio: 2.6233524283995995
AbsRel: 35.41171409020057
SqRel: 27.121282388246975
RMSE: 1.7008686523712597
LogRMSE: 44.497762967623196
$\delta < 1.05$: 0.10620828778945428
$\delta < 1.1$: 0.20376866851942954
$\delta < 1.25$: 0.4389701756681699
$\delta < 1.25^2$: 0.7203268673906655
$\delta < 1.25^3$: 0.8688604151716259
MAE: 1.2290487551001401
InvMAE: 166.74293357262243
InvRMSE: 220.31903650430533
LogMAE: 35.056212950486405
LogSI: 42.59866924238479
