Ratio: 0.10438634739092545
AbsRel: 19.15821209320655
SqRel: 13.108006217296307
RMSE: 1.0745514954282687
LogRMSE: 26.557701483506424
$\delta < 1.05$: 0.21781078989746103
$\delta < 1.1$: 0.3910795830295823
$\delta < 1.25$: 0.7077249977859085
$\delta < 1.25^2$: 0.8999279752580595
$\delta < 1.25^3$: 0.9587073287043717
MAE: 0.7098315271276694
InvMAE: 124.10523012014536
InvRMSE: 443.06871265704814
LogMAE: 19.961953367086558
LogSI: 26.188374555664762
