Ratio: 5.399999999999999
AbsRel: 4.427200112342835
SqRel: 3.876949305401317
RMSE: 2.6128956386446953
LogRMSE: 8.458499713625226
$\delta < 1.05$: 0.797886148290143
$\delta < 1.1$: 0.9259454087052895
$\delta < 1.25$: 0.9808979715391748
$\delta < 1.25^2$: 0.9935630085644448
$\delta < 1.25^3$: 0.9966185542178908
MAE: 0.9146838938764164
InvMAE: 2.8666469321932113
InvRMSE: 6.0632595983573365
LogMAE: 4.012373730966023
LogSI: 8.159283736787915
Chamfer: 0.3784516060624576
F-Score: 65.43712905338832
IoU: 49.39397242137364
F-Score-20: 80.01123193468366
IoU-20: 67.35831075668335
