Ratio: 5.399999999999999
AbsRel: 7.676659953009131
SqRel: 2.420930587920857
RMSE: 3.7108330390204682
LogRMSE: 12.261814212506534
$\delta < 1.05$: 0.5555630054011171
$\delta < 1.1$: 0.7656086927620949
$\delta < 1.25$: 0.9333677238252251
$\delta < 1.25^2$: 0.9858450305280044
$\delta < 1.25^3$: 0.9955791943690889
MAE: 1.6103190587250733
InvMAE: 5.615858963479294
InvRMSE: 9.033279608363754
LogMAE: 7.510266233075616
LogSI: 11.482976732822728
Chamfer: 0.6357994081047113
F-Score: 51.46457997202142
IoU: 35.64773928278063
F-Score-20: 68.43041653135803
IoU-20: 53.04468042280045
