Ratio: 0.05812102968043619
AbsRel: 28.60317706489563
SqRel: 16.481801198974253
RMSE: 12.169831245362758
LogRMSE: 43.28625589323044
$\delta < 1.05$: 0.1353798755355446
$\delta < 1.1$: 0.2524411385671703
$\delta < 1.25$: 0.5121617735986564
$\delta < 1.25^2$: 0.7725146735982662
$\delta < 1.25^3$: 0.8901778836927242
MAE: 8.192220837324857
InvMAE: 1755.7680220417678
InvRMSE: 5149.162056583643
LogMAE: 32.36675816082954
LogSI: 41.103140866575764
Chamfer: 6.359580212512122
F-Score: 6.423229650517926
IoU: 3.4531458763577976
F-Score-20: 12.430406054291874
IoU-20: 7.095992080245167
