Ratio: 21.835517500519753
AbsRel: 37.19040417861938
SqRel: 36.54632056844235
RMSE: 13.223388688981533
LogRMSE: 44.12865535259247
$\delta < 1.05$: 0.11088527568390935
$\delta < 1.1$: 0.21228110850797127
$\delta < 1.25$: 0.45860463420320285
$\delta < 1.25^2$: 0.7249147678886295
$\delta < 1.25^3$: 0.8615585086521976
MAE: 9.239176120400428
InvMAE: 22.175854994773864
InvRMSE: 29.324129538178443
LogMAE: 34.369681617736816
LogSI: 41.949296723884366
Chamfer: 5.159993149279729
F-Score: 6.794362902745605
IoU: 3.6947923800721765
F-Score-20: 13.301680267572403
IoU-20: 7.621670152783394
