Ratio: 0.4023907515529605
AbsRel: 22.526602664125075
SqRel: 10.175585840683464
RMSE: 0.90039655583304
LogRMSE: 28.563363325340667
$\delta < 1.05$: 0.15293144570788647
$\delta < 1.1$: 0.2910202486581056
$\delta < 1.25$: 0.5971128696234491
$\delta < 1.25^2$: 0.8660569687236569
$\delta < 1.25^3$: 0.9608739785809659
MAE: 0.65298461230523
InvMAE: 118.6516685748319
InvRMSE: 465.99476299519205
LogMAE: 23.05507027045667
LogSI: 28.239517208213815
