Ratio: 1.9518982444516746
AbsRel: 29.183564944369348
SqRel: 16.927735548136067
RMSE: 0.9989006732354105
LogRMSE: 33.67605427937406
$\delta < 1.05$: 0.12054698219900443
$\delta < 1.1$: 0.23141542937543713
$\delta < 1.25$: 0.5044034979499833
$\delta < 1.25^2$: 0.8164899373304045
$\delta < 1.25^3$: 0.9403357004924552
MAE: 0.7616467232095356
InvMAE: 119.18030630339176
InvRMSE: 155.48723702037006
LogMAE: 27.197694998633242
LogSI: 31.932638716065124
