Ratio: 0.5012622619701536
AbsRel: 39.928336352594734
SqRel: 58.27544516156022
RMSE: 7.236186871684767
LogRMSE: 66.90693322722421
$\delta < 1.05$: 0.11673860477610172
$\delta < 1.1$: 0.21996880377395786
$\delta < 1.25$: 0.43563008628707983
$\delta < 1.25^2$: 0.6577063951104386
$\delta < 1.25^3$: 0.7816896907338455
MAE: 3.8862185463131045
InvMAE: 3265.6860136785576
InvRMSE: 16860.72005680283
LogMAE: 47.24686671512549
LogSI: 63.69906857539167
Chamfer: 2.797331821029514
F-Score: 30.522189922293908
IoU: 23.846326271005633
F-Score-20: 42.34790046658527
IoU-20: 33.89716740350315
