Ratio: 5.46884481654498
AbsRel: 56.00569439082625
SqRel: 151.55054954463643
RMSE: 7.308372895940069
LogRMSE: 64.50554881426706
$\delta < 1.05$: 0.09657237725296465
$\delta < 1.1$: 0.19449993247907493
$\delta < 1.25$: 0.4227546301816518
$\delta < 1.25^2$: 0.6532186677143209
$\delta < 1.25^3$: 0.7643707129173902
MAE: 4.189804917752173
InvMAE: 243.61185828347524
InvRMSE: 337.02849435734976
LogMAE: 47.70407224876458
LogSI: 59.98977490676909
Chamfer: 3.206196930941488
F-Score: 29.61709048867796
IoU: 21.547813993022203
F-Score-20: 42.55166024460176
IoU-20: 33.32333640153899
