Ratio: 0.1493118090956856
AbsRel: 26.231333109640307
SqRel: 24.79317438390947
RMSE: 9.656471191452395
LogRMSE: 48.104305082136584
$\delta < 1.05$: 0.17014799298364663
$\delta < 1.1$: 0.3265536800550773
$\delta < 1.25$: 0.6199249867460832
$\delta < 1.25^2$: 0.8227954468000545
$\delta < 1.25^3$: 0.9047744172243792
MAE: 5.43942568387716
InvMAE: 2289.979315025268
InvRMSE: 16932.343894402595
LogMAE: 28.910040397336406
LogSI: 46.936499756539895
Chamfer: 2.7687949625711705
F-Score: 13.704828622494974
IoU: 7.64323093173004
F-Score-20: 27.68235402791731
IoU-20: 17.138374635481064
Ratio-Edges: 0.13010468033885147
AbsRel-Edges: 31.419493363262003
SqRel-Edges: 29.22220512488309
RMSE-Edges: 10.890626355879057
LogRMSE-Edges: 47.003798980962216
$\delta < 1.05$-Edges: 0.1333127500086829
$\delta < 1.1$-Edges: 0.2502505603279245
$\delta < 1.25$-Edges: 0.5031562017063759
$\delta < 1.25^2$-Edges: 0.7526938478225852
$\delta < 1.25^3$-Edges: 0.8755757442347536
MAE-Edges: 6.9816442905200855
InvMAE-Edges: 909.736093242184
InvRMSE-Edges: 7811.411733831923
LogMAE-Edges: 32.797411976296914
LogSI-Edges: 45.75763155867414
Chamfer-Edges: 4.71688751744265
F-Score-Edges: 7.293174959514655
IoU-Edges: 4.241764314229192
F-Score-20-Edges: 14.984411138179256
IoU-20-Edges: 9.257694538317475
DirAcc-Edges: 67.58188269197653
Dir (-)-Edges: 5.014422998331024
Dir (+)-Edges: 27.403694309692447
EdgeAcc-Edges: 4.337682783760904
EdgeComp-Edges: 59.63503807447775
