Ratio: 0.12681587542482678
AbsRel: 23.744789445400237
SqRel: 16.229170927330852
RMSE: 8.168335769660771
LogRMSE: 36.95813480854034
$\delta < 1.05$: 0.17212087328704087
$\delta < 1.1$: 0.32481190713578184
$\delta < 1.25$: 0.6374891943533104
$\delta < 1.25^2$: 0.8494103898933532
$\delta < 1.25^3$: 0.9252925930109974
MAE: 4.609636760950089
InvMAE: 382.7805986726284
InvRMSE: 5377.641684144735
LogMAE: 24.831375254392626
LogSI: 36.3661381639943
Chamfer: 2.694471628022612
F-Score: 12.259900823272766
IoU: 6.697578803068027
F-Score-20: 24.669022243618965
IoU-20: 14.761625985503196
Ratio-Edges: 0.10551135714396384
AbsRel-Edges: 29.1022350782156
SqRel-Edges: 19.76708923086524
RMSE-Edges: 9.407760065458715
LogRMSE-Edges: 40.71094584107399
$\delta < 1.05$-Edges: 0.13409722745395844
$\delta < 1.1$-Edges: 0.25063874974316674
$\delta < 1.25$-Edges: 0.5196061526492433
$\delta < 1.25^2$-Edges: 0.7800163525978409
$\delta < 1.25^3$-Edges: 0.8904062531510692
MAE-Edges: 5.989219895154238
InvMAE-Edges: 144.1497851127386
InvRMSE-Edges: 1795.6828301024436
LogMAE-Edges: 30.340492345690727
LogSI-Edges: 39.83276772350471
Chamfer-Edges: 4.111959218821086
F-Score-Edges: 6.651874340623618
IoU-Edges: 3.734030782394111
F-Score-20-Edges: 14.240401588082314
IoU-20-Edges: 8.323359412774444
DirAcc-Edges: 72.17692969044438
Dir (-)-Edges: 6.025678170075719
Dir (+)-Edges: 21.797392139479904
EdgeAcc-Edges: 4.629177854449207
EdgeComp-Edges: 76.21777909077329
