Ratio: 6.909403412938118
AbsRel: 29.206234704256058
SqRel: 43.34913888067007
RMSE: 8.25271045729518
LogRMSE: 36.00269554376602
$\delta < 1.05$: 0.15536163445507412
$\delta < 1.1$: 0.29384428796223455
$\delta < 1.25$: 0.5895459314508011
$\delta < 1.25^2$: 0.8242570054780276
$\delta < 1.25^3$: 0.9183853922486717
MAE: 4.769760544151068
InvMAE: 26.713302267789842
InvRMSE: 36.37726255476475
LogMAE: 26.544535551071167
LogSI: 35.085219163902146
Chamfer: 2.555507237321749
F-Score: 11.697249415367843
IoU: 6.368879132643342
F-Score-20: 23.54179965913296
IoU-20: 13.945380479991435
Ratio-Edges: 7.5167173343896865
AbsRel-Edges: 35.65027841687203
SqRel-Edges: 62.21487863056362
RMSE-Edges: 9.881853989697992
LogRMSE-Edges: 42.1268336391449
$\delta < 1.05$-Edges: 0.12853475986953197
$\delta < 1.1$-Edges: 0.24220510887526625
$\delta < 1.25$-Edges: 0.5004012110351951
$\delta < 1.25^2$-Edges: 0.7628650854037252
$\delta < 1.25^3$-Edges: 0.8831910574233626
MAE-Edges: 6.282759809233248
InvMAE-Edges: 28.69535228550434
InvRMSE-Edges: 39.95855439543724
LogMAE-Edges: 31.660867784023285
LogSI-Edges: 40.94762246869322
Chamfer-Edges: 3.605938191009429
F-Score-Edges: 7.134431524276733
IoU-Edges: 3.981401694417
F-Score-20-Edges: 15.118186686038971
IoU-20-Edges: 8.802223927453161
DirAcc-Edges: 69.48008209990749
Dir (-)-Edges: 4.1871498869359645
Dir (+)-Edges: 26.332768013156542
EdgeAcc-Edges: 3.959591511677542
EdgeComp-Edges: 66.51999990263786
