Ratio: 7.061140967645953
AbsRel: 32.418336048741494
SqRel: 49.71999325144675
RMSE: 9.729533747588434
LogRMSE: 37.911834727256526
$\delta < 1.05$: 0.15586456443217467
$\delta < 1.1$: 0.29454605120625077
$\delta < 1.25$: 0.5767425268656922
$\delta < 1.25^2$: 0.8119815611105489
$\delta < 1.25^3$: 0.907461641276863
MAE: 5.586594003371654
InvMAE: 30.14788225512351
InvRMSE: 44.21167193566599
LogMAE: 28.045304307629983
LogSI: 36.529063557199535
Chamfer: 2.7883355866291635
F-Score: 12.272180383359233
IoU: 6.7601592494595435
F-Score-20: 24.898996687089245
IoU-20: 15.031643390078699
Ratio-Edges: 7.723155110957576
AbsRel-Edges: 41.13937006900513
SqRel-Edges: 83.11030322023078
RMSE-Edges: 12.02519366073063
LogRMSE-Edges: 44.67281518200644
$\delta < 1.05$-Edges: 0.13005586692736643
$\delta < 1.1$-Edges: 0.24086816297757394
$\delta < 1.25$-Edges: 0.4856323277898797
$\delta < 1.25^2$-Edges: 0.7433735140882666
$\delta < 1.25^3$-Edges: 0.8689043642625275
MAE-Edges: 7.693693349758784
InvMAE-Edges: 28.521192509831945
InvRMSE-Edges: 42.90120060864617
LogMAE-Edges: 33.57699047163421
LogSI-Edges: 43.142431287485884
Chamfer-Edges: 4.462191750927296
F-Score-Edges: 7.276935938565559
IoU-Edges: 4.379981852020898
F-Score-20-Edges: 14.66885721971786
IoU-20-Edges: 9.055450876865512
DirAcc-Edges: 65.31865572258756
Dir (-)-Edges: 3.5889618464304207
Dir (+)-Edges: 31.09238243098201
EdgeAcc-Edges: 4.115449937757038
EdgeComp-Edges: 51.414222493347275
