Ratio: 1.9639866538286208
AbsRel: 30.623979486083986
SqRel: 18.84102782087326
RMSE: 1.5127666642069817
LogRMSE: 41.05994184570312
$\delta < 1.05$: 0.12717561450315876
$\delta < 1.1$: 0.24276458596509295
$\delta < 1.25$: 0.5080163093987488
$\delta < 1.25^2$: 0.7792119522183637
$\delta < 1.25^3$: 0.8836620160151364
MAE: 0.9470112397551537
InvMAE: 125.101789894104
InvRMSE: 160.01399761657714
LogMAE: 30.75365136413574
LogSI: 40.02266926858079
