Ratio: 0.3088834562530844
AbsRel: 24.560798874664307
SqRel: 11.64412581076622
RMSE: 1.4887174314022065
LogRMSE: 37.88690330352783
$\delta < 1.05$: 0.1495773432129882
$\delta < 1.1$: 0.28452011464331733
$\delta < 1.25$: 0.5926956386206396
$\delta < 1.25^2$: 0.8358071764331362
$\delta < 1.25^3$: 0.9013513059582572
MAE: 0.8530668309092522
InvMAE: 112.68253625335693
InvRMSE: 213.428385357666
LogMAE: 27.104470921325685
LogSI: 37.26615917666077
