AbsRel: 0.11237131550352235
SqRel: 0.8820616230689299
RMSE: 4.865375485447593
LogRMSE: 0.19944655925698226
$\delta < 1.25$: 0.8665134056644326
$\delta < 1.25^2$: 0.9556575127030972
$\delta < 1.25^3$: 0.9791717918950261
ChamferDist: 0.8865206524238012
F-Score: 24.854989353519258
IoU: 14.350595865649849
F-Score-20: 51.12850493440669
IoU-20: 34.74546636946745
