MAE: 1.2692177379769938
RMSE: 3.055805574570383
InvMAE: 4.899402174609048
InvRMSE: 7.535564997536795
LogMAE: 6.2324873733520505
LogRMSE: 10.065299766744886
LogSI: 8.951081816009872
AbsRel: 6.67528939809118
SqRel: 2.38152122068618
ChamferDist: 0.5094792585287775
F-Score: 53.096446336795175
IoU: 37.695183238818174
F-Score-20: 71.97496154485005
IoU-20: 57.82903521532459
