MAE: 1.8849271969652615
RMSE: 4.091611760708452
InvMAE: 6.942919029779961
InvRMSE: 10.383390899084828
LogMAE: 9.129813037035655
LogRMSE: 14.066886314585165
LogSI: 12.92645691286333
AbsRel: 9.452347990193982
SqRel: 2.962780403304685
ChamferDist: 0.7373863925094619
F-Score: 46.59503251349588
IoU: 31.462683131386942
F-Score-20: 64.22093692549899
IoU-20: 48.53583228044166
