MAE: 1.688612648040239
RMSE: 3.83120962099795
InvMAE: 5.92216638151122
InvRMSE: 9.167394323217357
LogMAE: 7.936120492914703
LogRMSE: 12.703926343859338
LogSI: 11.900458219121118
AbsRel: 8.000482436703757
SqRel: 2.1759116737846216
ChamferDist: 0.6744781087604037
F-Score: 50.07681562381288
IoU: 34.3115316097356
F-Score-20: 67.0860892760973
IoU-20: 51.41604209238766
