AbsRel: 0.10352768530932868
SqRel: 0.801437740228867
RMSE: 4.704021868096875
LogRMSE: 0.19377266057102888
$\delta < 1.25$: 0.8795280337287938
$\delta < 1.25^2$: 0.9579178342899614
$\delta < 1.25^3$: 0.9796165670725915
ChamferDist: 0.8426928217476033
F-Score: 26.193974812198405
IoU: 15.270904808338608
F-Score-20: 53.41732332525157
IoU-20: 36.858955433242116
