MAE: 1.0606104997013297
RMSE: 2.820716184249946
InvMAE: 3.6733842136178696
InvRMSE: 6.607700968129294
LogMAE: 4.906699853454318
LogRMSE: 9.100552421297346
LogSI: 8.824089656296797
AbsRel: 5.097660741124835
SqRel: 1.6044793173032148
ChamferDist: 0.4324505763607366
F-Score: 60.30262130192348
IoU: 43.94977764265878
F-Score-20: 76.7647365134103
IoU-20: 63.01172840935843
