Ratio: 0.19514140999455906
AbsRel: 21.71135793399811
SqRel: 17.37111367726326
RMSE: 31.729647273540497
LogRMSE: 153.8327991771698
$\delta < 1.05$: 0.22250155587015258
$\delta < 1.1$: 0.4209600348953155
$\delta < 1.25$: 0.7460287434399758
$\delta < 1.25^2$: 0.876514477295352
$\delta < 1.25^3$: 0.9246756737803006
MAE: 12.642827219724655
InvMAE: 22230.72259998512
InvRMSE: 123637.07567555046
LogMAE: 44.76394227123261
LogSI: 151.11998834645144
Chamfer: 3.143139702633804
F-Score: 10.033282119274139
IoU: 5.360188700318337
F-Score-20: 29.044127537727356
IoU-20: 17.29530556154251
