Ratio: 7.310319059848785
AbsRel: 23.16919975566864
SqRel: 14.642616082668305
RMSE: 17.889236252307892
LogRMSE: 31.77755493927002
$\delta < 1.05$: 0.1424033452683274
$\delta < 1.1$: 0.2753766761564401
$\delta < 1.25$: 0.5862492656954869
$\delta < 1.25^2$: 0.8699655660079867
$\delta < 1.25^3$: 0.9551148169857671
MAE: 8.845293895721436
InvMAE: 12.504305958271027
InvRMSE: 18.444853686332703
LogMAE: 23.755346393585206
LogSI: 31.193501360267994
Chamfer: 2.9315432070547676
F-Score: 5.036262369781732
IoU: 2.628025284141302
F-Score-20: 15.58857132434845
IoU-20: 8.648767663240433
