Ratio: 9.433845982690563
AbsRel: 55.019400044941584
SqRel: 432.15219250815863
RMSE: 9.418954512062628
LogRMSE: 53.968376005711576
$\delta < 1.05$: 0.1128807739820518
$\delta < 1.1$: 0.2158015227007368
$\delta < 1.25$: 0.4574302800098016
$\delta < 1.25^2$: 0.7051831388169296
$\delta < 1.25^3$: 0.8292018786514236
MAE: 6.031354515675472
InvMAE: 46.02549941871198
InvRMSE: 99.27175896263978
LogMAE: 39.00555176799073
LogSI: 51.31563862056886
