Ratio: 0.1263933810714648
AbsRel: 38.71254234356731
SqRel: 102.36468299247758
RMSE: 9.679197576548486
LogRMSE: 54.823208409039964
$\delta < 1.05$: 0.11907325816227898
$\delta < 1.1$: 0.22466802021536728
$\delta < 1.25$: 0.46601912967972264
$\delta < 1.25^2$: 0.7018866812175409
$\delta < 1.25^3$: 0.8206037717339223
MAE: 5.975927850056122
InvMAE: 803.9356278678227
InvRMSE: 5885.876050087369
LogMAE: 39.662945213873826
LogSI: 51.6089156003145
