Ratio: 0.11295342819258934
AbsRel: 18.961996972010684
SqRel: 13.110043375308697
RMSE: 1.0475894591212274
LogRMSE: 26.150062220646785
$\delta < 1.05$: 0.2102538566014572
$\delta < 1.1$: 0.3860625056188759
$\delta < 1.25$: 0.7072450198908556
$\delta < 1.25^2$: 0.9044104792484435
$\delta < 1.25^3$: 0.9608958779931651
MAE: 0.6951037328289106
InvMAE: 95.48315644631019
InvRMSE: 238.84405898607693
LogMAE: 19.789868230819703
LogSI: 25.772305640239534
