Ratio: 2.968856494976924
AbsRel: 29.009179608271673
SqRel: 18.718353930986844
RMSE: 1.412771775814203
LogRMSE: 37.65405896700346
$\delta < 1.05$: 0.12890344574200893
$\delta < 1.1$: 0.2452337380316691
$\delta < 1.25$: 0.516238655322298
$\delta < 1.25^2$: 0.7928288283757411
$\delta < 1.25^3$: 0.9121209294339283
MAE: 1.0096354991656082
InvMAE: 142.49757741487943
InvRMSE: 191.59729617192195
LogMAE: 29.347141700157753
LogSI: 36.191644146837696
