Ratio: 5.399999999999999
AbsRel: 5.378347487790244
SqRel: 1.581039110533893
RMSE: 2.51893996947578
LogRMSE: 8.252280675683703
$\delta < 1.05$: 0.6740708718703512
$\delta < 1.1$: 0.8863109096078837
$\delta < 1.25$: 0.9729020932878799
$\delta < 1.25^2$: 0.9942496402760276
$\delta < 1.25^3$: 0.9981088129131416
MAE: 1.0205587810490813
InvMAE: 4.032722142253603
InvRMSE: 6.1463144372190746
LogMAE: 5.088528671605246
LogSI: 7.338927475578338
Chamfer: 0.4192910649249601
F-Score: 57.80578791888697
IoU: 42.1916617388225
F-Score-20: 76.8554262627874
IoU-20: 63.840413975715634
