Ratio: 5.399999999999999
AbsRel: 7.913169249800816
SqRel: 2.008922080869324
RMSE: 3.6270068063874916
LogRMSE: 11.910995182815505
$\delta < 1.05$: 0.5290755708775857
$\delta < 1.1$: 0.7534620883975598
$\delta < 1.25$: 0.9299815467022546
$\delta < 1.25^2$: 0.9875847310565768
$\delta < 1.25^3$: 0.996666722798474
MAE: 1.6199477247756684
InvMAE: 5.837871429744673
InvRMSE: 8.583487221799745
LogMAE: 7.717297892629003
LogSI: 10.907784624599861
Chamfer: 0.6575584329391283
F-Score: 49.86495698037689
IoU: 34.47296116295402
F-Score-20: 67.37332565872215
IoU-20: 52.13794421043498
