Ratio: 0.041847424556141787
AbsRel: 27.506814199447632
SqRel: 15.15655733908713
RMSE: 11.898419733822346
LogRMSE: 40.80504260921478
$\delta < 1.05$: 0.1430815351653754
$\delta < 1.1$: 0.2637915853056776
$\delta < 1.25$: 0.5255174027138216
$\delta < 1.25^2$: 0.7877995476300896
$\delta < 1.25^3$: 0.8983986313091051
MAE: 7.9195595685243605
InvMAE: 1422.641368893802
InvRMSE: 3227.9018809301256
LogMAE: 30.963640693187713
LogSI: 38.65374494600514
Chamfer: 6.2480952974420125
F-Score: 7.4090815652608875
IoU: 4.023530117921531
F-Score-20: 14.197760050084442
IoU-20: 8.191454432470724
