Ratio: 24.015727922797204
AbsRel: 35.44556413936615
SqRel: 30.793432084083555
RMSE: 12.847118565797805
LogRMSE: 44.472471177101134
$\delta < 1.05$: 0.10625484725487547
$\delta < 1.1$: 0.2046541747305358
$\delta < 1.25$: 0.44238049255747797
$\delta < 1.25^2$: 0.719547351237062
$\delta < 1.25^3$: 0.8629980808746098
MAE: 9.033428174853325
InvMAE: 24.032006425619127
InvRMSE: 33.05389506518841
LogMAE: 34.706889618873596
LogSI: 42.362702965598565
Chamfer: 4.335252217473806
F-Score: 7.983393049657344
IoU: 4.377313286475837
F-Score-20: 15.645959626197815
IoU-20: 9.082940480560064
