Ratio: 0.3971776184322246
AbsRel: 21.742472045647624
SqRel: 8.689138109941002
RMSE: 0.83979603321226
LogRMSE: 27.45506646290467
$\delta < 1.05$: 0.15546616857105938
$\delta < 1.1$: 0.2980150269609502
$\delta < 1.25$: 0.6125368482556911
$\delta < 1.25^2$: 0.878009949349512
$\delta < 1.25^3$: 0.9653278296178703
MAE: 0.6261305356517844
InvMAE: 96.29601963288194
InvRMSE: 122.922738923939
LogMAE: 22.24372243589582
LogSI: 27.09361772994376
