Ratio: 1.873718809552878
AbsRel: 25.869359170989522
SqRel: 13.358390702749247
RMSE: 0.8979929380050493
LogRMSE: 31.70684642383447
$\delta < 1.05$: 0.13659511862202778
$\delta < 1.1$: 0.26163087726153045
$\delta < 1.25$: 0.5557577819106279
$\delta < 1.25^2$: 0.839634737579401
$\delta < 1.25^3$: 0.9452701043160082
MAE: 0.6812620789997439
InvMAE: 117.06850744824891
InvRMSE: 158.77878372822332
LogMAE: 25.236040083275658
LogSI: 30.446763945981797
