Ratio: 0.30461055515459734
AbsRel: 39.59198100509826
SqRel: 55.16361655397118
RMSE: 7.333771023934966
LogRMSE: 67.02551392476525
$\delta < 1.05$: 0.11471575467286627
$\delta < 1.1$: 0.2111561729530864
$\delta < 1.25$: 0.4256154815926589
$\delta < 1.25^2$: 0.6607933808756916
$\delta < 1.25^3$: 0.7907846348463141
MAE: 3.89477310361403
InvMAE: 2931.16618353979
InvRMSE: 16387.599689292623
LogMAE: 47.14740551724388
LogSI: 63.94672246045787
Chamfer: 3.026657636395158
F-Score: 29.342687539513886
IoU: 21.64270359786967
F-Score-20: 43.24454212155924
IoU-20: 33.89906413441069
