Ratio: 5.748917465175738
AbsRel: 53.577844598818054
SqRel: 107.1783738276988
RMSE: 7.204672744912965
LogRMSE: 67.55935422347493
$\delta < 1.05$: 0.08756280961185695
$\delta < 1.1$: 0.16770425968087882
$\delta < 1.25$: 0.36604624679582154
$\delta < 1.25^2$: 0.6091055137383676
$\delta < 1.25^3$: 0.751869518274642
MAE: 4.099447408104627
InvMAE: 288.30525789782763
InvRMSE: 397.9584240877457
LogMAE: 50.84408681432596
LogSI: 62.784555860558015
Chamfer: 3.131635092405949
F-Score: 29.246853863615453
IoU: 20.521301474047906
F-Score-20: 43.93542177962344
IoU-20: 33.6235228267583
