Ratio: 7.120847877379386
AbsRel: 29.649141698037425
SqRel: 35.32053997708905
RMSE: 9.327042101621627
LogRMSE: 36.40947329244306
$\delta < 1.05$: 0.16162263415826844
$\delta < 1.1$: 0.3037365291502224
$\delta < 1.25$: 0.5902323544678626
$\delta < 1.25^2$: 0.8234997462813347
$\delta < 1.25^3$: 0.9145403545182701
MAE: 5.414902847851477
InvMAE: 28.584944125759986
InvRMSE: 42.21737773218462
LogMAE: 26.955692972983083
LogSI: 35.190101457119574
Chamfer: 2.6750826457893098
F-Score: 13.159060948414186
IoU: 7.271545892569327
F-Score-20: 26.37335270474034
IoU-20: 16.02572489661555
Ratio-Edges: 7.955388304922316
AbsRel-Edges: 39.235628212199494
SqRel-Edges: 65.5754411870358
RMSE-Edges: 11.530548926515907
LogRMSE-Edges: 44.0136302305982
$\delta < 1.05$-Edges: 0.1285848387555256
$\delta < 1.1$-Edges: 0.2379421819071335
$\delta < 1.25$-Edges: 0.4809756085897111
$\delta < 1.25^2$-Edges: 0.7429129126284262
$\delta < 1.25^3$-Edges: 0.8714174005923923
MAE-Edges: 7.5034079509525515
InvMAE-Edges: 28.84485139168945
InvRMSE-Edges: 43.246800599067036
LogMAE-Edges: 33.30939416262059
LogSI-Edges: 42.59837886671436
Chamfer-Edges: 4.317251027208111
F-Score-Edges: 7.2473091764777315
IoU-Edges: 4.341817072998075
F-Score-20-Edges: 14.496908313269708
IoU-20-Edges: 8.923318322460636
DirAcc-Edges: 65.47772522058011
Dir (-)-Edges: 2.935946783094183
Dir (+)-Edges: 31.586327996325696
EdgeAcc-Edges: 3.941987593951155
EdgeComp-Edges: 34.59358559411049
