Ratio: 0.15856854683341087
AbsRel: 25.320498935637936
SqRel: 23.67778358207595
RMSE: 9.735382832086856
LogRMSE: 49.16137704541606
$\delta < 1.05$: 0.17441897219316865
$\delta < 1.1$: 0.3294181823905551
$\delta < 1.25$: 0.6288924918040685
$\delta < 1.25^2$: 0.834407491271314
$\delta < 1.25^3$: 0.9115060515841659
MAE: 5.422574436549217
InvMAE: 2803.3018134821614
InvRMSE: 19503.562048996955
LogMAE: 28.616769942314395
LogSI: 48.05167184854623
Chamfer: 2.438090922403649
F-Score: 14.55386993815822
IoU: 8.16011571864928
F-Score-20: 29.112008086481403
IoU-20: 18.078288714808803
Ratio-Edges: 0.11732875077071915
AbsRel-Edges: 30.922497021606546
SqRel-Edges: 25.51613064770605
RMSE-Edges: 10.868032851766527
LogRMSE-Edges: 48.164125627006584
$\delta < 1.05$-Edges: 0.13050530411159086
$\delta < 1.1$-Edges: 0.24819497598488519
$\delta < 1.25$-Edges: 0.5011372407532554
$\delta < 1.25^2$-Edges: 0.7542443133953048
$\delta < 1.25^3$-Edges: 0.8789477484894662
MAE-Edges: 6.955870193992954
InvMAE-Edges: 1273.3888146984812
InvRMSE-Edges: 9592.292735658519
LogMAE-Edges: 33.104069549273824
LogSI-Edges: 46.936686271741884
Chamfer-Edges: 4.483647196032332
F-Score-Edges: 7.065997382394628
IoU-Edges: 4.079696442089439
F-Score-20-Edges: 14.798775738380314
IoU-20-Edges: 9.046748462436247
DirAcc-Edges: 68.25806143884901
Dir (-)-Edges: 4.504762618150126
Dir (+)-Edges: 27.237175943000857
EdgeAcc-Edges: 4.086340375409096
EdgeComp-Edges: 38.10167419276327
