Ratio: 0.13386414517729814
AbsRel: 23.45324682712555
SqRel: 15.897994730472565
RMSE: 8.34741047795862
LogRMSE: 39.25266112685203
$\delta < 1.05$: 0.1723731509392975
$\delta < 1.1$: 0.32637218520245453
$\delta < 1.25$: 0.6344023673994462
$\delta < 1.25^2$: 0.8513106981408711
$\delta < 1.25^3$: 0.9264235048840475
MAE: 4.660277488492429
InvMAE: 805.552906050086
InvRMSE: 8409.717973769308
LogMAE: 25.175948473215104
LogSI: 38.632422337072164
Chamfer: 2.5056413357003264
F-Score: 13.40936076924205
IoU: 7.387621662765741
F-Score-20: 26.50415040433407
IoU-20: 16.045360636413097
Ratio-Edges: 0.10943347920422605
AbsRel-Edges: 29.00396138191223
SqRel-Edges: 18.783149544224145
RMSE-Edges: 9.563825194202364
LogRMSE-Edges: 41.8951974093914
$\delta < 1.05$-Edges: 0.1305826413187786
$\delta < 1.1$-Edges: 0.24866365792106288
$\delta < 1.25$-Edges: 0.5141059165303434
$\delta < 1.25^2$-Edges: 0.7781645360932734
$\delta < 1.25^3$-Edges: 0.8908722931524441
MAE-Edges: 6.047457847017795
InvMAE-Edges: 299.3136064982414
InvRMSE-Edges: 3257.2221649724247
LogMAE-Edges: 30.667870646715166
LogSI-Edges: 41.02291338850223
Chamfer-Edges: 3.9544486948243143
F-Score-Edges: 6.861306587606668
IoU-Edges: 3.888214922361076
F-Score-20-Edges: 14.44580595523119
IoU-20-Edges: 8.434528684020043
DirAcc-Edges: 72.85001081388975
Dir (-)-Edges: 6.177619209750917
Dir (+)-Edges: 20.972369976359335
EdgeAcc-Edges: 4.053782162882922
EdgeComp-Edges: 46.222651489375565
