Ratio: 6.847459241151809
AbsRel: 26.743205703496933
SqRel: 19.433118553757666
RMSE: 7.932409912198782
LogRMSE: 35.02053287744522
$\delta < 1.05$: 0.15432869627378495
$\delta < 1.1$: 0.2906587203896826
$\delta < 1.25$: 0.5815981311431725
$\delta < 1.25^2$: 0.830051736951641
$\delta < 1.25^3$: 0.9241562754408282
MAE: 4.684280123859644
InvMAE: 26.832849708795546
InvRMSE: 36.50081866264343
LogMAE: 26.17076917886734
LogSI: 33.95926272167333
Chamfer: 2.4882905671201936
F-Score: 12.45017936743796
IoU: 6.830540768168866
F-Score-20: 24.865657370090485
IoU-20: 14.908866719156503
Ratio-Edges: 7.488660060763359
AbsRel-Edges: 33.78003842592239
SqRel-Edges: 30.638287117406726
RMSE-Edges: 9.536441089250147
LogRMSE-Edges: 42.04657748579979
$\delta < 1.05$-Edges: 0.12172212799466127
$\delta < 1.1$-Edges: 0.22983892331427966
$\delta < 1.25$-Edges: 0.4819389443037544
$\delta < 1.25^2$-Edges: 0.7563276275873301
$\delta < 1.25^3$-Edges: 0.8826571704287659
MAE-Edges: 6.2540047944895925
InvMAE-Edges: 29.793049172759055
InvRMSE-Edges: 41.09552361011505
LogMAE-Edges: 32.0622135591507
LogSI-Edges: 40.816363787008285
Chamfer-Edges: 3.4979293720023468
F-Score-Edges: 7.109076483398676
IoU-Edges: 3.975746310837567
F-Score-20-Edges: 15.280082803666591
IoU-20-Edges: 8.916805720329284
DirAcc-Edges: 69.39122993541645
Dir (-)-Edges: 4.166377047144277
Dir (+)-Edges: 26.442393017439272
EdgeAcc-Edges: 3.7555957704036262
EdgeComp-Edges: 33.52797965403642
