Ratio: 0.2795201933039689
AbsRel: 22.808542509269714
SqRel: 11.186074265813827
RMSE: 1.465831338071823
LogRMSE: 36.231244104003906
$\delta < 1.05$: 0.168363802819571
$\delta < 1.1$: 0.3208922861859515
$\delta < 1.25$: 0.6385344638830013
$\delta < 1.25^2$: 0.8489640974596677
$\delta < 1.25^3$: 0.9017768568411284
MAE: 0.8193590468049049
InvMAE: 101.2218546585083
InvRMSE: 176.6308945251465
LogMAE: 25.317932908439637
LogSI: 35.6830461008165
