Ratio: 1.949546650314331
AbsRel: 28.165907334518433
SqRel: 15.463081539440156
RMSE: 1.4980557195186615
LogRMSE: 40.62267818717957
$\delta < 1.05$: 0.13137710584726175
$\delta < 1.1$: 0.25194408489527603
$\delta < 1.25$: 0.5252580427316651
$\delta < 1.25^2$: 0.7901002060735711
$\delta < 1.25^3$: 0.8847107096785003
MAE: 0.9242550505340099
InvMAE: 125.97316994171143
InvRMSE: 164.66002473754884
LogMAE: 30.154607302856444
LogSI: 39.18513519876384
