Ratio: 0.1927264795841807
AbsRel: 21.86355464172363
SqRel: 16.424274233341215
RMSE: 30.52702921009064
LogRMSE: 138.76455295372008
$\delta < 1.05$: 0.21607759078295344
$\delta < 1.1$: 0.40163199974393093
$\delta < 1.25$: 0.7215044677047163
$\delta < 1.25^2$: 0.87188992096271
$\delta < 1.25^3$: 0.9251658208617057
MAE: 12.258285751342774
InvMAE: 17848.208484747887
InvRMSE: 110197.33216417789
LogMAE: 40.749988549232484
LogSI: 136.68305363101334
Chamfer: 3.1089950042162817
F-Score: 9.492666944026947
IoU: 5.073933616518974
F-Score-20: 26.968684481620787
IoU-20: 15.92436527633667
