Ratio: 7.191407176494598
AbsRel: 23.940447469711305
SqRel: 14.779610481739045
RMSE: 18.47295019197464
LogRMSE: 33.20530028152466
$\delta < 1.05$: 0.12989918273052156
$\delta < 1.1$: 0.2503648854248601
$\delta < 1.25$: 0.5553708399432462
$\delta < 1.25^2$: 0.8610129719190551
$\delta < 1.25^3$: 0.9478947453926153
MAE: 9.346662638187409
InvMAE: 12.660290255069732
InvRMSE: 17.98750302219391
LogMAE: 25.0477563457489
LogSI: 32.43338018631584
Chamfer: 2.979980380521369
F-Score: 5.017246780022979
IoU: 2.6406122082695367
F-Score-20: 14.93838816022873
IoU-20: 8.366560820162297
