Ratio: 3.4534651290453398
AbsRel: 28.39419442983774
SqRel: 21.96147413473863
RMSE: 1.4153608264372899
LogRMSE: 35.116801646305966
$\delta < 1.05$: 0.14990415238181545
$\delta < 1.1$: 0.2842032599132686
$\delta < 1.25$: 0.572934020850747
$\delta < 1.25^2$: 0.8302636287447648
$\delta < 1.25^3$: 0.9215176061091276
MAE: 0.9649654831106846
InvMAE: 121.4329665521475
InvRMSE: 164.0117451770489
LogMAE: 26.716156569260818
LogSI: 33.8061686738641
