Ratio: 0.13307251550749352
AbsRel: 19.069803968576284
SqRel: 10.687528237196116
RMSE: 1.07849072183554
LogRMSE: 26.530564463688776
$\delta < 1.05$: 0.21293888099343936
$\delta < 1.1$: 0.3889799079288319
$\delta < 1.25$: 0.7106431990795061
$\delta < 1.25^2$: 0.904582262584314
$\delta < 1.25^3$: 0.961449753329215
MAE: 0.6974224378970953
InvMAE: 233.53906118686382
InvRMSE: 1135.3178000347432
LogMAE: 19.805870901988104
LogSI: 26.162925634464504
