Ratio: 0.11834293296089009
AbsRel: 39.4564050708651
SqRel: 104.50577044540456
RMSE: 9.811099084236162
LogRMSE: 57.626410490728816
$\delta < 1.05$: 0.11659128323343802
$\delta < 1.1$: 0.22135954970537883
$\delta < 1.25$: 0.45682315081602354
$\delta < 1.25^2$: 0.6918662542741654
$\delta < 1.25^3$: 0.8175148859779813
MAE: 6.083835504915682
InvMAE: 1289.7329329845616
InvRMSE: 8726.068180054293
LogMAE: 40.760326372668345
LogSI: 54.39160118829742
