Ratio: 10.309665724301018
AbsRel: 57.335944791545785
SqRel: 478.63607805566403
RMSE: 9.618154812286788
LogRMSE: 54.229697214648326
$\delta < 1.05$: 0.1147274310471193
$\delta < 1.1$: 0.21947869507096449
$\delta < 1.25$: 0.4557536597403814
$\delta < 1.25^2$: 0.7019535019679544
$\delta < 1.25^3$: 0.8275721061439344
MAE: 6.1511433609665245
InvMAE: 45.67677233251221
InvRMSE: 99.03960615530143
LogMAE: 39.153757168038545
LogSI: 51.466518141186896
