Ratio: 5.399999999999999
AbsRel: 5.200962079593113
SqRel: 1.5254082257939237
RMSE: 2.4776431035995485
LogRMSE: 8.2239152101108
$\delta < 1.05$: 0.6875556604642985
$\delta < 1.1$: 0.891618513100332
$\delta < 1.25$: 0.9739678415561815
$\delta < 1.25^2$: 0.9943456375016223
$\delta < 1.25^3$: 0.9980160522273939
MAE: 0.9997667537629604
InvMAE: 3.90922326701028
InvRMSE: 6.188422885792596
LogMAE: 4.94985054407801
LogSI: 7.423750193740458
Chamfer: 0.41728163945985836
F-Score: 58.486449604609184
IoU: 42.736144364795514
F-Score-20: 76.67976378815514
IoU-20: 63.48767716263022
