Ratio: 5.399999999999999
AbsRel: 7.77115639513987
SqRel: 1.9417027307937116
RMSE: 3.5625686043976277
LogRMSE: 11.857963222667484
$\delta < 1.05$: 0.5380483316077848
$\delta < 1.1$: 0.7579036569989065
$\delta < 1.25$: 0.9310157750677444
$\delta < 1.25^2$: 0.9872326776665405
$\delta < 1.25^3$: 0.9964558774267797
MAE: 1.5925042195005652
InvMAE: 5.792484677276728
InvRMSE: 8.649535106369322
LogMAE: 7.617765938943149
LogSI: 10.937531940601941
Chamfer: 0.6514507305543558
F-Score: 50.01516881635401
IoU: 34.54246585329343
F-Score-20: 67.40293324231371
IoU-20: 52.13242677155814
