Ratio: 0.04691546945979606
AbsRel: 27.040327856302262
SqRel: 15.85674450853467
RMSE: 11.685662575244903
LogRMSE: 40.43692575597763
$\delta < 1.05$: 0.14785202876213793
$\delta < 1.1$: 0.2730907417087339
$\delta < 1.25$: 0.5402432622245464
$\delta < 1.25^2$: 0.7961957410963318
$\delta < 1.25^3$: 0.9027140311579904
MAE: 7.727841875374317
InvMAE: 751.2116511827708
InvRMSE: 4630.367269894421
LogMAE: 29.41997598385811
LogSI: 39.54779094341157
Chamfer: 5.400575282546159
F-Score: 7.42927190856263
IoU: 4.093847309278324
F-Score-20: 14.24411980227381
IoU-20: 8.313319927904756
