Ratio: 27.345282481193543
AbsRel: 34.95354338932037
SqRel: 32.50267932498455
RMSE: 12.928434700131417
LogRMSE: 42.455787559509275
$\delta < 1.05$: 0.12205508932484836
$\delta < 1.1$: 0.22982951245576447
$\delta < 1.25$: 0.47592696475041985
$\delta < 1.25^2$: 0.7418228149894303
$\delta < 1.25^3$: 0.8743805802564361
MAE: 8.873325178325176
InvMAE: 21.27126616859436
InvRMSE: 28.548918052792548
LogMAE: 32.813570737838745
LogSI: 40.51038493841626
Chamfer: 4.514323489994747
F-Score: 7.5826449812725185
IoU: 4.174892151452601
F-Score-20: 14.795583189733327
IoU-20: 8.636592159360648
