Ratio: 2.154508537291022
AbsRel: 28.53980874723615
SqRel: 17.772442426703392
RMSE: 1.0131446888003874
LogRMSE: 32.64616817655184
$\delta < 1.05$: 0.1332865631608202
$\delta < 1.1$: 0.2567269762817476
$\delta < 1.25$: 0.5432337462594117
$\delta < 1.25^2$: 0.8265881540517315
$\delta < 1.25^3$: 0.9401908392249521
MAE: 0.7442220600054169
InvMAE: 113.41748596914682
InvRMSE: 150.39939597476877
LogMAE: 25.994041260593892
LogSI: 31.126486527013096
