Ratio: 0.38476872685787955
AbsRel: 22.952815596845902
SqRel: 17.41241047843516
RMSE: 1.0606432186399761
LogRMSE: 29.738799908110124
$\delta < 1.05$: 0.15320835563841767
$\delta < 1.1$: 0.2929221224390174
$\delta < 1.25$: 0.6035965346103123
$\delta < 1.25^2$: 0.8710496157372369
$\delta < 1.25^3$: 0.9607353345352441
MAE: 0.6780261191502441
InvMAE: 394.57430241961
InvRMSE: 2823.2931474866486
LogMAE: 23.11752225572545
LogSI: 29.408201267542903
