Ratio: 7.349002264832196
AbsRel: 56.04022693314621
SqRel: 160.37772959009277
RMSE: 7.3180490767271325
LogRMSE: 65.91372086089194
$\delta < 1.05$: 0.09687104896802183
$\delta < 1.1$: 0.18435789260236432
$\delta < 1.25$: 0.3938252682175411
$\delta < 1.25^2$: 0.6396010860204064
$\delta < 1.25^3$: 0.7646667848386292
MAE: 4.1359583748941215
InvMAE: 255.41711707930816
InvRMSE: 342.86652596681313
LogMAE: 49.22416858262422
LogSI: 61.40769846900992
Chamfer: 3.0327844383742115
F-Score: 29.345481982071433
IoU: 20.788427239524548
F-Score-20: 43.26873951368925
IoU-20: 33.78486600963122
