Ratio: 0.3111948057784121
AbsRel: 39.984039905310816
SqRel: 62.79706132816391
RMSE: 7.482438300781701
LogRMSE: 71.79418381013369
$\delta < 1.05$: 0.11606850777983373
$\delta < 1.1$: 0.21365884537187904
$\delta < 1.25$: 0.4253119224906559
$\delta < 1.25^2$: 0.6621708733440745
$\delta < 1.25^3$: 0.7929081282582786
MAE: 3.938042097749037
InvMAE: 4707.9564579983935
InvRMSE: 21967.363480572294
LogMAE: 48.694966959268854
LogSI: 68.42672508536842
Chamfer: 3.051497862329223
F-Score: 28.722390910469745
IoU: 21.5091855917019
F-Score-20: 42.363847818673015
IoU-20: 33.26482696689523
