Ratio: 0.15516380360556728
AbsRel: 25.299567736041162
SqRel: 22.688825937163447
RMSE: 9.7062844695968
LogRMSE: 49.11410402913248
$\delta < 1.05$: 0.17396711577233132
$\delta < 1.1$: 0.3299839184709509
$\delta < 1.25$: 0.6289128374618163
$\delta < 1.25^2$: 0.8342910010172843
$\delta < 1.25^3$: 0.911804818971606
MAE: 5.4235842440012965
InvMAE: 2808.9085077387285
InvRMSE: 18901.448908056445
LogMAE: 28.62773786514036
LogSI: 48.018516891926694
Chamfer: 2.559952267801132
F-Score: 14.170955961288945
IoU: 7.971546841936727
F-Score-20: 28.616170775198167
IoU-20: 17.804453380723153
Ratio-Edges: 0.1197633160082863
AbsRel-Edges: 30.74455503233118
SqRel-Edges: 25.182495648545377
RMSE-Edges: 10.75618721640675
LogRMSE-Edges: 47.03723084848691
$\delta < 1.05$-Edges: 0.130453200355217
$\delta < 1.1$-Edges: 0.2502644845955562
$\delta < 1.25$-Edges: 0.5029962415746416
$\delta < 1.25^2$-Edges: 0.7549673393441888
$\delta < 1.25^3$-Edges: 0.8793626717306425
MAE-Edges: 6.908414432669387
InvMAE-Edges: 1007.3818977652811
InvRMSE-Edges: 8435.352804079632
LogMAE-Edges: 32.72714802860435
LogSI-Edges: 45.82723065534623
Chamfer-Edges: 4.6336581902357175
F-Score-Edges: 6.808391337047994
IoU-Edges: 3.9171420889255266
F-Score-20-Edges: 14.61086046197056
IoU-20-Edges: 9.035707150058808
DirAcc-Edges: 68.69942293450997
Dir (-)-Edges: 4.5793240835352655
Dir (+)-Edges: 26.721252981954766
EdgeAcc-Edges: 4.084478941330076
EdgeComp-Edges: 41.47547591261178
