Ratio: 7.203543861143051
AbsRel: 30.308153868644467
SqRel: 38.29482479191596
RMSE: 9.286536979290746
LogRMSE: 36.37596606592978
$\delta < 1.05$: 0.16017589431522797
$\delta < 1.1$: 0.3009742086232111
$\delta < 1.25$: 0.5895764524914412
$\delta < 1.25^2$: 0.8231967280811986
$\delta < 1.25^3$: 0.915619155567643
MAE: 5.423238251401532
InvMAE: 28.201398634449127
InvRMSE: 41.529700570260324
LogMAE: 26.97774273041756
LogSI: 35.11037006876249
Chamfer: 2.6566052532941637
F-Score: 12.67414608793874
IoU: 7.004904364655094
F-Score-20: 25.608388275331066
IoU-20: 15.546338373461078
Ratio-Edges: 8.0300017241559
AbsRel-Edges: 39.511189686394985
SqRel-Edges: 65.75663920691589
RMSE-Edges: 11.561110143694613
LogRMSE-Edges: 44.18630073647094
$\delta < 1.05$-Edges: 0.1310263030438516
$\delta < 1.1$-Edges: 0.23858179456629458
$\delta < 1.25$-Edges: 0.47994379105412593
$\delta < 1.25^2$-Edges: 0.7427709159881967
$\delta < 1.25^3$-Edges: 0.8703499420623388
MAE-Edges: 7.54404827980629
InvMAE-Edges: 28.568574775745667
InvRMSE-Edges: 42.89326035462174
LogMAE-Edges: 33.3994932903963
LogSI-Edges: 42.590999501948765
Chamfer-Edges: 4.341160414589684
F-Score-Edges: 7.10186456245145
IoU-Edges: 4.259834850204537
F-Score-20-Edges: 14.10160951785792
IoU-20-Edges: 8.628858989379765
DirAcc-Edges: 65.64731455561176
Dir (-)-Edges: 3.213405735519731
Dir (+)-Edges: 31.139279708868507
EdgeAcc-Edges: 4.0392194828326256
EdgeComp-Edges: 36.40716679197924
