Ratio: 6.854250058829784
AbsRel: 27.16144390583038
SqRel: 23.985145168602468
RMSE: 8.084789856746793
LogRMSE: 35.18966949224472
$\delta < 1.05$: 0.1561249773840203
$\delta < 1.1$: 0.292809595536187
$\delta < 1.25$: 0.5888273601439932
$\delta < 1.25^2$: 0.8337611676778092
$\delta < 1.25^3$: 0.9247984674049283
MAE: 4.730258812569081
InvMAE: 26.20332297921181
InvRMSE: 35.62609140396118
LogMAE: 26.006395159959794
LogSI: 34.12200113700397
Chamfer: 2.5448187272426397
F-Score: 12.450523468255996
IoU: 6.84176115565002
F-Score-20: 24.81212585628033
IoU-20: 14.914909573197365
Ratio-Edges: 7.447277186512947
AbsRel-Edges: 34.57853323698044
SqRel-Edges: 41.07482240580023
RMSE-Edges: 9.599362671710551
LogRMSE-Edges: 42.43616998910904
$\delta < 1.05$-Edges: 0.12345056750327842
$\delta < 1.1$-Edges: 0.233745481867205
$\delta < 1.25$-Edges: 0.4893262864770017
$\delta < 1.25^2$-Edges: 0.7593819597748598
$\delta < 1.25^3$-Edges: 0.8816248191532433
MAE-Edges: 6.246046329457313
InvMAE-Edges: 29.931933254301548
InvRMSE-Edges: 41.441299416422844
LogMAE-Edges: 32.12535222530365
LogSI-Edges: 41.10228258051465
Chamfer-Edges: 3.5423805794741474
F-Score-Edges: 6.852120893746615
IoU-Edges: 3.760355108715594
F-Score-20-Edges: 14.985560782253742
IoU-20-Edges: 8.690700513720513
DirAcc-Edges: 70.29507518330078
Dir (-)-Edges: 4.402157852811183
Dir (+)-Edges: 25.302766963888033
EdgeAcc-Edges: 3.7891763589855567
EdgeComp-Edges: 37.3470187051802
