Ratio: 0.1309254968959829
AbsRel: 22.991120834350586
SqRel: 14.13168190330267
RMSE: 8.159275096058845
LogRMSE: 35.67130907058716
$\delta < 1.05$: 0.17196264661242175
$\delta < 1.1$: 0.3272576051403331
$\delta < 1.25$: 0.6426876120159283
$\delta < 1.25^2$: 0.855915576013219
$\delta < 1.25^3$: 0.9292610873269256
MAE: 4.582293413318694
InvMAE: 290.62761065125466
InvRMSE: 3562.3043447476625
LogMAE: 24.308398181200026
LogSI: 35.10872814915806
Chamfer: 2.6220105105887193
F-Score: 13.014666660055518
IoU: 7.14339218813926
F-Score-20: 26.167389849424364
IoU-20: 15.81884509563446
Ratio-Edges: 0.10793246507798901
AbsRel-Edges: 28.77839869737625
SqRel-Edges: 18.168362504318356
RMSE-Edges: 9.449673115722835
LogRMSE-Edges: 40.847655628919604
$\delta < 1.05$-Edges: 0.13072461526719037
$\delta < 1.1$-Edges: 0.2482213755904312
$\delta < 1.25$-Edges: 0.5166874218206307
$\delta < 1.25^2$-Edges: 0.7803694991947167
$\delta < 1.25^3$-Edges: 0.8922977986514773
MAE-Edges: 5.992446786612272
InvMAE-Edges: 167.74297853916883
InvRMSE-Edges: 1714.7701975008845
LogMAE-Edges: 30.369522518515588
LogSI-Edges: 39.978507926342274
Chamfer-Edges: 4.1688814173027895
F-Score-Edges: 6.730819029211998
IoU-Edges: 3.7377004266157745
F-Score-20-Edges: 14.331951679587364
IoU-20-Edges: 8.356778838187456
DirAcc-Edges: 73.06382550450544
Dir (-)-Edges: 6.014802180765409
Dir (+)-Edges: 20.92137231472916
EdgeAcc-Edges: 4.0312852240647254
EdgeComp-Edges: 51.057945918733914
