Ratio: 0.2947752729035141
AbsRel: 23.588041471862795
SqRel: 13.580046044826508
RMSE: 1.516333629435301
LogRMSE: 37.20208569984436
$\delta < 1.05$: 0.16432697598176302
$\delta < 1.1$: 0.31325898904326865
$\delta < 1.25$: 0.6237498264963596
$\delta < 1.25^2$: 0.8413261811191362
$\delta < 1.25^3$: 0.9012412898967881
MAE: 0.8413593591690064
InvMAE: 162.36131488189696
InvRMSE: 889.3256548934936
LogMAE: 26.07790414352417
LogSI: 36.628448693217194
