Ratio: 2.2123144409656526
AbsRel: 27.94768918647766
SqRel: 15.757632264518739
RMSE: 1.5103513882040978
LogRMSE: 39.875377597808836
$\delta < 1.05$: 0.14751344500050195
$\delta < 1.1$: 0.27751153732452505
$\delta < 1.25$: 0.5535510559642365
$\delta < 1.25^2$: 0.7960329229415051
$\delta < 1.25^3$: 0.8889748786296062
MAE: 0.9148082962751388
InvMAE: 117.64679391174316
InvRMSE: 152.02969400634765
LogMAE: 29.13955764923096
LogSI: 38.86739917524797
