MAE: 1.5738297958681189
RMSE: 3.613928655539554
InvMAE: 5.770063398074519
InvRMSE: 8.645146627733313
LogMAE: 7.50533744711086
LogRMSE: 11.812784826828658
LogSI: 10.907335159542841
AbsRel: 7.671195871990882
SqRel: 2.0261776772744815
ChamferDist: 0.6474299454615892
F-Score: 50.37031426463573
IoU: 34.87205625744822
F-Score-20: 67.67167890876348
IoU-20: 52.44746214553622
