MAE: 1.0170135830129896
RMSE: 2.547017439284495
InvMAE: 3.9790353662627083
InvRMSE: 6.142979746035167
LogMAE: 5.012778066737312
LogRMSE: 8.16871147121702
LogSI: 7.303280273697216
AbsRel: 5.300720930610384
SqRel: 1.5142040636550103
ChamferDist: 0.42921265744737214
F-Score: 57.21026666271899
IoU: 41.60587903796562
F-Score-20: 75.76511497633798
IoU-20: 62.38718604977642
