AbsRel: 0.09786658022162562
SqRel: 0.7395178373138737
RMSE: 4.4862136291807655
LogRMSE: 0.18644234253203168
$\delta < 1.25$: 0.8922084973283294
$\delta < 1.25^2$: 0.9615270482040005
$\delta < 1.25^3$: 0.9808979925753282
ChamferDist: 0.7935318387563807
F-Score: 26.93290678842509
IoU: 15.753357339281605
F-Score-20: 54.237595387134526
IoU-20: 37.644452867412156
