Scale: 18.81038379562275
Shift: 0.0
AbsRel: 43.19057187691932
SqRel: 375.6380107679442
RMSE: 7.215107380541985
LogRMSE: 42.38352683627552
$\delta_{.05}$: 19.20492539311424
$\delta_{.1}$: 34.36680682144028
$\delta_{.25}$: 61.60713229231401
$\delta_{.25^2}$: 81.89255844600471
$\delta_{.25^3}$: 90.03276617646385
MAE: 4.325368845409342
InvMAE: 37.15788648534783
InvRMSE: 92.08246340024631
LogMAE: 28.431788039314373
LogSI: 40.28821557008813
