Scale: 0.21535294746604625
Shift: 0.11206747760857187
AbsRel: 14.888087854385375
SqRel: 12.385974176847018
RMSE: 1.0241908449163803
LogRMSE: 25.611347531538744
$\delta_{.05}$: 28.1766196823059
$\delta_{.1}$: 49.415472064554876
$\delta_{.25}$: 80.49040461569834
$\delta_{.25^2}$: 94.9627765275659
$\delta_{.25^3}$: 98.23031913017029
MAE: 0.5267736471845553
InvMAE: 1725.3636024313707
InvRMSE: 8144.69597297375
LogMAE: 15.997010308045608
LogSI: 25.260226696581206
