Scale: 5.406745014190673
Shift: 0.0
AbsRel: 20.010154159252462
SqRel: 34.03557728767395
RMSE: 1.1268187027023389
LogRMSE: 25.31933704963097
$\delta_{.05}$: 21.09366878561755
$\delta_{.1}$: 38.916171064939654
$\delta_{.25}$: 70.59664268600947
$\delta_{.25^2}$: 90.3927243037677
$\delta_{.25^3}$: 96.81529318977991
MAE: 0.6917229631543159
InvMAE: 89.94620424564069
InvRMSE: 127.4956086554894
LogMAE: 19.091269076420712
LogSI: 24.03388327817364
