Scale: 0.07641200877733546
Shift: 0.010184625100435935
AbsRel: 33.513171924069326
SqRel: 125.08897649169369
RMSE: 8.896507553255077
LogRMSE: 50.452283915917434
$\delta_{.05}$: 20.040735879214893
$\delta_{.1}$: 34.08077354686869
$\delta_{.25}$: 57.04335693703761
$\delta_{.25^2}$: 77.3114347909434
$\delta_{.25^3}$: 86.85043787367628
MAE: 5.168553835140216
InvMAE: 1954.5541577841668
InvRMSE: 11063.197331658394
LogMAE: 33.1612679070956
LogSI: 47.615967409416
