Scale: 0.30817603631714136
Shift: -0.008959992334534555
AbsRel: 11.740983707824613
SqRel: 5.998121892275796
RMSE: 0.5729437848661288
LogRMSE: 16.317998838716328
$\delta_{.05}$: 33.81229705648247
$\delta_{.1}$: 57.46694226729211
$\delta_{.25}$: 87.03989031472432
$\delta_{.25^2}$: 97.6225215842224
$\delta_{.25^3}$: 99.40218199305619
MAE: 0.30481778918010743
InvMAE: 276.43852954246216
InvRMSE: 1942.6343652567732
LogMAE: 11.61690329010698
LogSI: 16.254920120094155
