Scale: 3.651605763931158
Shift: 0.0
AbsRel: 13.488663566221884
SqRel: 4.485032961501624
RMSE: 0.432330676323139
LogRMSE: 16.95190812105068
$\delta_{.05}$: 31.464655860483816
$\delta_{.1}$: 53.738632267938314
$\delta_{.25}$: 83.15018808111165
$\delta_{.25^2}$: 96.55674482942803
$\delta_{.25^3}$: 99.19474008979172
MAE: 0.3024456407817861
InvMAE: 66.90161348774528
InvRMSE: 94.42989662298733
LogMAE: 12.779112275951864
LogSI: 15.960432182905876
