Scale: 0.28079319568734157
Shift: 0.010779702945256715
AbsRel: 15.456385490131378
SqRel: 15.46805857591629
RMSE: 1.1452733244270086
LogRMSE: 24.107574605560302
$\delta_{.05}$: 26.63498683356337
$\delta_{.1}$: 48.60792734352141
$\delta_{.25}$: 80.16997622679793
$\delta_{.25^2}$: 92.31966080583418
$\delta_{.25^3}$: 96.67480176383616
MAE: 0.5725291635051369
InvMAE: 135.91955840911865
InvRMSE: 1217.190710458374
LogMAE: 16.067056559848787
LogSI: 23.902516996948783
