Scale: 3.6677675516605377
Shift: 0.0
AbsRel: 17.264313691711425
SqRel: 7.400711624383926
RMSE: 1.0957288074851037
LogRMSE: 25.81325140800476
$\delta_{.05}$: 24.124577000680816
$\delta_{.1}$: 43.88526759155697
$\delta_{.25}$: 75.44923313025784
$\delta_{.25^2}$: 90.31322544402704
$\delta_{.25^3}$: 95.89699027803037
MAE: 0.61296622428298
InvMAE: 70.70223720245362
InvRMSE: 93.23497545547485
LogMAE: 18.06734430961609
LogSI: 24.743994600115435
