Ratio: 0.03253350039331819
AbsRel: 28.389120515823365
SqRel: 52.09289690828324
RMSE: 26.781476182937624
LogRMSE: 95.42156926727294
$\delta < 1.05$: 0.1333976837105572
$\delta < 1.1$: 0.2585439622133433
$\delta < 1.25$: 0.5796650685293915
$\delta < 1.25^2$: 0.841835452542509
$\delta < 1.25^3$: 0.92350481176634
MAE: 11.68801355266571
InvMAE: 9250.492508851052
InvRMSE: 66768.34475034809
LogMAE: 36.346293787002566
LogSI: 94.03164021172746
Chamfer: 3.1544883557921666
F-Score: 6.137327582240105
IoU: 3.2039300489425657
F-Score-20: 18.200085075378418
IoU-20: 10.165803363561631
