Ratio: 41.35260447120667
AbsRel: 30.16046877670288
SqRel: 72.21093260908127
RMSE: 21.0391964468956
LogRMSE: 38.42216125106812
$\delta < 1.05$: 0.13086307488013385
$\delta < 1.1$: 0.25525954627407027
$\delta < 1.25$: 0.5523990634691169
$\delta < 1.25^2$: 0.8057998675405288
$\delta < 1.25^3$: 0.9254310353122758
MAE: 10.172526657104493
InvMAE: 14.618250808715821
InvRMSE: 22.79348415660858
LogMAE: 27.676611713409425
LogSI: 37.377048670838604
Chamfer: 3.2239070486671166
F-Score: 5.186012004464865
IoU: 2.6873653301894667
F-Score-20: 16.996850591540337
IoU-20: 9.433348758339882
