Ratio: 0.02803642256585539
AbsRel: 19.752418724940373
SqRel: 17.91949644473883
RMSE: 1.1523994920116205
LogRMSE: 28.02824875171368
$\delta < 1.05$: 0.20330970765384293
$\delta < 1.1$: 0.3733339429849832
$\delta < 1.25$: 0.6974013240602812
$\delta < 1.25^2$: 0.8976794944733079
$\delta < 1.25^3$: 0.9583839258325721
MAE: 0.7212837694012202
InvMAE: 380.80382300450253
InvRMSE: 2554.729100795159
LogMAE: 20.6531902885437
LogSI: 27.614162010661396
