Ratio: 40.639751589351704
AbsRel: 58.72384773989964
SqRel: 491.56379011500576
RMSE: 10.101380535839919
LogRMSE: 55.82048852347472
$\delta < 1.05$: 0.10924394098059288
$\delta < 1.1$: 0.20720773097672396
$\delta < 1.25$: 0.4320484399766184
$\delta < 1.25^2$: 0.6886767899190325
$\delta < 1.25^3$: 0.8203338225579394
MAE: 6.408989659740251
InvMAE: 47.377338106856755
InvRMSE: 100.09248197559819
LogMAE: 40.56259514718847
LogSI: 52.8629042887172
