Ratio: 0.027325795801779268
AbsRel: 39.50050472892453
SqRel: 108.99259900565639
RMSE: 9.650752324293547
LogRMSE: 55.56560315358799
$\delta < 1.05$: 0.11673340082538733
$\delta < 1.1$: 0.2206204174540501
$\delta < 1.25$: 0.45210311898786076
$\delta < 1.25^2$: 0.6903807814310621
$\delta < 1.25^3$: 0.8164859641658013
MAE: 6.031642381252195
InvMAE: 846.88118421283
InvRMSE: 5692.740281158499
LogMAE: 40.55289019811314
LogSI: 52.288406733500466
