Ratio: 13.555575155111459
AbsRel: 83.29525980435885
SqRel: 1681.2041713993367
RMSE: 6.334788398330028
LogRMSE: 55.91290286724384
$\delta < 1.05$: 0.11869313586735326
$\delta < 1.1$: 0.2252278094909203
$\delta < 1.25$: 0.46795636618538566
$\delta < 1.25^2$: 0.7222325915154604
$\delta < 1.25^3$: 0.8544511644273743
MAE: 2.4624460491767297
InvMAE: 147.8093041728093
InvRMSE: 193.36562324523925
LogMAE: 38.76758921403151
LogSI: 53.33419325656511
