Ratio: 0.03807212593410642
AbsRel: 7.091216794933591
SqRel: 7.617510632553271
RMSE: 3.8860790019375937
LogRMSE: 13.175079238755362
$\delta < 1.05$: 0.7091048805293007
$\delta < 1.1$: 0.8472590300332183
$\delta < 1.25$: 0.9395268291407336
$\delta < 1.25^2$: 0.9762998985523426
$\delta < 1.25^3$: 0.9882580027946095
MAE: 1.4827776008205755
InvMAE: 19.04107329266412
InvRMSE: 211.90195204036576
LogMAE: 6.5987130662373135
LogSI: 13.074850458025422
Chamfer: 0.6486590058321644
F-Score: 60.998088076455254
IoU: 45.487891055345536
F-Score-20: 75.63242265973773
IoU-20: 62.497618057387214
