Ratio: 0.037385827322859666
AbsRel: 9.832243640729986
SqRel: 6.252274015975511
RMSE: 4.551128480606284
LogRMSE: 16.440872958832724
$\delta < 1.05$: 0.48504518169106026
$\delta < 1.1$: 0.7100017502797951
$\delta < 1.25$: 0.8990924855824155
$\delta < 1.25^2$: 0.9714953934353824
$\delta < 1.25^3$: 0.989345508021256
MAE: 1.967102932418051
InvMAE: 81.43741362189954
InvRMSE: 857.2107810019716
LogMAE: 9.639000849855458
LogSI: 16.327602319370552
Chamfer: 0.7888940927906128
F-Score: 46.96381597577429
IoU: 31.89435546822343
F-Score-20: 65.49339243824497
IoU-20: 49.95351158768121
