Ratio: 25.963105389731272
AbsRel: 7.9662102934292385
SqRel: 17.612078650263804
RMSE: 4.076654696421964
LogRMSE: 13.46807664326259
$\delta < 1.05$: 0.7106939474559806
$\delta < 1.1$: 0.8646053912315639
$\delta < 1.25$: 0.953554719759843
$\delta < 1.25^2$: 0.9794366903248141
$\delta < 1.25^3$: 0.9874951921989847
MAE: 1.4219709447877749
InvMAE: 4.900985266310828
InvRMSE: 10.31649207166263
LogMAE: 6.41872147151402
LogSI: 13.312167783065943
Chamfer: 0.5279064093244079
F-Score: 60.802314101798196
IoU: 45.388475865125656
F-Score-20: 77.1431797518049
IoU-20: 64.23739862373897
