Ratio: 26.27108276109754
AbsRel: 10.969156548289433
SqRel: 13.8378804223212
RMSE: 4.641165829509314
LogRMSE: 16.472517838507343
$\delta < 1.05$: 0.45427982180922927
$\delta < 1.1$: 0.6938567287199625
$\delta < 1.25$: 0.8981428675783251
$\delta < 1.25^2$: 0.9713527187229805
$\delta < 1.25^3$: 0.9887076199382675
MAE: 2.0043843032026585
InvMAE: 8.054131460701761
InvRMSE: 13.319025529674226
LogMAE: 9.961727817365729
LogSI: 16.06764159457975
Chamfer: 0.7362563098254681
F-Score: 45.17813484050745
IoU: 30.429109754006557
F-Score-20: 65.17900414042677
IoU-20: 49.661134982401606
