Ratio: 94.22463299942017
AbsRel: 41.572195223808286
SqRel: 52.56489805519581
RMSE: 14.80231617450714
LogRMSE: 48.271364652633665
$\delta < 1.05$: 0.10271665329667504
$\delta < 1.1$: 0.19704429956909592
$\delta < 1.25$: 0.4232927175459904
$\delta < 1.25^2$: 0.6887615917296873
$\delta < 1.25^3$: 0.8381933544338
MAE: 10.145427523016929
InvMAE: 24.520630768179892
InvRMSE: 32.907270292401314
LogMAE: 37.31765672492981
LogSI: 46.215756434698996
Chamfer: 4.035754342879476
F-Score: 8.324593290776015
IoU: 4.561727566853166
F-Score-20: 16.312203376948833
IoU-20: 9.455081409275532
