Ratio: 0.010300625283144495
AbsRel: 29.141945093154906
SqRel: 17.847136021569373
RMSE: 12.400914995372295
LogRMSE: 41.623737876415255
$\delta < 1.05$: 0.13116079353811164
$\delta < 1.1$: 0.24659716401808024
$\delta < 1.25$: 0.5059838750205737
$\delta < 1.25^2$: 0.766702564230289
$\delta < 1.25^3$: 0.8854539518370792
MAE: 8.314440052688122
InvMAE: 1083.3458174504042
InvRMSE: 1959.3890729538798
LogMAE: 32.39146699595452
LogSI: 39.455351249730704
Chamfer: 6.126562994130107
F-Score: 7.5372529896199705
IoU: 4.091820922629908
F-Score-20: 14.510771137788891
IoU-20: 8.379518315970898
