Ratio: 8.63989134337924
AbsRel: 36.7628468300589
SqRel: 68.98684734598213
RMSE: 1.5165936945046123
LogRMSE: 38.97018424742812
$\delta < 1.05$: 0.10665809331011553
$\delta < 1.1$: 0.20656098927920225
$\delta < 1.25$: 0.45890197197455884
$\delta < 1.25^2$: 0.7646974033292517
$\delta < 1.25^3$: 0.9100424347819844
MAE: 0.9517163323289758
InvMAE: 129.55597415539103
InvRMSE: 168.47567739107558
LogMAE: 30.857874093070308
LogSI: 36.78740910579182
