Ratio: 0.07809932743057744
AbsRel: 24.000716841548954
SqRel: 12.16048842750558
RMSE: 0.9629714954017864
LogRMSE: 30.71792100912205
$\delta < 1.05$: 0.14393852282912561
$\delta < 1.1$: 0.2728525587777429
$\delta < 1.25$: 0.5678674493443844
$\delta < 1.25^2$: 0.8470849690395176
$\delta < 1.25^3$: 0.9515459730862237
MAE: 0.6902370522715812
InvMAE: 190.04192249053116
InvRMSE: 1121.2460654605784
LogMAE: 24.611438175953857
LogSI: 30.30852765577392
