Ratio: 0.06974862373030889
AbsRel: 39.64593523187501
SqRel: 53.670599711988494
RMSE: 7.204867794261309
LogRMSE: 65.25420216122312
$\delta < 1.05$: 0.12124100713968221
$\delta < 1.1$: 0.2147374278847389
$\delta < 1.25$: 0.4185507561682933
$\delta < 1.25^2$: 0.6585602803688351
$\delta < 1.25^3$: 0.7833450616851989
MAE: 3.891542050937574
InvMAE: 2098.371178402627
InvRMSE: 11370.293540606488
LogMAE: 47.095749245762256
LogSI: 62.09373611016618
Chamfer: 2.8431806725767497
F-Score: 29.942071723417516
IoU: 22.839282183987244
F-Score-20: 43.40112998458383
IoU-20: 34.37153825661765
