Ratio: 27.46067468087639
AbsRel: 64.03076027762947
SqRel: 308.396095007699
RMSE: 7.917827769814496
LogRMSE: 69.49148312116924
$\delta < 1.05$: 0.09028227066933424
$\delta < 1.1$: 0.1716385620967561
$\delta < 1.25$: 0.3667856178984353
$\delta < 1.25^2$: 0.6073343960688297
$\delta < 1.25^3$: 0.7509261491832697
MAE: 4.363874427097266
InvMAE: 282.13121673179586
InvRMSE: 381.8236852676104
LogMAE: 51.4799100159458
LogSI: 65.24479652598511
Chamfer: 2.6633128778337993
F-Score: 29.857831772677066
IoU: 20.622099898135264
F-Score-20: 44.82798206398362
IoU-20: 34.382211174063706
