Ratio: 35.09499932565997
AbsRel: 33.11199943665535
SqRel: 68.23548820880151
RMSE: 9.73488853289235
LogRMSE: 38.6883656384868
$\delta < 1.05$: 0.14653146685463828
$\delta < 1.1$: 0.2784023982635882
$\delta < 1.25$: 0.5576203457828587
$\delta < 1.25^2$: 0.8057072502917771
$\delta < 1.25^3$: 0.9059169095013121
MAE: 5.676640096460619
InvMAE: 30.434071189511208
InvRMSE: 44.615893165834486
LogMAE: 28.762981535388576
LogSI: 37.39942966452532
Chamfer: 2.783943313591415
F-Score: 11.953963920224098
IoU: 6.549912659314371
F-Score-20: 24.27321372385948
IoU-20: 14.485015642566065
Ratio-Edges: 39.28341161565843
AbsRel-Edges: 40.77497442407546
SqRel-Edges: 80.88335541167291
RMSE-Edges: 11.53433997217152
LogRMSE-Edges: 44.73303503522686
$\delta < 1.05$-Edges: 0.12796294742783262
$\delta < 1.1$-Edges: 0.23452677756301277
$\delta < 1.25$-Edges: 0.477516867052625
$\delta < 1.25^2$-Edges: 0.7381194196023334
$\delta < 1.25^3$-Edges: 0.8669140760491447
MAE-Edges: 7.477973031793155
InvMAE-Edges: 29.129746921857198
InvRMSE-Edges: 43.67837244731928
LogMAE-Edges: 33.79561541625877
LogSI-Edges: 43.21521677206808
Chamfer-Edges: 4.282222488288109
F-Score-Edges: 7.254159023033248
IoU-Edges: 4.389318442149879
F-Score-20-Edges: 14.493852234510035
IoU-20-Edges: 8.884086689567255
DirAcc-Edges: 64.75728769254644
Dir (-)-Edges: 3.21407277749898
Dir (+)-Edges: 32.02863952995458
EdgeAcc-Edges: 4.0348534469871415
EdgeComp-Edges: 32.44111230282868
