Ratio: 0.028500197561417643
AbsRel: 24.52323094844818
SqRel: 16.42550905779004
RMSE: 8.530495991371572
LogRMSE: 37.32046329140663
$\delta < 1.05$: 0.1594110689504531
$\delta < 1.1$: 0.3016444210460829
$\delta < 1.25$: 0.6072098879768304
$\delta < 1.25^2$: 0.8430829587049948
$\delta < 1.25^3$: 0.9232983497451792
MAE: 4.842167657986283
InvMAE: 303.94378309607504
InvRMSE: 4394.392595766187
LogMAE: 25.777786484956742
LogSI: 36.68941236436527
Chamfer: 2.6499516725136867
F-Score: 12.273819310367108
IoU: 6.719990028440952
F-Score-20: 24.21974580347538
IoU-20: 14.40062349498272
Ratio-Edges: 0.024671630550392242
AbsRel-Edges: 29.558157519102096
SqRel-Edges: 19.85275121115148
RMSE-Edges: 9.674279524497688
LogRMSE-Edges: 41.40387876391411
$\delta < 1.05$-Edges: 0.12722509534181736
$\delta < 1.1$-Edges: 0.24016743051563189
$\delta < 1.25$-Edges: 0.5060558406938026
$\delta < 1.25^2$-Edges: 0.775111399113151
$\delta < 1.25^3$-Edges: 0.8877870733740697
MAE-Edges: 6.160527763217687
InvMAE-Edges: 130.12595184981822
InvRMSE-Edges: 2000.4083774381877
LogMAE-Edges: 30.930453344583512
LogSI-Edges: 40.51070734837071
Chamfer-Edges: 4.137677248794236
F-Score-Edges: 6.9147770521231
IoU-Edges: 3.85107267299667
F-Score-20-Edges: 14.77668129876256
IoU-20-Edges: 8.617647916674613
DirAcc-Edges: 73.32039253349095
Dir (-)-Edges: 6.251793392606297
Dir (+)-Edges: 20.427814073902766
EdgeAcc-Edges: 4.007701019209773
EdgeComp-Edges: 49.85630166512719
