Ratio: 0.03213147426077636
AbsRel: 26.68763204759167
SqRel: 26.46334456339959
RMSE: 9.995227838504698
LogRMSE: 49.91598447430518
$\delta < 1.05$: 0.15911407958085844
$\delta < 1.1$: 0.3036830241106064
$\delta < 1.25$: 0.6021914526020073
$\delta < 1.25^2$: 0.8199073139031011
$\delta < 1.25^3$: 0.9041630653902262
MAE: 5.636351725680213
InvMAE: 2314.4711244478535
InvRMSE: 19015.80052491957
LogMAE: 29.605653549317392
LogSI: 48.748791825292074
Chamfer: 2.640981695130968
F-Score: 13.218639065527148
IoU: 7.355945147929653
F-Score-20: 26.609949625076787
IoU-20: 16.26686282665499
Ratio-Edges: 0.026305535294430502
AbsRel-Edges: 31.806136977127174
SqRel-Edges: 29.127619716875692
RMSE-Edges: 11.033504075298902
LogRMSE-Edges: 48.49270930477217
$\delta < 1.05$-Edges: 0.12517176983153275
$\delta < 1.1$-Edges: 0.24092812735043415
$\delta < 1.25$-Edges: 0.49166089412138037
$\delta < 1.25^2$-Edges: 0.7445805388276587
$\delta < 1.25^3$-Edges: 0.8727153862276344
MAE-Edges: 7.098615786292
InvMAE-Edges: 1093.3839040123169
InvRMSE-Edges: 9299.78211126834
LogMAE-Edges: 33.627984041637845
LogSI-Edges: 47.21206351808697
Chamfer-Edges: 4.5703391936823845
F-Score-Edges: 6.803176748246149
IoU-Edges: 3.879624065513315
F-Score-20-Edges: 14.576578019724952
IoU-20-Edges: 8.864177855596044
DirAcc-Edges: 68.58815764516882
Dir (-)-Edges: 4.7983948892995825
Dir (+)-Edges: 26.61344746553159
EdgeAcc-Edges: 4.154267357537825
EdgeComp-Edges: 36.62264354357259
