Ratio: 31.92789552092552
AbsRel: 28.939917488098146
SqRel: 27.231564685106278
RMSE: 8.594493179097771
LogRMSE: 37.04371128797531
$\delta < 1.05$: 0.1424163807075729
$\delta < 1.1$: 0.2683637262625521
$\delta < 1.25$: 0.557407674304898
$\delta < 1.25^2$: 0.8168278402673262
$\delta < 1.25^3$: 0.9160044251418062
MAE: 4.996610394716263
InvMAE: 27.252348974347115
InvRMSE: 36.80768282532692
LogMAE: 27.57483811855316
LogSI: 35.9181704415494
Chamfer: 2.5538250291357216
F-Score: 11.752663793116808
IoU: 6.393282548859715
F-Score-20: 23.388307223916055
IoU-20: 13.741504268944263
Ratio-Edges: 35.46832044363022
AbsRel-Edges: 34.61735485434532
SqRel-Edges: 39.487495563477275
RMSE-Edges: 9.728944684565068
LogRMSE-Edges: 42.30151580572128
$\delta < 1.05$-Edges: 0.11929294542965295
$\delta < 1.1$-Edges: 0.22851771438249763
$\delta < 1.25$-Edges: 0.4847671753893591
$\delta < 1.25^2$-Edges: 0.7609549398722899
$\delta < 1.25^3$-Edges: 0.8837157714037143
MAE-Edges: 6.305821581985802
InvMAE-Edges: 28.84506440103054
InvRMSE-Edges: 39.76153191685677
LogMAE-Edges: 32.03574892282486
LogSI-Edges: 41.021740137888926
Chamfer-Edges: 3.5273487830432293
F-Score-Edges: 7.262914444617927
IoU-Edges: 4.0429212235100564
F-Score-20-Edges: 15.668041689693927
IoU-20-Edges: 9.17621615588665
DirAcc-Edges: 69.2245948538733
Dir (-)-Edges: 4.334376177750369
Dir (+)-Edges: 26.44102896837633
EdgeAcc-Edges: 3.7989366942002585
EdgeComp-Edges: 32.85085163399363
