Ratio: 0.05436541702213853
AbsRel: 24.50073303451538
SqRel: 11.700987309741974
RMSE: 1.5361728744745256
LogRMSE: 38.90495633239746
$\delta < 1.05$: 0.15425404705149623
$\delta < 1.1$: 0.2958454178654691
$\delta < 1.25$: 0.6085720295760759
$\delta < 1.25^2$: 0.8359266980142158
$\delta < 1.25^3$: 0.8952231324634433
MAE: 0.8656292216479778
InvMAE: 109.59418245849609
InvRMSE: 191.22217203216553
LogMAE: 27.267153309249878
LogSI: 38.26792000213804
