Ratio: 7.673224810504913
AbsRel: 36.8647869644165
SqRel: 37.7452767534256
RMSE: 1.724175268816948
LogRMSE: 46.713455695343015
$\delta < 1.05$: 0.1021182917181786
$\delta < 1.1$: 0.19826733436503563
$\delta < 1.25$: 0.4387138423415139
$\delta < 1.25^2$: 0.7134846474521046
$\delta < 1.25^3$: 0.8546939571185996
MAE: 1.1080949208855628
InvMAE: 143.79720607452393
InvRMSE: 185.89987741088868
LogMAE: 35.47991611633301
LogSI: 45.8155752222213
