MAE: 1.6423938111202117
RMSE: 3.6394980070781124
InvMAE: 6.094957708581093
InvRMSE: 8.997228987743519
LogMAE: 7.937332765090685
LogRMSE: 12.21131592440459
LogSI: 11.158496658668488
AbsRel: 8.190944337771715
SqRel: 2.2136124031721085
ChamferDist: 0.6652948628036888
F-Score: 49.15732219687269
IoU: 33.816572035559986
F-Score-20: 66.62809590327959
IoU-20: 51.28537800578983
