AbsRel: 0.09946339644245814
SqRel: 0.7530492920872128
RMSE: 4.501689587296167
LogRMSE: 0.18604437924034284
$\delta < 1.25$: 0.8881586846986881
$\delta < 1.25^2$: 0.9616936728799816
$\delta < 1.25^3$: 0.981162558349919
ChamferDist: 0.8096226045442277
F-Score: 27.303743999007786
IoU: 15.97954002411841
F-Score-20: 53.99408242760635
IoU-20: 37.40239543107524
