MAE: 1.1429852957810673
RMSE: 2.7206007160884993
InvMAE: 4.480782634701048
InvRMSE: 6.699301547663552
LogMAE: 5.679173367874963
LogRMSE: 8.946414675371987
LogSI: 7.814687071615267
AbsRel: 6.037189553294863
SqRel: 1.7671991410957915
ChamferDist: 0.46887281358242033
F-Score: 54.23335875297764
IoU: 38.7642576706782
F-Score-20: 73.88153172769717
IoU-20: 60.09372505992651
