MAE: 1.3019696175626345
RMSE: 3.2176978683471678
InvMAE: 4.872977107082095
InvRMSE: 8.284765244892665
LogMAE: 6.272834787028176
LogRMSE: 10.80283406496048
LogSI: 10.185682043589066
AbsRel: 6.579631102085114
SqRel: 2.4111588922355858
ChamferDist: 0.5170156713255815
F-Score: 54.15207547715732
IoU: 38.411843796372416
F-Score-20: 71.99549668550492
IoU-20: 57.442162824017664
