MAE: 2.1328220917769003
RMSE: 4.587219854805367
InvMAE: 8.289597944979286
InvRMSE: 12.692959016817479
LogMAE: 10.61900250385144
LogRMSE: 16.60179882181203
LogSI: 15.320478991195982
AbsRel: 10.618731137433667
SqRel: 3.968986486181891
ChamferDist: 0.8344180792387278
F-Score: 44.044104259529725
IoU: 29.15208416450426
F-Score-20: 62.012170409863714
IoU-20: 46.04142587389683
