AbsRel: 0.1268165515391009
SqRel: 1.010604713619867
RMSE: 5.3080472285983555
LogRMSE: 0.2233785422387903
$\delta < 1.25$: 0.8328378934500114
$\delta < 1.25^2$: 0.940767847524099
$\delta < 1.25^3$: 0.9731308791266721
ChamferDist: 1.0109548059905447
F-Score: 21.59096512048795
IoU: 12.271990211057869
F-Score-20: 47.95721663840361
IoU-20: 31.929022089822734
