MAE: 1.1320442771485875
RMSE: 2.673205249479839
InvMAE: 4.7031658571107045
InvRMSE: 7.17333290372576
LogMAE: 5.780649674960545
LogRMSE: 9.17252188376018
LogSI: 8.284506852682625
AbsRel: 6.034731339727129
SqRel: 1.5880270878012692
ChamferDist: 0.47820100060531073
F-Score: 54.456253353634054
IoU: 38.862235640399156
F-Score-20: 72.4862818891555
IoU-20: 58.32457596335028
