MAE: 1.6635921953097443
RMSE: 3.6389662713909443
InvMAE: 6.226304323578173
InvRMSE: 9.27132700593925
LogMAE: 8.098742117911028
LogRMSE: 12.43334086687287
LogSI: 11.4030821950421
AbsRel: 8.252302797659775
SqRel: 2.092082699909349
ChamferDist: 0.6830180076185179
F-Score: 48.99199235974097
IoU: 33.64886186530162
F-Score-20: 66.01073028028377
IoU-20: 50.586983898117495
