AbsRel: 0.0983489345213989
SqRel: 0.7110065427986929
RMSE: 4.529508659538614
LogRMSE: 0.18576562249100362
$\delta < 1.25$: 0.88569906093866
$\delta < 1.25^2$: 0.961019702768913
$\delta < 1.25^3$: 0.9813565392230162
ChamferDist: 0.8260407361443792
F-Score: 27.72491508918992
IoU: 16.26414205747492
F-Score-20: 54.18226420622816
IoU-20: 37.584508070131626
