Scale: 0.21912251859285778
Shift: 0.04851167395382981
AbsRel: 41.30266633268963
SqRel: 100.38243174071803
RMSE: 10.010216226759512
LogRMSE: 57.79081666629945
$\delta_{.05}$: 10.198633195595473
$\delta_{.1}$: 19.60330882511889
$\delta_{.25}$: 41.59091345676754
$\delta_{.25^2}$: 66.48719277966592
$\delta_{.25^3}$: 79.96884246587723
MAE: 6.331344827942784
InvMAE: 692.0251532782354
InvRMSE: 4623.926948755846
LogMAE: 43.04264250785246
LogSI: 54.29753078709052
