Scale: 0.3394315218917921
Shift: 0.29877756080995266
AbsRel: 19.965668013646052
SqRel: 16.17637474023379
RMSE: 1.2023093358599222
LogRMSE: 28.32211984194242
$\delta_{.05}$: 20.119449505633277
$\delta_{.1}$: 37.221615967274865
$\delta_{.25}$: 69.35317809768107
$\delta_{.25^2}$: 89.60683662452128
$\delta_{.25^3}$: 95.68627495052198
MAE: 0.7453951262281491
InvMAE: 390.9313059131916
InvRMSE: 2333.4989478081925
LogMAE: 20.8760570203341
LogSI: 27.927546278612628
