Scale: 0.8074307919384806
Shift: 0.21116955791968323
AbsRel: 21.202268174664326
SqRel: 10.05984372094228
RMSE: 0.7559697371921773
LogRMSE: 27.27756771545527
$\delta_{.05}$: 16.33372785339336
$\delta_{.1}$: 31.031185730710263
$\delta_{.25}$: 62.42312231474427
$\delta_{.25^2}$: 88.62404976447445
$\delta_{.25^3}$: 96.9651153936765
MAE: 0.5198590925663983
InvMAE: 183.62549299129287
InvRMSE: 1008.7782270128209
LogMAE: 21.64321253204929
LogSI: 26.99583520739058
