Scale: 0.5036002121198481
Shift: 0.2485721512238771
AbsRel: 25.236545449066163
SqRel: 13.830139528656005
RMSE: 1.5743197828412057
LogRMSE: 39.75981633415222
$\delta_{.05}$: 14.778345590851194
$\delta_{.1}$: 28.14619894171885
$\delta_{.25}$: 59.118895691084795
$\delta_{.25^2}$: 82.93146916638607
$\delta_{.25^3}$: 89.62113992630337
MAE: 0.8847256352901459
InvMAE: 200.3830534637451
InvRMSE: 848.0236996261597
LogMAE: 28.004250469970703
LogSI: 39.0988572435096
