Scale: 0.07591116103810046
Shift: 0.010182619431283055
AbsRel: 35.42810147867075
SqRel: 122.88932461495357
RMSE: 9.365709970016116
LogRMSE: 54.254323705964026
$\delta_{.05}$: 16.46263251503891
$\delta_{.1}$: 29.464121418733072
$\delta_{.25}$: 53.180474373732174
$\delta_{.25^2}$: 74.63916350404038
$\delta_{.25^3}$: 85.14265106661254
MAE: 5.533099604929242
InvMAE: 2271.6021759018236
InvRMSE: 12096.69898719424
LogMAE: 36.14849855921194
LogSI: 51.270672604837486
