Scale: 0.1616962723298939
Shift: 0.148519347236779
AbsRel: 16.65861557300274
SqRel: 14.890510486456064
RMSE: 1.0871479526162147
LogRMSE: 26.643681424947886
$\delta_{.05}$: 25.23663970688572
$\delta_{.1}$: 45.02102259056623
$\delta_{.25}$: 77.19189985959488
$\delta_{.25^2}$: 93.02934951245764
$\delta_{.25^3}$: 97.22319131050278
MAE: 0.5969329528854443
InvMAE: 1076.953276915917
InvRMSE: 6775.1005516624455
LogMAE: 17.57636743252094
LogSI: 26.31309489693314
