Scale: 0.28790961552688454
Shift: 0.008094481772673367
AbsRel: 14.23746099238731
SqRel: 6.032054431941531
RMSE: 0.6024441039958678
LogRMSE: 19.01310049138667
$\delta_{.05}$: 26.595996244452387
$\delta_{.1}$: 47.58871475524294
$\delta_{.25}$: 80.50477022046528
$\delta_{.25^2}$: 96.28383006761861
$\delta_{.25^3}$: 99.18757533975992
MAE: 0.3577397043620228
InvMAE: 250.37415525016434
InvRMSE: 1616.7029576228663
LogMAE: 14.206979779293048
LogSI: 18.92412719452793
