Scale: 0.24022222178435063
Shift: 0.06409896576886093
AbsRel: 17.289237791061403
SqRel: 9.356410724139213
RMSE: 1.2536351482748986
LogRMSE: 27.606498679733278
$\delta_{.05}$: 23.264395597506706
$\delta_{.1}$: 43.40723536629883
$\delta_{.25}$: 76.28199263423758
$\delta_{.25^2}$: 89.76197323965799
$\delta_{.25^3}$: 94.35449933743932
MAE: 0.6624449909448623
InvMAE: 112.56921283340453
InvRMSE: 739.1125057373047
LogMAE: 18.753079368019105
LogSI: 27.30291416098185
