Ratio: 46.90973596382141
AbsRel: 21.632922855377196
SqRel: 12.572787319421769
RMSE: 18.018555435180666
LogRMSE: 30.785793605804443
$\delta < 1.05$: 0.16080713032196298
$\delta < 1.1$: 0.310283587764312
$\delta < 1.25$: 0.6301142180110665
$\delta < 1.25^2$: 0.872213311266513
$\delta < 1.25^3$: 0.9527683394973125
MAE: 8.715346445322037
InvMAE: 11.740232144355774
InvRMSE: 17.749571321487426
LogMAE: 22.61768462371826
LogSI: 30.112103840770548
Chamfer: 3.0736770791150145
F-Score: 5.769422966659069
IoU: 3.0000711745768784
F-Score-20: 18.626096417665483
IoU-20: 10.48425891315937
