Ratio: 0.029738192355244702
AbsRel: 21.893635946273804
SqRel: 17.09403502035141
RMSE: 30.011305990695952
LogRMSE: 123.66885644340515
$\delta < 1.05$: 0.23195868232409117
$\delta < 1.1$: 0.42249667588670914
$\delta < 1.25$: 0.7264772689457138
$\delta < 1.25^2$: 0.8788557447260009
$\delta < 1.25^3$: 0.9321360286115783
MAE: 12.032114951848984
InvMAE: 14022.124430340768
InvRMSE: 97860.80625129127
LogMAE: 35.71716904640198
LogSI: 122.3767231462907
Chamfer: 3.1850190924370896
F-Score: 10.587251337766647
IoU: 5.657332426548004
F-Score-20: 29.61436848258972
IoU-20: 17.656360151767732
