Ratio: 13.23572294822106
AbsRel: 30.640335972125715
SqRel: 20.863452773827774
RMSE: 1.4591173328803135
LogRMSE: 38.38541187873253
$\delta < 1.05$: 0.1244367477059278
$\delta < 1.1$: 0.23953136927501759
$\delta < 1.25$: 0.4991273354043791
$\delta < 1.25^2$: 0.7736310181819931
$\delta < 1.25^3$: 0.9062103088553983
MAE: 1.0445429004155673
InvMAE: 140.85006161909837
InvRMSE: 186.89230002770057
LogMAE: 30.16671738257775
LogSI: 36.96418784373423
