Ratio: 0.024908656756010374
AbsRel: 38.46481849046032
SqRel: 109.71581131594064
RMSE: 9.661956943471335
LogRMSE: 55.030221137230704
$\delta < 1.05$: 0.12526364482367447
$\delta < 1.1$: 0.23825022672906712
$\delta < 1.25$: 0.4769761029551794
$\delta < 1.25^2$: 0.705888664601347
$\delta < 1.25^3$: 0.825420067987067
MAE: 5.945329758484802
InvMAE: 1068.3059934655646
InvRMSE: 7239.241654870756
LogMAE: 39.19618926775295
LogSI: 51.89303647760416
