Ratio: 43.799130696352286
AbsRel: 55.275544632710684
SqRel: 463.0399939179955
RMSE: 9.333067680287254
LogRMSE: 52.23101515192622
$\delta < 1.05$: 0.12081697433353882
$\delta < 1.1$: 0.22891033683655787
$\delta < 1.25$: 0.4713831781251844
$\delta < 1.25^2$: 0.7226073350485999
$\delta < 1.25^3$: 0.8408776247087899
MAE: 5.9444382861590706
InvMAE: 44.304875276548444
InvRMSE: 97.48094966272602
LogMAE: 37.564436337338435
LogSI: 49.64143430388381
