Ratio: 0.029271028701561334
AbsRel: 18.939251835896417
SqRel: 10.346353421486342
RMSE: 1.0484093262369816
LogRMSE: 26.215824897472675
$\delta < 1.05$: 0.21893380502914572
$\delta < 1.1$: 0.39595065578192346
$\delta < 1.25$: 0.7082738927835455
$\delta < 1.25^2$: 0.9040493862900439
$\delta < 1.25^3$: 0.9607966251094018
MAE: 0.6910068616729517
InvMAE: 170.65226992533758
InvRMSE: 620.5555022650499
LogMAE: 19.68571329190181
LogSI: 25.855609124619217
