Ratio: 30.96592186655317
AbsRel: 7.12384665455137
SqRel: 3.487887707395213
RMSE: 3.644132134446076
LogRMSE: 11.282215803010123
$\delta < 1.05$: 0.5913351983776471
$\delta < 1.1$: 0.8081561973063166
$\delta < 1.25$: 0.944563432901993
$\delta < 1.25^2$: 0.9855090862203055
$\delta < 1.25^3$: 0.994321590764207
MAE: 1.5253522020152637
InvMAE: 5.140132783821651
InvRMSE: 7.913854897703443
LogMAE: 6.9443846600396295
LogSI: 10.834713519916
Chamfer: 0.6087933068034157
F-Score: 54.8209475257567
IoU: 38.92951572443758
F-Score-20: 72.25710557239397
IoU-20: 57.7825948034014
