Ratio: 0.032918278475850694
AbsRel: 6.358476542745318
SqRel: 2.061087513778891
RMSE: 3.5128448942303656
LogRMSE: 10.669942095620291
$\delta < 1.05$: 0.6286062389459308
$\delta < 1.1$: 0.835724579895828
$\delta < 1.25$: 0.9498288226212072
$\delta < 1.25^2$: 0.9874599602620758
$\delta < 1.25^3$: 0.9954095853344377
MAE: 1.430454136473792
InvMAE: 5.046109238181796
InvRMSE: 35.765356835297176
LogMAE: 6.360053877489907
LogSI: 10.592925747890284
Chamfer: 0.6061447447694923
F-Score: 57.28792911393302
IoU: 41.17191140515464
F-Score-20: 73.77443405423845
IoU-20: 59.482023357663834
