Ratio: 31.389943652357793
AbsRel: 8.68717903520432
SqRel: 2.348203192002203
RMSE: 4.087720870240334
LogRMSE: 13.418367026042354
$\delta < 1.05$: 0.46279302469475847
$\delta < 1.1$: 0.7060216857062936
$\delta < 1.25$: 0.9125119989677402
$\delta < 1.25^2$: 0.9832596977312694
$\delta < 1.25^3$: 0.9960310527712588
MAE: 1.857561081602164
InvMAE: 6.682732234703251
InvRMSE: 9.627965196510035
LogMAE: 8.840754817234227
LogSI: 12.804101976529001
Chamfer: 0.7254717666837457
F-Score: 46.865650969963134
IoU: 31.68244614831509
F-Score-20: 66.36705013506251
IoU-20: 50.695665963222645
