Ratio: 0.03256891413643363
AbsRel: 8.049875754520206
SqRel: 2.0768784333957484
RMSE: 3.983055635006881
LogRMSE: 13.021160261031309
$\delta < 1.05$: 0.5054458014235952
$\delta < 1.1$: 0.7402738741297893
$\delta < 1.25$: 0.9240227589088604
$\delta < 1.25^2$: 0.9850187459015968
$\delta < 1.25^3$: 0.9961142614197126
MAE: 1.7436076121096231
InvMAE: 34.816841917169604
InvRMSE: 555.7718837882843
LogMAE: 8.148535488938993
LogSI: 12.948289504074324
Chamfer: 0.6914294941399829
F-Score: 49.79762990233357
IoU: 34.077046524710454
F-Score-20: 68.26443101877084
IoU-20: 52.70939394374567
