Ratio: 88.45927317857742
AbsRel: 34.049774125099184
SqRel: 30.025069075465204
RMSE: 12.541898049414158
LogRMSE: 42.379323605537415
$\delta < 1.05$: 0.12045743628873155
$\delta < 1.1$: 0.22912561604094933
$\delta < 1.25$: 0.48241667527306686
$\delta < 1.25^2$: 0.743435429278903
$\delta < 1.25^3$: 0.8723917155238959
MAE: 8.682514167666435
InvMAE: 21.32993767797947
InvRMSE: 28.570732210397722
LogMAE: 32.81184129238129
LogSI: 40.43811156184543
Chamfer: 4.536864605728366
F-Score: 8.9779865180403
IoU: 4.97977047368139
F-Score-20: 16.959626895487308
IoU-20: 9.988773769617081
