Ratio: 0.013678439790329
AbsRel: 27.93153708573757
SqRel: 16.246633172541873
RMSE: 11.875818388164044
LogRMSE: 40.961302412509916
$\delta < 1.05$: 0.1411623228621217
$\delta < 1.1$: 0.2620140533489313
$\delta < 1.25$: 0.5244507934235657
$\delta < 1.25^2$: 0.7797376573509416
$\delta < 1.25^3$: 0.8942514760040495
MAE: 7.934353994250298
InvMAE: 644.7966361276806
InvRMSE: 3987.8601884845198
LogMAE: 30.444512438774108
LogSI: 39.98071366866768
Chamfer: 5.7292317704827855
F-Score: 8.278876014726237
IoU: 4.607784439668059
F-Score-20: 15.325213337158784
IoU-20: 9.054719850169494
