Ratio: 8.359668725856583
AbsRel: 27.766608430704938
SqRel: 16.40111161153251
RMSE: 0.9743915915215781
LogRMSE: 32.36865013746676
$\delta < 1.05$: 0.12941559909918227
$\delta < 1.1$: 0.2485308063980212
$\delta < 1.25$: 0.5346619408089721
$\delta < 1.25^2$: 0.8292982666642054
$\delta < 1.25^3$: 0.9450980987863984
MAE: 0.7268173722180022
InvMAE: 115.96921921651298
InvRMSE: 152.60741920354533
LogMAE: 25.99886224466726
LogSI: 31.05662672104786
