Ratio: 0.09391704887846475
AbsRel: 22.117975127077248
SqRel: 9.826676159276875
RMSE: 0.8864521558313924
LogRMSE: 27.93767130338453
$\delta < 1.05$: 0.15838056499034986
$\delta < 1.1$: 0.3015056188302086
$\delta < 1.25$: 0.6088271153424112
$\delta < 1.25^2$: 0.870471971738689
$\delta < 1.25^3$: 0.9640345705732868
MAE: 0.6405134729995458
InvMAE: 105.84694518809654
InvRMSE: 367.36115596782906
LogMAE: 22.53453610942269
LogSI: 27.6119002004003
