Ratio: 0.06984918714080574
AbsRel: 40.944591297943624
SqRel: 62.04074077624293
RMSE: 7.6104764183813876
LogRMSE: 72.96513367218265
$\delta < 1.05$: 0.11524635317581365
$\delta < 1.1$: 0.2129807927820947
$\delta < 1.25$: 0.4303323289970576
$\delta < 1.25^2$: 0.650466143344251
$\delta < 1.25^3$: 0.7778026840630113
MAE: 3.971909812003659
InvMAE: 5100.056618250314
InvRMSE: 23156.355392076068
LogMAE: 49.67276885577937
LogSI: 69.53448781588877
Chamfer: 2.9932419592243864
F-Score: 28.52438122077386
IoU: 21.6059245861942
F-Score-20: 41.41351681879262
IoU-20: 32.51265775608389
