Ratio: 25.29138937749361
AbsRel: 53.64878108033723
SqRel: 112.8157713313529
RMSE: 6.997728039345673
LogRMSE: 66.24566814317657
$\delta < 1.05$: 0.09332975958040318
$\delta < 1.1$: 0.17527927573959748
$\delta < 1.25$: 0.3697552781821263
$\delta < 1.25^2$: 0.6225727957356999
$\delta < 1.25^3$: 0.7634308686641548
MAE: 3.9206310439908334
InvMAE: 284.4858549467114
InvRMSE: 376.5101672491959
LogMAE: 49.690444653684445
LogSI: 61.71359655109038
Chamfer: 3.0206989844859193
F-Score: 28.499477317480093
IoU: 19.625088278093692
F-Score-20: 44.058785363689566
IoU-20: 33.950354982035584
