Ratio: 0.029247681800238762
AbsRel: 25.451564520559003
SqRel: 22.48934757303807
RMSE: 9.721338883013495
LogRMSE: 48.60847307635892
$\delta < 1.05$: 0.17009584728114924
$\delta < 1.1$: 0.32185215042809023
$\delta < 1.25$: 0.6182274234984823
$\delta < 1.25^2$: 0.8322767097487122
$\delta < 1.25^3$: 0.9127388901983122
MAE: 5.4771610744441706
InvMAE: 2896.653304705466
InvRMSE: 18638.799714379464
LogMAE: 28.809871514843355
LogSI: 47.457231450551106
Chamfer: 2.5896137315066703
F-Score: 15.183626346511225
IoU: 8.544681850864041
F-Score-20: 29.62960213922685
IoU-20: 18.40990842311613
Ratio-Edges: 0.027350093039220168
AbsRel-Edges: 30.798036603054967
SqRel-Edges: 25.67905840217288
RMSE-Edges: 10.73483448881729
LogRMSE-Edges: 47.44110969780317
$\delta < 1.05$-Edges: 0.13144804581228645
$\delta < 1.1$-Edges: 0.249763161944548
$\delta < 1.25$-Edges: 0.5012419676701544
$\delta < 1.25^2$-Edges: 0.7574697829743724
$\delta < 1.25^3$-Edges: 0.880293510277535
MAE-Edges: 6.90144027935134
InvMAE-Edges: 1114.9813980937004
InvRMSE-Edges: 9379.12708051828
LogMAE-Edges: 32.7020464379803
LogSI-Edges: 46.24441014335297
Chamfer-Edges: 4.480072274902923
F-Score-Edges: 7.451031893238523
IoU-Edges: 4.265391089898698
F-Score-20-Edges: 15.74746955925343
IoU-20-Edges: 9.686222309964934
DirAcc-Edges: 68.14223490357759
Dir (-)-Edges: 4.8411289630915
Dir (+)-Edges: 27.016636133330916
EdgeAcc-Edges: 3.6435748929018303
EdgeComp-Edges: 35.339313722827896
