Ratio: 34.87769989967346
AbsRel: 27.039819185733794
SqRel: 19.233132045567036
RMSE: 8.158483124300837
LogRMSE: 35.22131310224533
$\delta < 1.05$: 0.1445563477715771
$\delta < 1.1$: 0.274217552635812
$\delta < 1.25$: 0.5637834629802091
$\delta < 1.25^2$: 0.8283322057646079
$\delta < 1.25^3$: 0.9250701334445647
MAE: 4.832788824513554
InvMAE: 26.743383621573447
InvRMSE: 35.97666133403778
LogMAE: 26.54545126914978
LogSI: 33.99727967402077
Chamfer: 2.5510701858731943
F-Score: 12.758196003735065
IoU: 6.98148328281939
F-Score-20: 24.800015272796156
IoU-20: 14.70526829481125
Ratio-Edges: 38.560806736946105
AbsRel-Edges: 33.051719714403156
SqRel-Edges: 30.14193899743259
RMSE-Edges: 9.231070547811687
LogRMSE-Edges: 41.06143249988556
$\delta < 1.05$-Edges: 0.12097771002295352
$\delta < 1.1$-Edges: 0.23244771656250546
$\delta < 1.25$-Edges: 0.4925835957249535
$\delta < 1.25^2$-Edges: 0.7676032647227131
$\delta < 1.25^3$-Edges: 0.8881749467766167
MAE-Edges: 6.042807012163102
InvMAE-Edges: 29.01108883857727
InvRMSE-Edges: 39.96143619894981
LogMAE-Edges: 31.356395655870436
LogSI-Edges: 39.72029320107237
Chamfer-Edges: 3.51221500545298
F-Score-Edges: 7.426714679952711
IoU-Edges: 4.083713556677103
F-Score-20-Edges: 16.109302766025067
IoU-20-Edges: 9.402674891501665
DirAcc-Edges: 69.90732817692809
Dir (-)-Edges: 4.175291546750266
Dir (+)-Edges: 25.917380276321655
EdgeAcc-Edges: 3.332326054873729
EdgeComp-Edges: 31.472281647001356
