Ratio: 0.026901338162971564
AbsRel: 23.428584583997726
SqRel: 13.882602628916501
RMSE: 8.26401625983417
LogRMSE: 35.765615016222
$\delta < 1.05$: 0.1667778353076691
$\delta < 1.1$: 0.31501156443176404
$\delta < 1.25$: 0.6229869056119887
$\delta < 1.25^2$: 0.8515576060166158
$\delta < 1.25^3$: 0.9300469174598186
MAE: 4.6997450628876685
InvMAE: 338.49430540084836
InvRMSE: 3814.554337930679
LogMAE: 24.76551008462906
LogSI: 35.16317211676084
Chamfer: 2.5826952094936098
F-Score: 13.758681834042072
IoU: 7.562105920314789
F-Score-20: 26.60090794324875
IoU-20: 15.95693134367466
Ratio-Edges: 0.023456415947613777
AbsRel-Edges: 28.705491946935652
SqRel-Edges: 17.771309545710682
RMSE-Edges: 9.358873062729835
LogRMSE-Edges: 40.70218297123909
$\delta < 1.05$-Edges: 0.1311980910901913
$\delta < 1.1$-Edges: 0.24900318697317572
$\delta < 1.25$-Edges: 0.5150285403802335
$\delta < 1.25^2$-Edges: 0.7809827744703837
$\delta < 1.25^3$-Edges: 0.8942156804682864
MAE-Edges: 5.969977150838822
InvMAE-Edges: 228.10941812634468
InvRMSE-Edges: 2129.264500466585
LogMAE-Edges: 30.246802089810373
LogSI-Edges: 39.84275289160671
Chamfer-Edges: 3.9581398630509432
F-Score-Edges: 7.2616643550246955
IoU-Edges: 4.016493982933461
F-Score-20-Edges: 15.44866056933999
IoU-20-Edges: 9.035207066908479
DirAcc-Edges: 73.159916551033
Dir (-)-Edges: 5.9511806412101285
Dir (+)-Edges: 20.88890280775688
EdgeAcc-Edges: 3.5232276909850304
EdgeComp-Edges: 44.880213024262694
