Ratio: 39.0118887082992
AbsRel: 29.98317259019421
SqRel: 35.400710104973086
RMSE: 9.272364482418183
LogRMSE: 36.697361532642
$\delta < 1.05$: 0.15078844654154533
$\delta < 1.1$: 0.2858249100844422
$\delta < 1.25$: 0.5726111089976073
$\delta < 1.25^2$: 0.8191712061888914
$\delta < 1.25^3$: 0.9154393247986765
MAE: 5.454506443027527
InvMAE: 29.186997446244764
InvRMSE: 42.737762473937
LogMAE: 27.40317921423143
LogSI: 35.2658407799088
Chamfer: 2.760395341184073
F-Score: 13.335996968592367
IoU: 7.368175434527859
F-Score-20: 26.2772545654543
IoU-20: 15.884189145334306
Ratio-Edges: 43.53723385817085
AbsRel-Edges: 38.150146207622456
SqRel-Edges: 59.62026044854931
RMSE-Edges: 10.885809374449689
LogRMSE-Edges: 42.84253158382341
$\delta < 1.05$-Edges: 0.12726227692729508
$\delta < 1.1$-Edges: 0.2383757657820445
$\delta < 1.25$-Edges: 0.4879317752025305
$\delta < 1.25^2$-Edges: 0.751548366167876
$\delta < 1.25^3$-Edges: 0.8764073416683213
MAE-Edges: 7.157556706715643
InvMAE-Edges: 28.20298430607989
InvRMSE-Edges: 42.05156444256602
LogMAE-Edges: 32.614814874860976
LogSI-Edges: 41.41480100684583
Chamfer-Edges: 4.225844989545562
F-Score-Edges: 7.5473110070805145
IoU-Edges: 4.515273236351855
F-Score-20-Edges: 14.936736441593544
IoU-20-Edges: 9.179512855215789
DirAcc-Edges: 65.7568779501842
Dir (-)-Edges: 3.0768362380870165
Dir (+)-Edges: 31.16628581172879
EdgeAcc-Edges: 3.5181132443399905
EdgeComp-Edges: 31.863639575505587
