Ratio: 8.06577870349884
AbsRel: 27.56285442237854
SqRel: 14.438870989322663
RMSE: 1.475670845901966
LogRMSE: 39.399365688323975
$\delta < 1.05$: 0.13487182154243255
$\delta < 1.1$: 0.25774105747374776
$\delta < 1.25$: 0.5363977345589543
$\delta < 1.25^2$: 0.7965173517539965
$\delta < 1.25^3$: 0.8940944469877317
MAE: 0.8979690664410591
InvMAE: 122.11328894348145
InvRMSE: 155.57701910552979
LogMAE: 29.293562003326414
LogSI: 38.25584290332189
