Ratio: 0.07875119415086441
AbsRel: 23.550931272125244
SqRel: 11.66125871939659
RMSE: 1.4866114955067635
LogRMSE: 36.754840327072145
$\delta < 1.05$: 0.1621533813217427
$\delta < 1.1$: 0.30800213241924396
$\delta < 1.25$: 0.6189397628010953
$\delta < 1.25^2$: 0.842886799123945
$\delta < 1.25^3$: 0.9010354449601391
MAE: 0.8358846621155739
InvMAE: 115.52900881271363
InvRMSE: 349.0605985122681
LogMAE: 26.01981100692749
LogSI: 36.18730757452374
