Scale: 6.158920237651238
Shift: 0.0
AbsRel: 19.401594547858604
SqRel: 9.741298396220573
RMSE: 1.0007332062721253
LogRMSE: 25.358052240518422
$\delta_{.05}$: 21.849337408897682
$\delta_{.1}$: 39.916217811493325
$\delta_{.25}$: 70.99169257372535
$\delta_{.25^2}$: 90.44611065950454
$\delta_{.25^3}$: 96.49076097502042
MAE: 0.6607147300014129
InvMAE: 91.4754908649738
InvRMSE: 128.80395898085374
LogMAE: 19.11688899260301
LogSI: 24.045396161534484
