Scale: 0.2058320242649712
Shift: 0.07973579785223744
AbsRel: 15.325047161395734
SqRel: 11.74888224510046
RMSE: 1.0719464080838057
LogRMSE: 26.15324315584623
$\delta_{.05}$: 27.019426658357688
$\delta_{.1}$: 48.03441488576699
$\delta_{.25}$: 79.89515415729073
$\delta_{.25^2}$: 94.50190515013976
$\delta_{.25^3}$: 97.98570106134255
MAE: 0.5426402466801497
InvMAE: 1627.2008067204401
InvRMSE: 8689.672761572325
LogMAE: 16.381528508112982
LogSI: 25.81295798181988
