Scale: 21.892862799990873
Shift: 0.0
AbsRel: 44.12608076638705
SqRel: 367.5057531350664
RMSE: 7.400859885017968
LogRMSE: 43.21611914185665
$\delta_{.05}$: 18.197356110432906
$\delta_{.1}$: 33.394013814335054
$\delta_{.25}$: 60.404892079192344
$\delta_{.25^2}$: 81.1512235879798
$\delta_{.25^3}$: 89.52902205341391
MAE: 4.488923918372312
InvMAE: 37.57178796674104
InvRMSE: 92.37958855318917
LogMAE: 29.223693617790804
LogSI: 41.035458933910625
