Scale: 0.06636089916675775
Shift: 0.011134652859920588
AbsRel: 33.59720368556378
SqRel: 124.11112266598528
RMSE: 8.90200642579874
LogRMSE: 51.329804039856775
$\delta_{.05}$: 19.697643556143447
$\delta_{.1}$: 33.427289522805246
$\delta_{.25}$: 56.91230408263595
$\delta_{.25^2}$: 77.0144574213434
$\delta_{.25^3}$: 86.45763155632847
MAE: 5.202394516679203
InvMAE: 2159.739179240214
InvRMSE: 11523.616460566029
LogMAE: 33.6491878679515
LogSI: 48.44269434709741
