Scale: 4.12815720280376
Shift: 0.0
AbsRel: 13.39207101269235
SqRel: 4.414099907633544
RMSE: 0.4387609754498216
LogRMSE: 16.868717659504043
$\delta_{.05}$: 31.256645034957607
$\delta_{.1}$: 53.58505445622952
$\delta_{.25}$: 83.45307862279923
$\delta_{.25^2}$: 96.73102682338163
$\delta_{.25^3}$: 99.25683061372892
MAE: 0.3035668914835752
InvMAE: 66.21913068228905
InvRMSE: 93.19895261070415
LogMAE: 12.710492873410566
LogSI: 15.841460292196576
