Scale: 0.26462492717118913
Shift: 0.00510787605314276
AbsRel: 11.613002708198827
SqRel: 5.418399887233517
RMSE: 0.5337088179834392
LogRMSE: 16.022639384692596
$\delta_{.05}$: 33.74092025304708
$\delta_{.1}$: 57.791831748178275
$\delta_{.25}$: 87.15736542084252
$\delta_{.25^2}$: 97.66404281554783
$\delta_{.25^3}$: 99.40679485145908
MAE: 0.2985127600314329
InvMAE: 270.8445566334856
InvRMSE: 1606.2072258462235
LogMAE: 11.531022493263269
LogSI: 15.956877851786901
