Scale: 4.107805674505234
Shift: 0.0
AbsRel: 16.976557264900208
SqRel: 7.217550288295746
RMSE: 1.1191131704688073
LogRMSE: 26.065775038146974
$\delta_{.05}$: 24.657978415258754
$\delta_{.1}$: 44.974462579750444
$\delta_{.25}$: 75.98551274570436
$\delta_{.25^2}$: 90.62933096649937
$\delta_{.25^3}$: 95.35421733157987
MAE: 0.6135901705682277
InvMAE: 69.60178898620606
InvRMSE: 92.54735021743774
LogMAE: 17.941320477867126
LogSI: 24.97644669567611
