Scale: 0.2448312641234791
Shift: 0.018822942840218366
AbsRel: 15.407595535612106
SqRel: 14.924515886864066
RMSE: 1.1872298271149397
LogRMSE: 24.44246323518753
$\delta_{.05}$: 27.037387816277676
$\delta_{.1}$: 48.81822469517476
$\delta_{.25}$: 80.70098266953651
$\delta_{.25^2}$: 92.28113544085159
$\delta_{.25^3}$: 96.03175765283862
MAE: 0.5832942570462822
InvMAE: 123.34764871711731
InvRMSE: 1079.3222218864441
LogMAE: 16.10657648115158
LogSI: 24.241563207823482
