MAE: 1.0770628111490181
RMSE: 2.60744597609554
InvMAE: 4.242850052629199
InvRMSE: 6.502032635211944
LogMAE: 5.369041762522289
LogRMSE: 8.623159469536372
LogSI: 7.708165840168866
AbsRel: 5.658986693109785
SqRel: 1.5673074921486634
ChamferDist: 0.4409865503438882
F-Score: 55.467485198335986
IoU: 39.861775540390184
F-Score-20: 75.0283225532089
IoU-20: 61.407225731653824
