AbsRel: 0.09875360406518324
SqRel: 0.7434476077492473
RMSE: 4.526530196369122
LogRMSE: 0.18729914491261265
$\delta < 1.25$: 0.8887246865627373
$\delta < 1.25^2$: 0.9603688360396546
$\delta < 1.25^3$: 0.9810182359536289
ChamferDist: 0.8105258827914125
F-Score: 27.27593043442265
IoU: 15.975807307012795
F-Score-20: 54.38582520308761
IoU-20: 37.771950381344325
