MAE: 1.6117307450050957
RMSE: 3.6525628233979814
InvMAE: 5.949074288453061
InvRMSE: 8.842674055348144
LogMAE: 7.7349805678326655
LogRMSE: 12.102488941941525
LogSI: 11.193944376811082
AbsRel: 7.872298380714253
SqRel: 2.095371563376093
ChamferDist: 0.6514547273425236
F-Score: 49.657238138942446
IoU: 34.202436273986116
F-Score-20: 67.65953791196361
IoU-20: 52.30883363757763
