Ratio: 7.043513958930969
AbsRel: 28.45138286781311
SqRel: 18.36938366508484
RMSE: 18.38093331861496
LogRMSE: 36.54976854133606
$\delta < 1.05$: 0.12293405158600595
$\delta < 1.1$: 0.23493597861547305
$\delta < 1.25$: 0.4986497949857146
$\delta < 1.25^2$: 0.792323802240324
$\delta < 1.25^3$: 0.9357330938910027
MAE: 9.646737390041352
InvMAE: 15.435561241149902
InvRMSE: 23.043939259529115
LogMAE: 28.196120502471924
LogSI: 35.75394361898965
Chamfer: 3.1967178791425876
F-Score: 4.816389516979456
IoU: 2.499693703144789
F-Score-20: 13.959204817771912
IoU-20: 7.612902458190918
