Ratio: 0.20225756253364863
AbsRel: 27.705509399414062
SqRel: 20.44359427642822
RMSE: 31.45349513244629
LogRMSE: 152.94977838897705
$\delta < 1.05$: 0.12499349965598179
$\delta < 1.1$: 0.24707349007583793
$\delta < 1.25$: 0.5629868926312054
$\delta < 1.25^2$: 0.836283337050958
$\delta < 1.25^3$: 0.9144342528992578
MAE: 13.544646637439728
InvMAE: 22483.25052443886
InvRMSE: 119504.25839905548
LogMAE: 51.427774375915526
LogSI: 149.68914377657987
Chamfer: 3.432130720828047
F-Score: 5.725174197793007
IoU: 2.9793319574594497
F-Score-20: 16.98833735179901
IoU-20: 9.400248910427093
