Ratio: 0.10052667624257176
AbsRel: 20.113064484229454
SqRel: 10.718017795636104
RMSE: 1.1065431060240818
LogRMSE: 27.69414678133451
$\delta < 1.05$: 0.19721480710517145
$\delta < 1.1$: 0.3643219221974086
$\delta < 1.25$: 0.6842326897769202
$\delta < 1.25^2$: 0.8923478373710871
$\delta < 1.25^3$: 0.9542941800921667
MAE: 0.7442316845059395
InvMAE: 100.77851943676288
InvRMSE: 240.84787628467265
LogMAE: 21.145168809157152
LogSI: 27.255856569752332
