Ratio: 9.835189662439406
AbsRel: 64.72702577616602
SqRel: 597.1361576014035
RMSE: 10.9080328267786
LogRMSE: 58.814186335679125
$\delta < 1.05$: 0.09627868398140481
$\delta < 1.1$: 0.1857405262168001
$\delta < 1.25$: 0.3996330699989355
$\delta < 1.25^2$: 0.652504135296972
$\delta < 1.25^3$: 0.7951694359177899
MAE: 6.980817652203043
InvMAE: 49.93899299638688
InvRMSE: 102.47500083692405
LogMAE: 43.47077238399352
LogSI: 55.98610416360479
