Ratio: 2.765937601878093
AbsRel: 39.68313525860126
SqRel: 40.00827584486741
RMSE: 2.0242272325662465
LogRMSE: 46.79712313138521
$\delta < 1.05$: 0.10394155374041476
$\delta < 1.1$: 0.1995427667169476
$\delta < 1.25$: 0.4296562284137558
$\delta < 1.25^2$: 0.7056096478363634
$\delta < 1.25^3$: 0.8544526573059557
MAE: 1.3627403141672794
InvMAE: 161.1458814562284
InvRMSE: 211.5296483729436
LogMAE: 36.345112997201774
LogSI: 45.500073984107146
