Ratio: 0.10133770172205406
AbsRel: 41.134602375629235
SqRel: 101.90132176715697
RMSE: 9.886369532934753
LogRMSE: 56.221849007456825
$\delta < 1.05$: 0.10133040628666698
$\delta < 1.1$: 0.19662987279630087
$\delta < 1.25$: 0.41864163483881034
$\delta < 1.25^2$: 0.6674406288018392
$\delta < 1.25^3$: 0.7994762534109211
MAE: 6.263627913500696
InvMAE: 384.3171214378468
InvRMSE: 2829.561277094443
LogMAE: 42.545947669332875
LogSI: 52.79070301301493
