Ratio: 5.399999999999999
AbsRel: 8.079451812191243
SqRel: 2.406245011699163
RMSE: 3.6418974840202214
LogRMSE: 11.95866593956216
$\delta < 1.05$: 0.5263816741320587
$\delta < 1.1$: 0.7505993566270377
$\delta < 1.25$: 0.9331040412643302
$\delta < 1.25^2$: 0.987308633671403
$\delta < 1.25^3$: 0.9965703991243067
MAE: 1.6344274904556069
InvMAE: 5.763873529031964
InvRMSE: 8.629906779417963
LogMAE: 7.713758722770433
LogSI: 10.953153309778038
Chamfer: 0.6572075170252808
F-Score: 49.470387821548556
IoU: 33.95015490493891
F-Score-20: 67.29203423400598
IoU-20: 51.76545863283192
