Ratio: 5.399999999999999
AbsRel: 4.265774077006749
SqRel: 0.7998163614315646
RMSE: 1.988081942839282
LogRMSE: 6.454197314807347
$\delta < 1.05$: 0.7400827640055986
$\delta < 1.1$: 0.9369198122816618
$\delta < 1.25$: 0.9913414413100166
$\delta < 1.25^2$: 0.9976160233446241
$\delta < 1.25^3$: 0.9989229183453742
MAE: 0.851326792367867
InvMAE: 3.047503194979259
InvRMSE: 4.716146844284875
LogMAE: 4.081796895606177
LogSI: 5.511376656974657
Chamfer: 0.3519445808749218
F-Score: 62.27374917984009
IoU: 45.98861567088536
F-Score-20: 80.12623251778739
IoU-20: 67.50410128184727
