Ratio: 0.04563336894871046
AbsRel: 30.288730022192002
SqRel: 18.108221462771297
RMSE: 12.686746939897537
LogRMSE: 43.39158297157287
$\delta < 1.05$: 0.12270524262679859
$\delta < 1.1$: 0.23231605118819418
$\delta < 1.25$: 0.4824475699742653
$\delta < 1.25^2$: 0.7496384936446445
$\delta < 1.25^3$: 0.8763423347338569
MAE: 8.610461084723472
InvMAE: 1233.1456512800455
InvRMSE: 2565.9931600206496
LogMAE: 33.8246018652916
LogSI: 41.13021462987015
Chamfer: 6.627879457851204
F-Score: 6.960180071678944
IoU: 3.7817043270957655
F-Score-20: 13.43789118568413
IoU-20: 7.7537867383835835
