Ratio: 20.934388506650926
AbsRel: 39.13515275478363
SqRel: 42.57136691093445
RMSE: 13.84637738096714
LogRMSE: 46.98352951908112
$\delta < 1.05$: 0.10182273527803505
$\delta < 1.1$: 0.19668517812447403
$\delta < 1.25$: 0.427784328614891
$\delta < 1.25^2$: 0.6991483658290747
$\delta < 1.25^3$: 0.8443918912482409
MAE: 9.667735477566719
InvMAE: 24.044650116682053
InvRMSE: 31.997502945184706
LogMAE: 36.58831111240387
LogSI: 45.21768414576313
Chamfer: 4.159722522262046
F-Score: 8.352416448287666
IoU: 4.597744785938412
F-Score-20: 16.453105786934493
IoU-20: 9.605207755193113
