Ratio: 1.999142797988489
AbsRel: 31.035528721065695
SqRel: 20.73948012944026
RMSE: 1.0773691972917008
LogRMSE: 35.6698758157386
$\delta < 1.05$: 0.11711415921625574
$\delta < 1.1$: 0.22722033654526547
$\delta < 1.25$: 0.4988136387130121
$\delta < 1.25^2$: 0.7965321426520386
$\delta < 1.25^3$: 0.9248876349329411
MAE: 0.8002855785031566
InvMAE: 124.04300678614811
InvRMSE: 165.19974265258975
LogMAE: 28.36684551588986
LogSI: 34.4327954512937
