Ratio: 0.351183273832108
AbsRel: 24.54041134764295
SqRel: 12.793941197455476
RMSE: 0.9716206447588741
LogRMSE: 30.98842764411133
$\delta < 1.05$: 0.1374423849416581
$\delta < 1.1$: 0.2637256387458287
$\delta < 1.25$: 0.5562234774600714
$\delta < 1.25^2$: 0.8417501312667032
$\delta < 1.25^3$: 0.9502299154252732
MAE: 0.702431305160672
InvMAE: 193.24476700237403
InvRMSE: 962.6030060887701
LogMAE: 25.01635590751601
LogSI: 30.541233833208096
