Ratio: 0.4028988718488752
AbsRel: 40.0247135358564
SqRel: 47.925765969267374
RMSE: 7.266247963937419
LogRMSE: 67.95145844340895
$\delta < 1.05$: 0.11255853582591938
$\delta < 1.1$: 0.20643664835052913
$\delta < 1.25$: 0.4249884865780307
$\delta < 1.25^2$: 0.6489528415258148
$\delta < 1.25^3$: 0.7795806753820068
MAE: 3.890415689135282
InvMAE: 2562.3681666199673
InvRMSE: 15725.44240974915
LogMAE: 47.92908804234135
LogSI: 64.75699876731238
Chamfer: 2.7378111360129815
F-Score: 30.7782374505827
IoU: 23.237577983740557
F-Score-20: 44.61149094298696
IoU-20: 35.08977524916236
