Ratio: 5.83864505128427
AbsRel: 54.93444385471526
SqRel: 125.91843767018908
RMSE: 7.072579015941141
LogRMSE: 66.0373565598538
$\delta < 1.05$: 0.08990878171786207
$\delta < 1.1$: 0.17194622359120657
$\delta < 1.25$: 0.37845619180270434
$\delta < 1.25^2$: 0.629237175176462
$\delta < 1.25^3$: 0.7622787041425655
MAE: 4.009209925834642
InvMAE: 262.3544457328947
InvRMSE: 355.6717510810594
LogMAE: 49.40139065940985
LogSI: 62.03974585050714
Chamfer: 2.6650170529020993
F-Score: 30.113157057719366
IoU: 21.620156729456625
F-Score-20: 44.747204923030864
IoU-20: 34.69504630987724
