Ratio: 7.111970778126871
AbsRel: 32.69806856586087
SqRel: 45.16375078401258
RMSE: 9.581683675204554
LogRMSE: 37.96876494746054
$\delta < 1.05$: 0.1461950068921864
$\delta < 1.1$: 0.281029765794471
$\delta < 1.25$: 0.5676989750276615
$\delta < 1.25^2$: 0.8095137684740921
$\delta < 1.25^3$: 0.9069860883790317
MAE: 5.621217768365337
InvMAE: 31.00909664830854
InvRMSE: 45.118915372048654
LogMAE: 28.287415919150074
LogSI: 36.57982820854773
Chamfer: 2.463509416635018
F-Score: 12.626505559644391
IoU: 6.935108231113803
F-Score-20: 25.94619711352933
IoU-20: 15.631794621559882
Ratio-Edges: 7.717190837548449
AbsRel-Edges: 41.200689236634695
SqRel-Edges: 68.87493955496869
RMSE-Edges: 11.94383288857594
LogRMSE-Edges: 45.66945542416541
$\delta < 1.05$-Edges: 0.12487319823140228
$\delta < 1.1$-Edges: 0.23165204790015928
$\delta < 1.25$-Edges: 0.4706995779833436
$\delta < 1.25^2$-Edges: 0.7271632889819315
$\delta < 1.25^3$-Edges: 0.8582645096262954
MAE-Edges: 7.803997359215434
InvMAE-Edges: 30.44938794491338
InvRMSE-Edges: 45.4110298069474
LogMAE-Edges: 34.606888486824786
LogSI-Edges: 43.99851655815643
Chamfer-Edges: 4.073209650991828
F-Score-Edges: 7.4483260460538805
IoU-Edges: 4.394976511081449
F-Score-20-Edges: 15.237923815486088
IoU-20-Edges: 9.305382633029051
DirAcc-Edges: 65.36963838766968
Dir (-)-Edges: 3.8816939048206396
Dir (+)-Edges: 30.74866770750968
EdgeAcc-Edges: 3.745784111653644
EdgeComp-Edges: 22.72273458780028
