Ratio: 6.89938296943903
AbsRel: 28.839860401153565
SqRel: 25.395747062265873
RMSE: 8.15336884662509
LogRMSE: 36.086043784618376
$\delta < 1.05$: 0.14755163891718484
$\delta < 1.1$: 0.28136359222926444
$\delta < 1.25$: 0.5708379077838428
$\delta < 1.25^2$: 0.8227325925028603
$\delta < 1.25^3$: 0.9198317721258872
MAE: 4.808216974288225
InvMAE: 27.696000762581825
InvRMSE: 37.40799363553524
LogMAE: 26.876633942127228
LogSI: 35.04560435073513
Chamfer: 2.224133374177166
F-Score: 12.602093308269978
IoU: 6.888075301498175
F-Score-20: 25.480042558312416
IoU-20: 15.24851842045784
Ratio-Edges: 7.410746710598469
AbsRel-Edges: 35.15965970754623
SqRel-Edges: 36.02146579548717
RMSE-Edges: 9.791392389833927
LogRMSE-Edges: 42.91191537618637
$\delta < 1.05$-Edges: 0.12236366599578276
$\delta < 1.1$-Edges: 0.2321471274073204
$\delta < 1.25$-Edges: 0.4802076956736478
$\delta < 1.25^2$-Edges: 0.7507361226426393
$\delta < 1.25^3$-Edges: 0.8773922389303737
MAE-Edges: 6.342417648248374
InvMAE-Edges: 30.389215309023857
InvRMSE-Edges: 41.726219606995585
LogMAE-Edges: 32.55498314976692
LogSI-Edges: 41.60742765532251
Chamfer-Edges: 3.156281967298597
F-Score-Edges: 7.607638177052141
IoU-Edges: 4.158887874297798
F-Score-20-Edges: 16.80052518695593
IoU-20-Edges: 9.813894469290972
DirAcc-Edges: 69.55304534124781
Dir (-)-Edges: 4.373964650358036
Dir (+)-Edges: 26.072990008394143
EdgeAcc-Edges: 3.6054416504196367
EdgeComp-Edges: 21.150347827725692
