Ratio: 0.13918683648183164
AbsRel: 25.913978965513166
SqRel: 23.138079244032983
RMSE: 9.53026314444119
LogRMSE: 44.2142634394861
$\delta < 1.05$: 0.17068920920448105
$\delta < 1.1$: 0.32360117766217955
$\delta < 1.25$: 0.6158097754143095
$\delta < 1.25^2$: 0.8242843132290997
$\delta < 1.25^3$: 0.9073610614821854
MAE: 5.399360747548842
InvMAE: 1734.241787627128
InvRMSE: 12621.473723773955
LogMAE: 28.263240184168662
LogSI: 43.18600514621087
Chamfer: 2.6449191802971694
F-Score: 14.298757064419409
IoU: 8.015607816519276
F-Score-20: 28.871319167229437
IoU-20: 17.970652613486013
Ratio-Edges: 0.1196535160069133
AbsRel-Edges: 31.18007962875117
SqRel-Edges: 24.90163917409049
RMSE-Edges: 10.78981702418791
LogRMSE-Edges: 45.360467879600776
$\delta < 1.05$-Edges: 0.12901538774294616
$\delta < 1.1$-Edges: 0.24661249985750033
$\delta < 1.25$-Edges: 0.499373144049308
$\delta < 1.25^2$-Edges: 0.7477104334635205
$\delta < 1.25^3$-Edges: 0.8726500266956215
MAE-Edges: 6.952216751328091
InvMAE-Edges: 660.0755171020826
InvRMSE-Edges: 5320.23547475634
LogMAE-Edges: 32.85742646915461
LogSI-Edges: 44.1322533391336
Chamfer-Edges: 4.655882380551127
F-Score-Edges: 7.13451407945234
IoU-Edges: 4.099061515635135
F-Score-20-Edges: 15.062560020591699
IoU-20-Edges: 9.208776139862398
DirAcc-Edges: 67.00193433776475
Dir (-)-Edges: 4.828248026977719
Dir (+)-Edges: 28.169817635257527
EdgeAcc-Edges: 3.885045527729077
EdgeComp-Edges: 28.407215585898246
