Ratio: 0.11928929994463512
AbsRel: 23.184329781532288
SqRel: 14.445371157824994
RMSE: 7.925813651978969
LogRMSE: 33.79156796097755
$\delta < 1.05$: 0.17262151211901042
$\delta < 1.1$: 0.3284576795909651
$\delta < 1.25$: 0.6349626650354689
$\delta < 1.25^2$: 0.8564341035545481
$\delta < 1.25^3$: 0.9302260571449527
MAE: 4.481889602392912
InvMAE: 84.30295835018158
InvRMSE: 1169.358550889492
LogMAE: 24.176237217187882
LogSI: 33.25898397640095
Chamfer: 2.528024587458258
F-Score: 13.695410584807396
IoU: 7.5569884672760965
F-Score-20: 27.307018177509306
IoU-20: 16.639700189828872
Ratio-Edges: 0.10012297136760981
AbsRel-Edges: 28.474100737571717
SqRel-Edges: 17.715514812469483
RMSE-Edges: 9.24803795427084
LogRMSE-Edges: 39.50443315386772
$\delta < 1.05$-Edges: 0.13663351111267452
$\delta < 1.1$-Edges: 0.25738827058265695
$\delta < 1.25$-Edges: 0.523564019174612
$\delta < 1.25^2$-Edges: 0.7824308880888444
$\delta < 1.25^3$-Edges: 0.8933355960745327
MAE-Edges: 5.857097573634237
InvMAE-Edges: 44.409913637936114
InvRMSE-Edges: 271.7656460875273
LogMAE-Edges: 29.946075760126114
LogSI-Edges: 38.64585460187778
Chamfer-Edges: 3.950102821927902
F-Score-Edges: 7.496823613941669
IoU-Edges: 4.197681505903602
F-Score-20-Edges: 15.988346395194531
IoU-20-Edges: 9.452115810364484
DirAcc-Edges: 71.79033313204509
Dir (-)-Edges: 6.10214789546716
Dir (+)-Edges: 22.10751897248775
EdgeAcc-Edges: 3.782457816524416
EdgeComp-Edges: 33.47109410405756
