Ratio: 0.2962576841743993
AbsRel: 24.247109313583373
SqRel: 11.217542009067536
RMSE: 1.513876188838482
LogRMSE: 38.32763608131409
$\delta < 1.05$: 0.16060119678070872
$\delta < 1.1$: 0.30606727128156813
$\delta < 1.25$: 0.6131866130889772
$\delta < 1.25^2$: 0.8337125564786938
$\delta < 1.25^3$: 0.894555942952064
MAE: 0.8531819781959057
InvMAE: 107.95923388214112
InvRMSE: 157.27834780883788
LogMAE: 26.918658598709108
LogSI: 37.68516960324357
