Ratio: 1.8175949810028076
AbsRel: 29.298201436614992
SqRel: 17.642725028038026
RMSE: 1.5586964465856552
LogRMSE: 41.78171896133423
$\delta < 1.05$: 0.136487049745728
$\delta < 1.1$: 0.25935551413727215
$\delta < 1.25$: 0.5326275157378797
$\delta < 1.25^2$: 0.7785687381780557
$\delta < 1.25^3$: 0.879484800902956
MAE: 0.9454191204428672
InvMAE: 125.70649806213379
InvRMSE: 163.78873856201173
LogMAE: 30.584073984909057
LogSI: 40.68745059134534
