MAE: 2.7545000238835446
RMSE: 5.585482140443077
InvMAE: 11.010168041553966
InvRMSE: 16.738759421132094
LogMAE: 14.078081240683245
LogRMSE: 21.534540166152766
LogSI: 19.66414430546745
AbsRel: 14.178619686079903
SqRel: 6.618101226223027
ChamferDist: 1.0789453110720482
F-Score: 39.205765174027604
IoU: 25.24063502097834
F-Score-20: 56.37444734390528
IoU-20: 40.438513447353444
