MAE: 1.9547681008917945
RMSE: 4.2965151451315196
InvMAE: 7.590776881149837
InvRMSE: 12.449239746502467
LogMAE: 9.74126189299992
LogRMSE: 15.762549523626054
LogSI: 14.782372397283948
AbsRel: 10.222156921795436
SqRel: 4.712367177690778
ChamferDist: 0.7608421904274395
F-Score: 45.207293665813545
IoU: 30.368012298313634
F-Score-20: 63.01073087385723
IoU-20: 47.41782756890569
