AbsRel: 0.16114670412890197
SqRel: 1.4054624630910595
RMSE: 6.18434877888202
LogRMSE: 0.2623399967592279
$\delta < 1.25$: 0.7621567487112741
$\delta < 1.25^2$: 0.9091836041375441
$\delta < 1.25^3$: 0.9597433038831887
ChamferDist: 1.2702818830180886
F-Score: 18.358501655406386
IoU: 10.25217306830919
F-Score-20: 42.76726426763548
IoU-20: 27.58176472368336
