Scale: 1.6763696595692315
Shift: 0.0
AbsRel: 50.517320874560575
SqRel: 361.7219994276628
RMSE: 8.556420575610192
LogRMSE: 49.12656000162988
$\delta_{.05}$: 13.050954309451646
$\delta_{.1}$: 24.86212104575201
$\delta_{.25}$: 51.16343482154377
$\delta_{.25^2}$: 75.25287372011067
$\delta_{.25^3}$: 86.16211260683609
MAE: 5.452693974490658
InvMAE: 41.43317104134324
InvRMSE: 95.5907297326845
LogMAE: 34.709490579339956
LogSI: 46.96248545234041
