Scale: 0.8283418044212131
Shift: 0.020876953673704735
AbsRel: 37.011914126007014
SqRel: 114.01474384662816
RMSE: 9.508038911584247
LogRMSE: 56.68080618990911
$\delta_{.05}$: 13.25489021628122
$\delta_{.1}$: 25.177081700421393
$\delta_{.25}$: 49.656916898223486
$\delta_{.25^2}$: 72.72929028996971
$\delta_{.25^3}$: 84.63452452224007
MAE: 5.76749064716523
InvMAE: 2430.8971981072104
InvRMSE: 12381.06295718099
LogMAE: 38.216695462641695
LogSI: 53.501928338597956
