Scale: 1.0
Shift: 0.0
AbsRel: 39.48395725250244
SqRel: 21.41309008524968
RMSE: 2.2885740613937378
LogRMSE: 60.17442234332745
$\delta_{.05}$: 4.106681838891566
$\delta_{.1}$: 8.338555705053722
$\delta_{.25}$: 20.624891416122498
$\delta_{.25^2}$: 51.472687267501
$\delta_{.25^3}$: 73.09597751580374
MAE: 2.0278891802292605
InvMAE: 232.8488034761869
InvRMSE: 259.69500838059645
LogMAE: 56.3703350184514
LogSI: 21.083102197021216
