Scale: 0.6217719460031842
Shift: 0.023961034342788602
AbsRel: 14.053866601357093
SqRel: 27.212702154746424
RMSE: 1.0323587772708673
LogRMSE: 22.707672248253456
$\delta_{.05}$: 32.45908472743694
$\delta_{.1}$: 55.44692821995905
$\delta_{.25}$: 84.95173717798872
$\delta_{.25^2}$: 95.7745488427044
$\delta_{.25^3}$: 98.12476467307265
MAE: 0.49420934232381675
InvMAE: 1244.6918417123647
InvRMSE: 6725.400713656499
LogMAE: 14.001929242794331
LogSI: 22.44796658809604
