Scale: 1.0
Shift: 0.0
AbsRel: 58.55314043926017
SqRel: 185.9241328014921
RMSE: 10.831826259737058
LogRMSE: 73.01072253453891
$\delta_{.05}$: 4.001335105147908
$\delta_{.1}$: 7.925958297906186
$\delta_{.25}$: 19.4344728664479
$\delta_{.25^2}$: 42.14284833692812
$\delta_{.25^3}$: 61.180203231827136
MAE: 8.163507794050892
InvMAE: 74.31475980827092
InvRMSE: 119.08310760190135
LogMAE: 62.86820239977986
LogSI: 46.97926303749187
