Scale: 1.9080687317481408
Shift: 0.0
AbsRel: 16.152638574746938
SqRel: 8.776248767926143
RMSE: 0.9649150207409491
LogRMSE: 22.326451002267692
$\delta_{.05}$: 30.827132632452944
$\delta_{.1}$: 51.89942236521606
$\delta_{.25}$: 79.52240152988882
$\delta_{.25^2}$: 92.71914663562156
$\delta_{.25^3}$: 96.94980975120592
MAE: 0.5981777161589036
InvMAE: 72.30731375474197
InvRMSE: 113.6951633981558
LogMAE: 15.493793192643386
LogSI: 21.082049974930342
