Scale: 1.0
Shift: 0.0
AbsRel: 9.227850758519013
SqRel: 2.0360447070148378
RMSE: 0.29017367832567714
LogRMSE: 11.890872559780739
$\delta_{.05}$: 42.19714767704177
$\delta_{.1}$: 66.71821010596433
$\delta_{.25}$: 92.21734349971722
$\delta_{.25^2}$: 98.84091815904611
$\delta_{.25^3}$: 99.6852529348543
MAE: 0.20538683811527328
InvMAE: 49.00867206751389
InvRMSE: 67.76511422355605
LogMAE: 9.047899432138566
LogSI: 9.482476637114381
