Scale: 0.9978800019539824
Shift: 0.0
AbsRel: 7.000101970970084
SqRel: 1.463816224721286
RMSE: 0.2524232828123808
LogRMSE: 9.976877004728404
$\delta_{.05}$: 57.57221857897863
$\delta_{.1}$: 78.20619398145949
$\delta_{.25}$: 94.43803244585682
$\delta_{.25^2}$: 98.98160070536085
$\delta_{.25^3}$: 99.74209469211864
MAE: 0.16231277523511048
InvMAE: 36.980594768436674
InvRMSE: 56.77466585876745
LogMAE: 6.895320709145397
LogSI: 9.482017767260576
