Scale: 1.0130156429562176
Shift: 0.002802927582812993
AbsRel: 6.224971593064271
SqRel: 1.253011827273095
RMSE: 0.2650233123719191
LogRMSE: 9.02211143062749
$\delta_{.05}$: 60.46505706079233
$\delta_{.1}$: 81.19161997328965
$\delta_{.25}$: 95.5806412344835
$\delta_{.25^2}$: 99.24847296218056
$\delta_{.25^3}$: 99.82620526043509
MAE: 0.1582896952454673
InvMAE: 33.51107656664075
InvRMSE: 107.64266381788691
LogMAE: 6.207124805869677
LogSI: 8.99858318837294
