Scale: 1.0
Shift: 0.0
AbsRel: 18.351942967700957
SqRel: 6.787988781702518
RMSE: 1.3293852887868882
LogRMSE: 31.925779300117494
$\delta_{.05}$: 22.02574757249912
$\delta_{.1}$: 40.27004195738299
$\delta_{.25}$: 70.12497970670061
$\delta_{.25^2}$: 87.01669603896048
$\delta_{.25^3}$: 91.5523455940626
MAE: 0.7407742286175489
InvMAE: 89.30785352516175
InvRMSE: 112.51434058761596
LogMAE: 22.52643514328003
LogSI: 24.83942506660085
