Scale: 1.126169049334526
Shift: 0.0
AbsRel: 14.927352734279632
SqRel: 6.070761716806889
RMSE: 1.168158738619089
LogRMSE: 26.141846605491637
$\delta_{.05}$: 33.109846296388675
$\delta_{.1}$: 55.55336137414377
$\delta_{.25}$: 80.62861504209708
$\delta_{.25^2}$: 90.18546490227226
$\delta_{.25^3}$: 93.57827260882752
MAE: 0.5946206198066473
InvMAE: 62.011620175933835
InvRMSE: 86.53440392227174
LogMAE: 16.619128149032594
LogSI: 24.83982498835736
