Scale: 0.9292205430411179
Shift: -0.018970428035152073
AbsRel: 14.634756050491333
SqRel: 11.515924242180587
RMSE: 1.2535566379874945
LogRMSE: 25.592361026954652
$\delta_{.05}$: 31.030522870571772
$\delta_{.1}$: 54.93277628713362
$\delta_{.25}$: 82.94837468185335
$\delta_{.25^2}$: 91.33629761673178
$\delta_{.25^3}$: 94.53104326348927
MAE: 0.5934992454126478
InvMAE: 285.26233605117795
InvRMSE: 2620.807832733154
LogMAE: 15.788523074340821
LogSI: 25.37088529692427
