MAE: 1.0647217519368444
RMSE: 2.6242010622790883
InvMAE: 4.265981580700193
InvRMSE: 6.5331197714805604
LogMAE: 5.321448251519884
LogRMSE: 8.63394714321409
LogSI: 7.6521299785137264
AbsRel: 5.642002774987902
SqRel: 1.6625518722991859
ChamferDist: 0.4417949804025037
F-Score: 56.59907287167585
IoU: 41.1558895386057
F-Score-20: 75.34616684311203
IoU-20: 62.046485130244065
