AbsRel: 0.10218303200055229
SqRel: 0.7978247673794563
RMSE: 4.598385941007387
LogRMSE: 0.1895466561147267
$\delta < 1.25$: 0.8837818599914411
$\delta < 1.25^2$: 0.9601610738202332
$\delta < 1.25^3$: 0.9805182830169401
ChamferDist: 0.8164756390422454
F-Score: 27.017156676548282
IoU: 15.802629396426285
F-Score-20: 53.78739042022136
IoU-20: 37.22877453868324
