MAE: 1.6822458489175223
RMSE: 3.729590069114065
InvMAE: 6.157649486708495
InvRMSE: 9.140274210941572
LogMAE: 8.07935500218093
LogRMSE: 12.511262931706716
LogSI: 11.459500788642641
AbsRel: 8.34112825898305
SqRel: 2.3261523173402057
ChamferDist: 0.6757425506787798
F-Score: 49.118776292477285
IoU: 33.756313593132546
F-Score-20: 66.42445653823256
IoU-20: 51.07084978394713
