Ratio: 7.545664170265198
AbsRel: 30.57788618469238
SqRel: 19.779978831768037
RMSE: 19.90107077693939
LogRMSE: 39.40431947517395
$\delta < 1.05$: 0.10957644663781088
$\delta < 1.1$: 0.20994006173743146
$\delta < 1.25$: 0.45436150176039575
$\delta < 1.25^2$: 0.7559638137436072
$\delta < 1.25^3$: 0.9153474219214985
MAE: 10.676809770107269
InvMAE: 16.420872395515442
InvRMSE: 24.114972755432127
LogMAE: 30.789313875198363
LogSI: 38.7414907391121
Chamfer: 3.4548968796820696
F-Score: 4.069520835369826
IoU: 2.097061162278056
F-Score-20: 12.037860675930977
IoU-20: 6.500297350764274
