Ratio: 0.21094319250702614
AbsRel: 27.39554532432556
SqRel: 21.730392998218537
RMSE: 33.69925855875015
LogRMSE: 186.3906776638031
$\delta < 1.05$: 0.1475385678059044
$\delta < 1.1$: 0.2837439684054892
$\delta < 1.25$: 0.594878352262333
$\delta < 1.25^2$: 0.8310733649322554
$\delta < 1.25^3$: 0.9004064254777158
MAE: 14.21558450460434
InvMAE: 30240.279242498396
InvRMSE: 151221.6955875864
LogMAE: 59.49887354469299
LogSI: 181.95314848652413
Chamfer: 3.243045824045149
F-Score: 6.793427503108978
IoU: 3.5542336418032647
F-Score-20: 19.841792591094972
IoU-20: 11.174540179729462
