Ratio: 2.5930766043296227
AbsRel: 50.499270166250376
SqRel: 70.292056285418
RMSE: 2.2864528508828235
LogRMSE: 54.00213592529297
$\delta < 1.05$: 0.0889986488214229
$\delta < 1.1$: 0.17164591573083832
$\delta < 1.25$: 0.37490769523971357
$\delta < 1.25^2$: 0.6291395607591848
$\delta < 1.25^3$: 0.7887990361132228
MAE: 1.5528218661363309
InvMAE: 189.26077817476713
InvRMSE: 240.66789958366982
LogMAE: 42.75577078892634
LogSI: 52.68370829215815
