Ratio: 0.07554066660631115
AbsRel: 20.21065716450031
SqRel: 9.89741348853478
RMSE: 1.1606681253818365
LogRMSE: 28.134311752319334
$\delta < 1.05$: 0.2033990492750138
$\delta < 1.1$: 0.37039521481273996
$\delta < 1.25$: 0.6815072910985417
$\delta < 1.25^2$: 0.8908094283200712
$\delta < 1.25^3$: 0.9522188737980972
MAE: 0.7433849665981073
InvMAE: 128.36007682800292
InvRMSE: 692.4890673564031
LogMAE: 21.266725389774027
LogSI: 27.676388829386696
