Ratio: 9.197329952577839
AbsRel: 56.94257719741274
SqRel: 418.95943359943783
RMSE: 9.27890968670225
LogRMSE: 55.489698850520526
$\delta < 1.05$: 0.10434569196591685
$\delta < 1.1$: 0.2003030786779898
$\delta < 1.25$: 0.4284211138886029
$\delta < 1.25^2$: 0.6918206308450522
$\delta < 1.25^3$: 0.8204430531974068
MAE: 6.026725678165932
InvMAE: 48.38614752474387
InvRMSE: 100.99291487766489
LogMAE: 40.62320737240026
LogSI: 53.069119800513924
