Ratio: 0.13529383165889386
AbsRel: 40.75156377783805
SqRel: 104.17384695899861
RMSE: 9.706172799315688
LogRMSE: 56.3570360388991
$\delta < 1.05$: 0.10372748659794577
$\delta < 1.1$: 0.19898665604679272
$\delta < 1.25$: 0.4185929533725439
$\delta < 1.25^2$: 0.6719767442126509
$\delta < 1.25^3$: 0.8042683522287648
MAE: 6.152065365571078
InvMAE: 538.432221453286
InvRMSE: 4732.411106999145
LogMAE: 42.04398147514583
LogSI: 52.956287598687915
