Ratio: 5.399999999999999
AbsRel: 5.727394569260733
SqRel: 1.8966704828185694
RMSE: 2.913108869791031
LogRMSE: 8.810785917554583
$\delta < 1.05$: 0.6523360728954418
$\delta < 1.1$: 0.8791330074671037
$\delta < 1.25$: 0.9757844505072213
$\delta < 1.25^2$: 0.9941653525789748
$\delta < 1.25^3$: 0.9976034474837812
MAE: 1.168372784767832
InvMAE: 3.998764831679208
InvRMSE: 6.500224393435887
LogMAE: 5.331586848327092
LogSI: 7.824594259514644
Chamfer: 0.45897262511073184
F-Score: 56.562636620657784
IoU: 40.30076069695609
F-Score-20: 75.39716748918806
IoU-20: 61.286661461421424
