Ratio: 5.399999999999999
AbsRel: 8.069393190138179
SqRel: 2.309856989883755
RMSE: 3.7447072680742464
LogRMSE: 12.14650525417796
$\delta < 1.05$: 0.5282237311158138
$\delta < 1.1$: 0.7492480987138412
$\delta < 1.25$: 0.9321131773496991
$\delta < 1.25^2$: 0.9867320530294695
$\delta < 1.25^3$: 0.9963305796918545
MAE: 1.6413914776561451
InvMAE: 5.947936030436147
InvRMSE: 9.332405601176747
LogMAE: 7.7544649459101676
LogSI: 11.309262108438173
Chamfer: 0.6605897328101181
F-Score: 49.5782147931175
IoU: 33.9356000255222
F-Score-20: 67.19338669074826
IoU-20: 51.58746809315828
