Ratio: 20.84925536942482
AbsRel: 34.86594091224671
SqRel: 31.123868575334548
RMSE: 12.636207085072995
LogRMSE: 42.65412090969086
$\delta < 1.05$: 0.11531140713844526
$\delta < 1.1$: 0.22117117981911094
$\delta < 1.25$: 0.4757266458848618
$\delta < 1.25^2$: 0.7453665383899363
$\delta < 1.25^3$: 0.8716671093177343
MAE: 8.741823003292083
InvMAE: 21.56963969397545
InvRMSE: 28.663804045915604
LogMAE: 33.1175019865036
LogSI: 40.77937177224935
Chamfer: 4.337993039333948
F-Score: 9.433374966740608
IoU: 5.21823485866189
F-Score-20: 18.147987746596336
IoU-20: 10.675606741189956
