Ratio: 0.06707833367082694
AbsRel: 28.890856636278986
SqRel: 16.57865140751004
RMSE: 12.181980009377003
LogRMSE: 42.26980732011795
$\delta < 1.05$: 0.13039849712342322
$\delta < 1.1$: 0.2450158707434471
$\delta < 1.25$: 0.5008585906791154
$\delta < 1.25^2$: 0.7692559412558287
$\delta < 1.25^3$: 0.8895967649318939
MAE: 8.175716276049615
InvMAE: 566.1598050659373
InvRMSE: 4483.274512185194
LogMAE: 31.503701164722443
LogSI: 41.2268402807058
Chamfer: 5.1895763384102045
F-Score: 8.843218654369936
IoU: 4.897257883972954
F-Score-20: 16.706992286438123
IoU-20: 9.81656105486024
