Ratio: 2.0174980518103376
AbsRel: 31.455491449490236
SqRel: 24.990939991554352
RMSE: 1.0345114079227142
LogRMSE: 35.84006532033285
$\delta < 1.05$: 0.12228709284247789
$\delta < 1.1$: 0.23565750389185264
$\delta < 1.25$: 0.5110881073905205
$\delta < 1.25^2$: 0.8034632617314489
$\delta < 1.25^3$: 0.9223564821651621
MAE: 0.7756216239172748
InvMAE: 124.07962089795221
InvRMSE: 167.561302301716
LogMAE: 28.172425472772815
LogSI: 34.567189006290285
