Ratio: 0.37228785138766785
AbsRel: 25.45244854670417
SqRel: 13.289687688015288
RMSE: 0.9757794572627143
LogRMSE: 32.120241231510036
$\delta < 1.05$: 0.13309443177925864
$\delta < 1.1$: 0.25532553116866336
$\delta < 1.25$: 0.5409926365019885
$\delta < 1.25^2$: 0.8269991380495
$\delta < 1.25^3$: 0.9433133843837745
MAE: 0.7152270589946607
InvMAE: 192.23608751326162
InvRMSE: 1123.3849877640378
LogMAE: 25.947349852378217
LogSI: 31.604525413658074
