Ratio: 0.6141313732367479
AbsRel: 40.083312356529056
SqRel: 60.011105053114335
RMSE: 7.369379948336257
LogRMSE: 72.80585744095761
$\delta < 1.05$: 0.1205813846036836
$\delta < 1.1$: 0.2183842460567282
$\delta < 1.25$: 0.42678890016249416
$\delta < 1.25^2$: 0.6613126967126245
$\delta < 1.25^3$: 0.7879289853535965
MAE: 3.924691161392123
InvMAE: 4469.450415482133
InvRMSE: 26635.297077633233
LogMAE: 48.453190808090866
LogSI: 69.58487047983908
Chamfer: 2.4112870645636444
F-Score: 32.15384031234122
IoU: 25.090099561671643
F-Score-20: 44.79317338674833
IoU-20: 35.767700649227535
