Ratio: 5.204352549516984
AbsRel: 50.75060917441355
SqRel: 114.32748605382037
RMSE: 6.974738002835848
LogRMSE: 63.08024761368783
$\delta < 1.05$: 0.1140809015337899
$\delta < 1.1$: 0.21653054409599426
$\delta < 1.25$: 0.4524642716383604
$\delta < 1.25^2$: 0.685194678406705
$\delta < 1.25^3$: 0.7864310514402684
MAE: 3.8895596487884316
InvMAE: 228.32426202171726
InvRMSE: 317.8783646059949
LogMAE: 45.75511747433238
LogSI: 58.91464958105453
Chamfer: 3.0159318215067135
F-Score: 32.890735446094894
IoU: 24.465037151458162
F-Score-20: 46.03171588336452
IoU-20: 35.99082861591184
