Ratio: 0.1327191599501987
AbsRel: 23.86234692931175
SqRel: 15.488860727846623
RMSE: 8.367254078611731
LogRMSE: 38.101463795900344
$\delta < 1.05$: 0.16943493442624372
$\delta < 1.1$: 0.32236494757527495
$\delta < 1.25$: 0.6292350112051317
$\delta < 1.25^2$: 0.8474047208855938
$\delta < 1.25^3$: 0.9255218353940491
MAE: 4.699045729674399
InvMAE: 496.7362400901318
InvRMSE: 6813.96412161231
LogMAE: 25.06205496788025
LogSI: 37.55316828870648
Chamfer: 2.508127129134746
F-Score: 13.800421935915947
IoU: 7.591184594631195
F-Score-20: 27.450960705280306
IoU-20: 16.641490690112114
Ratio-Edges: 0.11675079323791838
AbsRel-Edges: 29.032978467941284
SqRel-Edges: 18.556818270683287
RMSE-Edges: 9.437316369637847
LogRMSE-Edges: 40.90304550170899
$\delta < 1.05$-Edges: 0.1335998762419671
$\delta < 1.1$-Edges: 0.24800803394678192
$\delta < 1.25$-Edges: 0.5162001771238147
$\delta < 1.25^2$-Edges: 0.7757870140446258
$\delta < 1.25^3$-Edges: 0.8913642601125269
MAE-Edges: 6.012641705852002
InvMAE-Edges: 195.03827633857728
InvRMSE-Edges: 1885.1848221170903
LogMAE-Edges: 30.492861644029617
LogSI-Edges: 40.04575987963427
Chamfer-Edges: 3.906824052177108
F-Score-Edges: 7.601562820076943
IoU-Edges: 4.275555851720274
F-Score-20-Edges: 16.04286274090409
IoU-20-Edges: 9.418311741277575
DirAcc-Edges: 71.93809744064139
Dir (-)-Edges: 6.280029957686642
Dir (+)-Edges: 21.781872601671974
EdgeAcc-Edges: 3.9584025924233814
EdgeComp-Edges: 50.1323927444123
