Ratio: 0.1580622346344489
AbsRel: 26.180527675074917
SqRel: 23.882867927724316
RMSE: 9.906226236772152
LogRMSE: 52.515847216575374
$\delta < 1.05$: 0.17078986639472912
$\delta < 1.1$: 0.3236611552021959
$\delta < 1.25$: 0.6151373593428232
$\delta < 1.25^2$: 0.8220142605635951
$\delta < 1.25^3$: 0.907827320249972
MAE: 5.557370260598198
InvMAE: 4093.4445152944136
InvRMSE: 22580.88243785058
LogMAE: 30.478459482808265
LogSI: 51.05459417598976
Chamfer: 2.4510120404631204
F-Score: 14.662054429784899
IoU: 8.20834366148518
F-Score-20: 29.184131883613524
IoU-20: 18.127755438214347
Ratio-Edges: 0.12951889446355558
AbsRel-Edges: 31.232155239815807
SqRel-Edges: 25.634441931516516
RMSE-Edges: 10.865498151152936
LogRMSE-Edges: 46.028097877315446
$\delta < 1.05$-Edges: 0.1292697562072657
$\delta < 1.1$-Edges: 0.2448389752134243
$\delta < 1.25$-Edges: 0.4978134254771
$\delta < 1.25^2$-Edges: 0.7501713722481688
$\delta < 1.25^3$-Edges: 0.8766654186919268
MAE-Edges: 7.019102825428925
InvMAE-Edges: 769.2831822157685
InvRMSE-Edges: 7047.285116722926
LogMAE-Edges: 32.723419084424286
LogSI-Edges: 44.880765792791195
Chamfer-Edges: 4.395641928887616
F-Score-Edges: 7.476065444176883
IoU-Edges: 4.328742595284788
F-Score-20-Edges: 15.551718431594326
IoU-20-Edges: 9.523653069567057
DirAcc-Edges: 67.58037589928904
Dir (-)-Edges: 4.742481487975554
Dir (+)-Edges: 27.677142612735413
EdgeAcc-Edges: 4.002517834487145
EdgeComp-Edges: 39.383676319872684
