Ratio: 6.759990670979023
AbsRel: 28.064801716804503
SqRel: 24.213398343622686
RMSE: 8.08111599802971
LogRMSE: 35.77306483030319
$\delta < 1.05$: 0.1460660032547752
$\delta < 1.1$: 0.2815855572188148
$\delta < 1.25$: 0.5754766460833185
$\delta < 1.25^2$: 0.8221884593149928
$\delta < 1.25^3$: 0.9195581615205295
MAE: 4.741753766983748
InvMAE: 27.64294955611229
InvRMSE: 37.090075325965884
LogMAE: 26.736199343204497
LogSI: 34.84047443852487
Chamfer: 2.480903345896037
F-Score: 12.624543799906968
IoU: 6.903580659925938
F-Score-20: 25.290095150470734
IoU-20: 15.116956421136855
Ratio-Edges: 7.349664856791496
AbsRel-Edges: 33.52991025328636
SqRel-Edges: 31.24062882244587
RMSE-Edges: 9.43959723044187
LogRMSE-Edges: 41.34154073476791
$\delta < 1.05$-Edges: 0.12434643914617548
$\delta < 1.1$-Edges: 0.23505275712514145
$\delta < 1.25$-Edges: 0.4915801721340799
$\delta < 1.25^2$-Edges: 0.7614378659267343
$\delta < 1.25^3$-Edges: 0.8862990423327369
MAE-Edges: 6.160668338909745
InvMAE-Edges: 29.040313916802408
InvRMSE-Edges: 40.010578466653826
LogMAE-Edges: 31.5369591319561
LogSI-Edges: 40.2417904006698
Chamfer-Edges: 3.3779671509177818
F-Score-Edges: 8.084301105216145
IoU-Edges: 4.47782995050773
F-Score-20-Edges: 17.24993539199233
IoU-20-Edges: 10.19465245179832
DirAcc-Edges: 69.42690934748347
Dir (-)-Edges: 4.291776946928427
Dir (+)-Edges: 26.281313705588104
EdgeAcc-Edges: 3.7029228684539133
EdgeComp-Edges: 33.61497868272541
