Ratio: 6.947648387724353
AbsRel: 31.091387095297538
SqRel: 37.61776289278461
RMSE: 9.32980730868155
LogRMSE: 37.158542842249716
$\delta < 1.05$: 0.15441134713537022
$\delta < 1.1$: 0.292948561652442
$\delta < 1.25$: 0.5777009783738728
$\delta < 1.25^2$: 0.8135645682489882
$\delta < 1.25^3$: 0.908462291577071
MAE: 5.431342129553518
InvMAE: 30.448014980746855
InvRMSE: 44.30266116173036
LogMAE: 27.660768922375095
LogSI: 35.90929961659399
Chamfer: 2.6011373007065983
F-Score: 13.133788659534147
IoU: 7.268847321098851
F-Score-20: 26.296279598820593
IoU-20: 15.966602823657373
Ratio-Edges: 7.633387043117698
AbsRel-Edges: 38.69032976985757
SqRel-Edges: 59.17050212956722
RMSE-Edges: 11.457190563729386
LogRMSE-Edges: 43.54814643485874
$\delta < 1.05$-Edges: 0.12961109935609072
$\delta < 1.1$-Edges: 0.24040087954876763
$\delta < 1.25$-Edges: 0.48589641378184595
$\delta < 1.25^2$-Edges: 0.7464540987899356
$\delta < 1.25^3$-Edges: 0.8725947468264333
MAE-Edges: 7.459284278643287
InvMAE-Edges: 28.213967880002812
InvRMSE-Edges: 42.40166661334194
LogMAE-Edges: 32.94335781608532
LogSI-Edges: 42.07304466443546
Chamfer-Edges: 4.1543636809518825
F-Score-Edges: 7.82667276434649
IoU-Edges: 4.724843287253692
F-Score-20-Edges: 15.673596198652305
IoU-20-Edges: 9.7635403054602
DirAcc-Edges: 65.37070487106915
Dir (-)-Edges: 3.3096582416157605
Dir (+)-Edges: 31.319636887315085
EdgeAcc-Edges: 3.874548110556859
EdgeComp-Edges: 33.16373250813054
