Ratio: 0.3829885715036178
AbsRel: 23.53287774810791
SqRel: 14.001703100728989
RMSE: 1.5339214298129082
LogRMSE: 37.25259806404114
$\delta < 1.05$: 0.16682062630354547
$\delta < 1.1$: 0.3148234819083826
$\delta < 1.25$: 0.6304611121761918
$\delta < 1.25^2$: 0.845530689943176
$\delta < 1.25^3$: 0.8984736986827716
MAE: 0.842161828058958
InvMAE: 185.1349466369629
InvRMSE: 1045.6888475463868
LogMAE: 25.858069702148438
LogSI: 36.72215518366968
