Ratio: 1.848639023208618
AbsRel: 28.56721943359375
SqRel: 17.726911248874664
RMSE: 1.5767863421559334
LogRMSE: 40.072476586914064
$\delta < 1.05$: 0.13960522574213652
$\delta < 1.1$: 0.2672363293527036
$\delta < 1.25$: 0.5608497863404246
$\delta < 1.25^2$: 0.7993484534477904
$\delta < 1.25^3$: 0.8799533456183318
MAE: 0.9333650032758712
InvMAE: 116.17978209533692
InvRMSE: 149.1711428314209
LogMAE: 29.1264402217865
LogSI: 39.01550496668495
