AbsRel: 0.13092622947124188
SqRel: 1.048939784959365
RMSE: 5.423351966325659
LogRMSE: 0.22703578512329967
$\delta < 1.25$: 0.821626016071774
$\delta < 1.25^2$: 0.9370821831241373
$\delta < 1.25^3$: 0.9719989757776403
ChamferDist: 1.0613880997237721
F-Score: 21.54747074902314
IoU: 12.225419373816704
F-Score-20: 47.37044065823001
IoU-20: 31.40589055919237
