MAE: 2.206689825544328
RMSE: 4.666345802552861
InvMAE: 8.635934730614622
InvRMSE: 13.388822718997675
LogMAE: 11.066264524050286
LogRMSE: 17.242751120789652
LogSI: 15.944468723287647
AbsRel: 11.059975926130097
SqRel: 4.088975900612726
ChamferDist: 0.8765117288367149
F-Score: 43.63654836079826
IoU: 28.82185701193985
F-Score-20: 61.0686081326081
IoU-20: 45.073188959455194
