MAE: 1.4695481024469648
RMSE: 3.5275252096567837
InvMAE: 5.492682329927172
InvRMSE: 9.310153693131038
LogMAE: 7.0971809107916695
LogRMSE: 12.044244351387023
LogSI: 11.39997693591808
AbsRel: 7.459628912721361
SqRel: 2.84138026162982
ChamferDist: 0.5794342754355498
F-Score: 51.651993287375994
IoU: 36.06811290283288
F-Score-20: 69.42983970267431
IoU-20: 54.40112753255027
