AbsRel: 0.10103279816112354
SqRel: 0.7732087202487751
RMSE: 4.549380540334682
LogRMSE: 0.1876349987534317
$\delta < 1.25$: 0.8875138715208032
$\delta < 1.25^2$: 0.9610469648701234
$\delta < 1.25^3$: 0.9809524928245209
ChamferDist: 0.811869484964368
F-Score: 26.989679985443182
IoU: 15.782737535246818
F-Score-20: 54.02991565091367
IoU-20: 37.44751281751964
