MAE: 1.6564599511904952
RMSE: 3.6785184314097363
InvMAE: 6.030284541516216
InvRMSE: 8.983654126067835
LogMAE: 7.936754274222017
LogRMSE: 12.331462988824201
LogSI: 11.273269667351279
AbsRel: 8.212933031327886
SqRel: 2.310299745069508
ChamferDist: 0.669821585271439
F-Score: 49.415294609255405
IoU: 33.99391406875081
F-Score-20: 66.66956232479014
IoU-20: 51.306355986127095
