MAE: 1.0704596566941056
RMSE: 2.669093283372266
InvMAE: 4.1280304312705995
InvRMSE: 6.41324976852962
LogMAE: 5.232809344700405
LogRMSE: 8.615081476824624
LogSI: 7.691457703499684
AbsRel: 5.565740222420011
SqRel: 1.81658268712461
ChamferDist: 0.440176481711013
F-Score: 57.44837060200782
IoU: 41.8418117238202
F-Score-20: 75.79024327005659
IoU-20: 62.46892558053136
