MAE: 1.6147578147474242
RMSE: 3.624142980283023
InvMAE: 6.057850141832434
InvRMSE: 9.00235476632791
LogMAE: 7.799226469788815
LogRMSE: 12.125990969271747
LogSI: 11.200145869826889
AbsRel: 7.934275364948928
SqRel: 2.071032556653754
ChamferDist: 0.659655626771823
F-Score: 49.51455003324828
IoU: 34.07532990143343
F-Score-20: 67.27218926154032
IoU-20: 51.91762009884682
