AbsRel: 0.09856874656087186
SqRel: 0.7329789286685127
RMSE: 4.515267851533985
LogRMSE: 0.1874253720184053
$\delta < 1.25$: 0.8876286535226591
$\delta < 1.25^2$: 0.9598693276236909
$\delta < 1.25^3$: 0.9809100209369438
ChamferDist: 0.8150914432414121
F-Score: 27.44783684902075
IoU: 16.09024698359937
F-Score-20: 54.22438837602799
IoU-20: 37.6404530960997
