MAE: 1.0998383145247186
RMSE: 2.6496192782478674
InvMAE: 4.343606125967844
InvRMSE: 6.60734146288463
LogMAE: 5.493162669965199
LogRMSE: 8.766093378748213
LogSI: 7.802229984188095
AbsRel: 5.796300089529582
SqRel: 1.6307837028535348
ChamferDist: 0.4491789772893701
F-Score: 54.65850266323026
IoU: 39.12875003380967
F-Score-20: 74.46771857670375
IoU-20: 60.74989778701748
