Ratio: 7.664092751979828
AbsRel: 23.522151043891906
SqRel: 18.11070386886597
RMSE: 16.207484945774077
LogRMSE: 30.824547761917113
$\delta < 1.05$: 0.19355114742454643
$\delta < 1.1$: 0.35125819311558487
$\delta < 1.25$: 0.6428219116364526
$\delta < 1.25^2$: 0.8521917050122391
$\delta < 1.25^3$: 0.9565441596271589
MAE: 7.859405737876892
InvMAE: 13.000601807594299
InvRMSE: 22.397377939224242
LogMAE: 22.168001094818116
LogSI: 30.211204903120535
Chamfer: 2.6898478416661997
F-Score: 6.8835994476079945
IoU: 3.595448904648423
F-Score-20: 20.73957114517689
IoU-20: 11.742419395327568
