Ratio: 0.1803248077061037
AbsRel: 29.12006152820587
SqRel: 26.19865995979309
RMSE: 34.52286230802536
LogRMSE: 155.18710836029052
$\delta < 1.05$: 0.137711410074147
$\delta < 1.1$: 0.26342662458198374
$\delta < 1.25$: 0.5819120554128795
$\delta < 1.25^2$: 0.8467979004086732
$\delta < 1.25^3$: 0.913162008705274
MAE: 14.739886205196381
InvMAE: 21595.48429584074
InvRMSE: 124286.42233464145
LogMAE: 49.67937969589234
LogSI: 152.91720317817246
Chamfer: 3.658860402358316
F-Score: 6.116883616685867
IoU: 3.2175656353831292
F-Score-20: 17.98079824209213
IoU-20: 10.093278301000595
