Ratio: 2.6360302329063416
AbsRel: 42.69036301832933
SqRel: 54.74151289279644
RMSE: 2.0760249996185305
LogRMSE: 47.12714618682861
$\delta < 1.05$: 0.11071428781448399
$\delta < 1.1$: 0.2116869811290808
$\delta < 1.25$: 0.4483304258956407
$\delta < 1.25^2$: 0.7134794521165231
$\delta < 1.25^3$: 0.8482907484548472
MAE: 1.352619315798466
InvMAE: 154.8896419437115
InvRMSE: 198.29479746011586
LogMAE: 36.313849041278544
LogSI: 45.577568543064174
