Ratio: 0.13276014393852908
AbsRel: 40.75306626606415
SqRel: 113.4830959340382
RMSE: 10.11109470679621
LogRMSE: 60.580594353611694
$\delta < 1.05$: 0.10993069715800627
$\delta < 1.1$: 0.20811505617914872
$\delta < 1.25$: 0.42772581085160194
$\delta < 1.25^2$: 0.680556772281342
$\delta < 1.25^3$: 0.8129248249260046
MAE: 6.212616599060495
InvMAE: 1622.0752753190395
InvRMSE: 11982.401682743577
LogMAE: 42.265300228991315
LogSI: 57.244904752066326
