Ratio: 9.168682183920001
AbsRel: 59.312877203851535
SqRel: 511.8021401493004
RMSE: 9.505555864406809
LogRMSE: 54.41352623567453
$\delta < 1.05$: 0.10274383910663666
$\delta < 1.1$: 0.1988106175768843
$\delta < 1.25$: 0.4315710034294632
$\delta < 1.25^2$: 0.6943477050484195
$\delta < 1.25^3$: 0.8284542346942274
MAE: 6.149663745020537
InvMAE: 47.17628240585327
InvRMSE: 100.38005391792332
LogMAE: 39.9272277301737
LogSI: 52.06469248166137
