Ratio: 0.12053888261032164
AbsRel: 20.20116879389836
SqRel: 20.976547578481526
RMSE: 1.1962446942696205
LogRMSE: 28.130864489628717
$\delta < 1.05$: 0.20339574924068848
$\delta < 1.1$: 0.3746203081139312
$\delta < 1.25$: 0.6911781720807514
$\delta < 1.25^2$: 0.8931757104899052
$\delta < 1.25^3$: 0.9547922298968048
MAE: 0.7553610114409374
InvMAE: 257.9638930232708
InvRMSE: 1531.9203542885414
LogMAE: 21.015015573501586
LogSI: 27.71627537390239
