Ratio: 5.399999999999999
AbsRel: 6.105203639779772
SqRel: 1.6729983276980265
RMSE: 2.7363514716284616
LogRMSE: 9.094349371705736
$\delta < 1.05$: 0.5976154774719009
$\delta < 1.1$: 0.8504787577134969
$\delta < 1.25$: 0.9751809818448718
$\delta < 1.25^2$: 0.9942931942930204
$\delta < 1.25^3$: 0.9977757076462972
MAE: 1.1686128338319914
InvMAE: 4.430869891813823
InvRMSE: 7.17715783902577
LogMAE: 5.6997963554518565
LogSI: 8.048589924430896
Chamfer: 0.45961600645035
F-Score: 53.170665182386124
IoU: 37.02709426198687
F-Score-20: 72.72734637669154
IoU-20: 57.94002606800624
