Ratio: 5.399999999999999
AbsRel: 9.378369590256112
SqRel: 3.0811321493123938
RMSE: 4.018656057448475
LogRMSE: 13.153867206690501
$\delta < 1.05$: 0.47392289039083346
$\delta < 1.1$: 0.7032338346019379
$\delta < 1.25$: 0.9167768957613558
$\delta < 1.25^2$: 0.9849997156986334
$\delta < 1.25^3$: 0.995613670784993
MAE: 1.8250085400657419
InvMAE: 6.614759202018106
InvRMSE: 9.95875364322604
LogMAE: 8.681888533516164
LogSI: 11.782827535551673
Chamfer: 0.709990095407873
F-Score: 46.12284140151703
IoU: 30.915714695775435
F-Score-20: 64.42025981212686
IoU-20: 48.46945847324067
