Ratio: 0.06138422520851366
AbsRel: 30.153779389619828
SqRel: 19.740273634657264
RMSE: 12.565824647307396
LogRMSE: 45.35716121912002
$\delta < 1.05$: 0.1256211084402554
$\delta < 1.1$: 0.23502768996590814
$\delta < 1.25$: 0.4855129206841879
$\delta < 1.25^2$: 0.7547897162783047
$\delta < 1.25^3$: 0.8815645850982717
MAE: 8.48066234433651
InvMAE: 1007.9804162106216
InvRMSE: 7001.565885707319
LogMAE: 33.066881371498106
LogSI: 44.24543728442426
Chamfer: 5.6380462368251285
F-Score: 7.247659678782337
IoU: 3.964617748913821
F-Score-20: 13.948298520123295
IoU-20: 8.05741501981084
