Ratio: 20.2844703592062
AbsRel: 38.87482092666626
SqRel: 44.358806545972826
RMSE: 13.759435363769532
LogRMSE: 45.0918349609375
$\delta < 1.05$: 0.11257613824045404
$\delta < 1.1$: 0.21543610495901203
$\delta < 1.25$: 0.4594683542238795
$\delta < 1.25^2$: 0.7217036097400608
$\delta < 1.25^3$: 0.8533778721307594
MAE: 9.455270371735097
InvMAE: 22.214935903191567
InvRMSE: 29.59050784468651
LogMAE: 34.846834904670715
LogSI: 43.32756857084916
Chamfer: 4.263491639680176
F-Score: 8.203525210723281
IoU: 4.506398385789246
F-Score-20: 15.91701563680172
IoU-20: 9.25498068076372
