Ratio: 0.4876166952444058
AbsRel: 24.33999417535391
SqRel: 19.648726227360033
RMSE: 1.1490849022061453
LogRMSE: 31.801644435351776
$\delta < 1.05$: 0.14611128160399706
$\delta < 1.1$: 0.27882694997713087
$\delta < 1.25$: 0.5761299448064534
$\delta < 1.25^2$: 0.8498715791179289
$\delta < 1.25^3$: 0.9516877962474131
MAE: 0.7078449888901062
InvMAE: 441.89161358987883
InvRMSE: 4096.552021866544
LogMAE: 24.522236451461044
LogSI: 31.42378360541395
