Ratio: 1.929210813402765
AbsRel: 29.88056197589326
SqRel: 20.77611097775468
RMSE: 1.0423453457949723
LogRMSE: 33.78004474669057
$\delta < 1.05$: 0.12943728887083972
$\delta < 1.1$: 0.24993637923360754
$\delta < 1.25$: 0.5380592999895397
$\delta < 1.25^2$: 0.8216472125310477
$\delta < 1.25^3$: 0.9321843330625957
MAE: 0.7553276135515
InvMAE: 115.62160550272064
InvRMSE: 155.0585085550944
LogMAE: 26.62912479744774
LogSI: 32.172020146828395
