Ratio: 0.43681721524421707
AbsRel: 41.553792581717936
SqRel: 64.73824449131648
RMSE: 7.400434566610025
LogRMSE: 74.48770823992041
$\delta < 1.05$: 0.11022751938851602
$\delta < 1.1$: 0.21071519827319016
$\delta < 1.25$: 0.41977640727928617
$\delta < 1.25^2$: 0.6341218566893598
$\delta < 1.25^3$: 0.7746050885150836
MAE: 3.9599771545834517
InvMAE: 4978.484430911781
InvRMSE: 26679.80492122119
LogMAE: 50.15249190535842
LogSI: 71.02552570927391
Chamfer: 2.4733556016322606
F-Score: 30.749689654883834
IoU: 23.414587341565372
F-Score-20: 43.980267540918014
IoU-20: 34.91224316091914
