Ratio: 4.944023635512904
AbsRel: 57.780803831228226
SqRel: 158.49682911452993
RMSE: 6.944389255587279
LogRMSE: 65.26141514960659
$\delta < 1.05$: 0.09267589416407665
$\delta < 1.1$: 0.1777921616266276
$\delta < 1.25$: 0.387681650670946
$\delta < 1.25^2$: 0.640547710704762
$\delta < 1.25^3$: 0.761618051794198
MAE: 3.9219873167610055
InvMAE: 249.19089904418973
InvRMSE: 334.8440890903963
LogMAE: 48.62068632139544
LogSI: 61.276243428895754
Chamfer: 2.4585118693484413
F-Score: 29.776439331279416
IoU: 21.622276970929505
F-Score-20: 43.59569080742923
IoU-20: 33.72244602441788
