Ratio: 6.8446873994027415
AbsRel: 32.51075446467246
SqRel: 45.38692140102386
RMSE: 9.963801934526813
LogRMSE: 37.64721281482328
$\delta < 1.05$: 0.15244321798144442
$\delta < 1.1$: 0.29152037711065487
$\delta < 1.25$: 0.5754339718278573
$\delta < 1.25^2$: 0.81280337753729
$\delta < 1.25^3$: 0.9080015324289086
MAE: 5.743679935874478
InvMAE: 29.280948643838205
InvRMSE: 42.95053352971231
LogMAE: 27.885622205426618
LogSI: 36.27395871978698
Chamfer: 2.52743355243962
F-Score: 13.267877344546779
IoU: 7.368774811894663
F-Score-20: 26.59150010185857
IoU-20: 16.229296275185
Ratio-Edges: 7.3692932135139415
AbsRel-Edges: 40.92994836109136
SqRel-Edges: 68.55132006895698
RMSE-Edges: 12.371724304892853
LogRMSE-Edges: 44.84560707254347
$\delta < 1.05$-Edges: 0.12987226589116307
$\delta < 1.1$-Edges: 0.23739737842535347
$\delta < 1.25$-Edges: 0.47553784343032923
$\delta < 1.25^2$-Edges: 0.7331679900792165
$\delta < 1.25^3$-Edges: 0.8662193750260361
MAE-Edges: 7.969067709371934
InvMAE-Edges: 28.341584715812036
InvRMSE-Edges: 42.52188723679461
LogMAE-Edges: 33.87758429408853
LogSI-Edges: 43.26987129703444
Chamfer-Edges: 4.21508020539051
F-Score-Edges: 7.893190059377477
IoU-Edges: 4.742229401889969
F-Score-20-Edges: 15.654340047462314
IoU-20-Edges: 9.63200053109063
DirAcc-Edges: 65.51352687235855
Dir (-)-Edges: 3.6782343446395127
Dir (+)-Edges: 30.808238783001922
EdgeAcc-Edges: 3.9557145026681053
EdgeComp-Edges: 40.674326577344516
