Ratio: 0.13602990106507373
AbsRel: 23.345525487661362
SqRel: 15.310443443134426
RMSE: 8.05280996400863
LogRMSE: 34.002529875040054
$\delta < 1.05$: 0.17161365031371145
$\delta < 1.1$: 0.32844919045944776
$\delta < 1.25$: 0.6358276207493205
$\delta < 1.25^2$: 0.8542536517595053
$\delta < 1.25^3$: 0.9305402263501261
MAE: 4.565100738964975
InvMAE: 132.37494242429733
InvRMSE: 2396.479096467495
LogMAE: 24.10308280825615
LogSI: 33.501772884014706
Chamfer: 2.414316271846013
F-Score: 13.52855562120676
IoU: 7.419015738219023
F-Score-20: 27.107567000985146
IoU-20: 16.402199747860433
Ratio-Edges: 0.12046526009055693
AbsRel-Edges: 28.76016174674034
SqRel-Edges: 19.00572047263384
RMSE-Edges: 9.37739149529487
LogRMSE-Edges: 39.951920368671416
$\delta < 1.05$-Edges: 0.13371134817964403
$\delta < 1.1$-Edges: 0.2518879083876033
$\delta < 1.25$-Edges: 0.5207123899864756
$\delta < 1.25^2$-Edges: 0.7837659269844738
$\delta < 1.25^3$-Edges: 0.8957519689195088
MAE-Edges: 5.958377325050533
InvMAE-Edges: 128.72526669114828
InvRMSE-Edges: 1381.875041821599
LogMAE-Edges: 29.927076007127763
LogSI-Edges: 39.14166180805146
Chamfer-Edges: 3.771647600764122
F-Score-Edges: 7.437387709394097
IoU-Edges: 4.179687868915498
F-Score-20-Edges: 15.716938650608062
IoU-20-Edges: 9.17351859420538
DirAcc-Edges: 72.41087374087779
Dir (-)-Edges: 5.961715082913625
Dir (+)-Edges: 21.62741117620859
EdgeAcc-Edges: 4.079555914753612
EdgeComp-Edges: 69.55157353615522
