Ratio: 6.569983054697514
AbsRel: 27.732179198265076
SqRel: 23.735530147850515
RMSE: 8.421728525161743
LogRMSE: 35.04901066064835
$\delta < 1.05$: 0.15376374655035124
$\delta < 1.1$: 0.29414923084820827
$\delta < 1.25$: 0.587458806808328
$\delta < 1.25^2$: 0.832804511559612
$\delta < 1.25^3$: 0.9252069264931272
MAE: 4.862875751703978
InvMAE: 25.84485825240612
InvRMSE: 34.93717020452023
LogMAE: 25.955760567188264
LogSI: 34.05208205724304
Chamfer: 2.284761673732606
F-Score: 13.015730874538422
IoU: 7.129480954557657
F-Score-20: 26.017034984827042
IoU-20: 15.61517109155655
Ratio-Edges: 6.9899575853347775
AbsRel-Edges: 34.462679376602175
SqRel-Edges: 34.9477994710207
RMSE-Edges: 10.036398659348487
LogRMSE-Edges: 41.7602912569046
$\delta < 1.05$-Edges: 0.12005796572287579
$\delta < 1.1$-Edges: 0.2298499613184085
$\delta < 1.25$-Edges: 0.4867758418106293
$\delta < 1.25^2$-Edges: 0.7636361541799029
$\delta < 1.25^3$-Edges: 0.8883431303936034
MAE-Edges: 6.457918932177126
InvMAE-Edges: 28.427394983768462
InvRMSE-Edges: 39.3244077116251
LogMAE-Edges: 31.662888588905336
LogSI-Edges: 40.61907230043701
Chamfer-Edges: 3.301389043430754
F-Score-Edges: 7.433002227749675
IoU-Edges: 4.052579968413338
F-Score-20-Edges: 16.120198848545552
IoU-20-Edges: 9.364262129962444
DirAcc-Edges: 69.97878550382019
Dir (-)-Edges: 4.780886503409051
Dir (+)-Edges: 25.240327992770755
EdgeAcc-Edges: 3.710334548419379
EdgeComp-Edges: 51.630367676033494
