Ratio: 0.15732765480074465
AbsRel: 26.26426790083608
SqRel: 23.98471686292079
RMSE: 9.814137954692686
LogRMSE: 51.16839448498141
$\delta < 1.05$: 0.1663845368597826
$\delta < 1.1$: 0.31993851522866423
$\delta < 1.25$: 0.6120517009950471
$\delta < 1.25^2$: 0.8226220401030632
$\delta < 1.25^3$: 0.9060727203401926
MAE: 5.530730683966991
InvMAE: 3486.226918170375
InvRMSE: 21244.024566062497
LogMAE: 29.991039795414093
LogSI: 49.94991206882713
Chamfer: 2.499813458549529
F-Score: 14.309643747575821
IoU: 7.992183917049439
F-Score-20: 28.930760811067397
IoU-20: 18.00454668029662
Ratio-Edges: 0.13570934189350456
AbsRel-Edges: 31.375488788318012
SqRel-Edges: 26.96463022302179
RMSE-Edges: 10.962802954412558
LogRMSE-Edges: 47.80805841614218
$\delta < 1.05$-Edges: 0.1312261939118822
$\delta < 1.1$-Edges: 0.2503855451919412
$\delta < 1.25$-Edges: 0.4991900227253801
$\delta < 1.25^2$-Edges: 0.7508494639772516
$\delta < 1.25^3$-Edges: 0.8765907322311405
MAE-Edges: 7.046005685734593
InvMAE-Edges: 1202.2695182695109
InvRMSE-Edges: 8905.80191149992
LogMAE-Edges: 33.14864237355251
LogSI-Edges: 46.611557690487786
Chamfer-Edges: 4.340572695169405
F-Score-Edges: 7.5693119800558275
IoU-Edges: 4.345612625251798
F-Score-20-Edges: 15.759090500096091
IoU-20-Edges: 9.604989722176315
DirAcc-Edges: 67.77426174156236
Dir (-)-Edges: 5.001387268170022
Dir (+)-Edges: 27.224350990267624
EdgeAcc-Edges: 4.0135134093256175
EdgeComp-Edges: 48.3635906662083
