Ratio: 0.39465049687743586
AbsRel: 24.984648154830932
SqRel: 16.207744012069703
RMSE: 1.5965179963707923
LogRMSE: 39.29365710220337
$\delta < 1.05$: 0.15335718693059644
$\delta < 1.1$: 0.29241638110979484
$\delta < 1.25$: 0.6004016132726625
$\delta < 1.25^2$: 0.8355495755693387
$\delta < 1.25^3$: 0.8952975527040283
MAE: 0.8804300661087037
InvMAE: 257.72844792022704
InvRMSE: 1813.6686774810792
LogMAE: 27.42811743812561
LogSI: 38.704161486192014
