Ratio: 1.7938565115213394
AbsRel: 30.904604377746583
SqRel: 21.488210714912416
RMSE: 1.62966502532959
LogRMSE: 41.63676794281006
$\delta < 1.05$: 0.13650794846283074
$\delta < 1.1$: 0.26160937166875003
$\delta < 1.25$: 0.538188405917463
$\delta < 1.25^2$: 0.7807503462453118
$\delta < 1.25^3$: 0.8746893836201539
MAE: 0.9788441417336464
InvMAE: 119.65544956207276
InvRMSE: 153.03499799804686
LogMAE: 30.44558664474487
LogSI: 40.80290232039763
