Ratio: 0.034257802074737935
AbsRel: 23.936770723342896
SqRel: 18.70006111192703
RMSE: 31.47205338001251
LogRMSE: 143.89407667732237
$\delta < 1.05$: 0.190533457427445
$\delta < 1.1$: 0.3561332817577489
$\delta < 1.25$: 0.6793676659914384
$\delta < 1.25^2$: 0.8641153391586668
$\delta < 1.25^3$: 0.9205472882932625
MAE: 13.002589775085449
InvMAE: 19831.773419259072
InvRMSE: 114416.27729442119
LogMAE: 44.44290268421173
LogSI: 141.48269303189068
Chamfer: 3.169543035195435
F-Score: 8.765623970985413
IoU: 4.680553188323975
F-Score-20: 24.935460014343263
IoU-20: 14.545020961284637
