Ratio: 41.318132568359374
AbsRel: 23.40715910720825
SqRel: 20.038567429542542
RMSE: 19.34316207456589
LogRMSE: 33.62124048614502
$\delta < 1.05$: 0.1612373810342023
$\delta < 1.1$: 0.30683453103124836
$\delta < 1.25$: 0.5983044030750152
$\delta < 1.25^2$: 0.8469902050391607
$\delta < 1.25^3$: 0.9427402060954553
MAE: 9.31753908252716
InvMAE: 12.509673430919648
InvRMSE: 19.00315018749237
LogMAE: 24.35586615943909
LogSI: 32.64247650882636
Chamfer: 3.252306337431983
F-Score: 6.217231747061014
IoU: 3.2586103591918945
F-Score-20: 18.80818401324749
IoU-20: 10.669538433253765
