Ratio: 13.007255368599525
AbsRel: 32.860560329143816
SqRel: 29.13799655033992
RMSE: 1.6269851877139165
LogRMSE: 38.92839374542236
$\delta < 1.05$: 0.1238021934256412
$\delta < 1.1$: 0.23507989002300633
$\delta < 1.25$: 0.4923591509562074
$\delta < 1.25^2$: 0.7789974843210743
$\delta < 1.25^3$: 0.906989406073326
MAE: 1.1167364570039968
InvMAE: 134.59299253610465
InvRMSE: 176.42004930349498
LogMAE: 30.35642894451435
LogSI: 37.62197609445323
