Ratio: 41.8022635528325
AbsRel: 56.62286887147501
SqRel: 432.9330357286428
RMSE: 9.493026972351588
LogRMSE: 54.24758530304571
$\delta < 1.05$: 0.1142680312099621
$\delta < 1.1$: 0.21852721187025384
$\delta < 1.25$: 0.45474500343013347
$\delta < 1.25^2$: 0.7067702748171855
$\delta < 1.25^3$: 0.8295795680078408
MAE: 6.104688814001768
InvMAE: 45.75496351237789
InvRMSE: 98.82880216329087
LogMAE: 39.15736033136
LogSI: 51.46987243142268
