Ratio: 0.0313358080518222
AbsRel: 19.097163128486045
SqRel: 15.211205787475292
RMSE: 1.0945284852156272
LogRMSE: 26.314549151200513
$\delta < 1.05$: 0.21455748746395648
$\delta < 1.1$: 0.3926590523744125
$\delta < 1.25$: 0.7093977479325497
$\delta < 1.25^2$: 0.9048394691856304
$\delta < 1.25^3$: 0.9611289626626205
MAE: 0.6979677511407779
InvMAE: 137.57768545150756
InvRMSE: 834.5010649739779
LogMAE: 19.70728010030893
LogSI: 25.968445600802326
