Ratio: 0.028219213446005063
AbsRel: 39.280874855315204
SqRel: 108.64209120744012
RMSE: 9.670502467273062
LogRMSE: 56.35724677098706
$\delta < 1.05$: 0.12079229174452294
$\delta < 1.1$: 0.2280756194447729
$\delta < 1.25$: 0.4610293541516014
$\delta < 1.25^2$: 0.6923586067765336
$\delta < 1.25^3$: 0.8167732031103796
MAE: 6.025172124930027
InvMAE: 1200.1787322118143
InvRMSE: 6915.792959204704
LogMAE: 40.54085569210651
LogSI: 53.06189373039736
