Ratio: 0.03603181289786324
AbsRel: 5.842743502685002
SqRel: 2.2392382624851805
RMSE: 3.3896232741645402
LogRMSE: 10.278100121021271
$\delta < 1.05$: 0.6950082144367231
$\delta < 1.1$: 0.8619067329437834
$\delta < 1.25$: 0.9545663223031504
$\delta < 1.25^2$: 0.9855499014785435
$\delta < 1.25^3$: 0.993472030914684
MAE: 1.3200606684173857
InvMAE: 4.598428733178547
InvRMSE: 34.2993973663875
LogMAE: 5.8375263595581055
LogSI: 10.209350796080995
Chamfer: 0.5815946806659941
F-Score: 60.8336596761431
IoU: 45.26751875264304
F-Score-20: 76.43252564702715
IoU-20: 63.29378837312971
