Ratio: 27.674595376423426
AbsRel: 6.418520856244223
SqRel: 4.417863685286471
RMSE: 3.4890708813497
LogRMSE: 10.560845506531852
$\delta < 1.05$: 0.6739592607593196
$\delta < 1.1$: 0.8588994719946972
$\delta < 1.25$: 0.9578679086228054
$\delta < 1.25^2$: 0.9872404821402355
$\delta < 1.25^3$: 0.9927570482752919
MAE: 1.3330796096154622
InvMAE: 4.478061730350767
InvRMSE: 7.654304797989981
LogMAE: 5.985670720849718
LogSI: 10.326359094914325
Chamfer: 0.5112183923146002
F-Score: 59.35556298737015
IoU: 43.748003221047775
F-Score-20: 76.0814786178725
IoU-20: 62.87631045111588
