Ratio: 0.035558471417726945
AbsRel: 8.162712957230083
SqRel: 2.1999697494634822
RMSE: 4.065501341790509
LogRMSE: 13.325459470046809
$\delta < 1.05$: 0.5055051765855985
$\delta < 1.1$: 0.7405980615561929
$\delta < 1.25$: 0.923508414871419
$\delta < 1.25^2$: 0.9830786695037295
$\delta < 1.25^3$: 0.9953084392056094
MAE: 1.7579688153292503
InvMAE: 34.63662314305276
InvRMSE: 563.9688194196648
LogMAE: 8.264446553642765
LogSI: 13.25437871201396
Chamfer: 0.714178246186033
F-Score: 49.238553981839516
IoU: 33.81983923473241
F-Score-20: 67.55072734399808
IoU-20: 52.15917171437316
