Ratio: 28.161346865577933
AbsRel: 8.629434818139105
SqRel: 2.573457911336349
RMSE: 4.029426014313668
LogRMSE: 13.32121312252583
$\delta < 1.05$: 0.4749133094775014
$\delta < 1.1$: 0.7217338631751218
$\delta < 1.25$: 0.9196831659827638
$\delta < 1.25^2$: 0.9830114942679061
$\delta < 1.25^3$: 0.9945378266921107
MAE: 1.7895302455300934
InvMAE: 6.652748750762705
InvRMSE: 9.991367034019868
LogMAE: 8.602972955425825
LogSI: 12.859368688335302
Chamfer: 0.6905810623768713
F-Score: 47.27573218118925
IoU: 32.142744240859535
F-Score-20: 66.66546268258358
IoU-20: 51.2121882113211
