Ratio: 0.013739325138111543
AbsRel: 28.634581364631654
SqRel: 16.676637043640017
RMSE: 12.202497294425964
LogRMSE: 42.24661096143723
$\delta < 1.05$: 0.13601881440672509
$\delta < 1.1$: 0.2552019091709865
$\delta < 1.25$: 0.5142457189418476
$\delta < 1.25^2$: 0.7708710647358731
$\delta < 1.25^3$: 0.887136273676424
MAE: 8.17687461206317
InvMAE: 1365.3561310468615
InvRMSE: 3869.6485282425283
LogMAE: 32.150869228363035
LogSI: 40.101596735346064
Chamfer: 6.055076346766531
F-Score: 7.500789560905658
IoU: 4.0923144207187
F-Score-20: 14.43657990595419
IoU-20: 8.390065233163536
