Ratio: 84.30901257467269
AbsRel: 35.647127245903015
SqRel: 33.14583115005493
RMSE: 12.953002727746963
LogRMSE: 43.72203123855591
$\delta < 1.05$: 0.11816085558796849
$\delta < 1.1$: 0.225276313136205
$\delta < 1.25$: 0.4714976926630394
$\delta < 1.25^2$: 0.7323797481369845
$\delta < 1.25^3$: 0.8642468827902073
MAE: 8.947820411026477
InvMAE: 21.992643180012703
InvRMSE: 29.398119833111764
LogMAE: 33.81137979984283
LogSI: 41.84118081785766
Chamfer: 4.49632988439436
F-Score: 8.39918242047727
IoU: 4.6398177542760966
F-Score-20: 16.269728146195412
IoU-20: 9.528410333663226
