Ratio: 0.09655675972903874
AbsRel: 22.938533917844115
SqRel: 10.277425370404115
RMSE: 0.9027487924294005
LogRMSE: 29.17618828957234
$\delta < 1.05$: 0.15293827824233885
$\delta < 1.1$: 0.29105030283638633
$\delta < 1.25$: 0.5911564314531428
$\delta < 1.25^2$: 0.8582594124892063
$\delta < 1.25^3$: 0.9575703648496483
MAE: 0.6562811183865647
InvMAE: 127.7216072869957
InvRMSE: 510.3624744648598
LogMAE: 23.466058436519145
LogSI: 28.801457817950496
