Ratio: 7.730578629613287
AbsRel: 29.77951206271437
SqRel: 17.977824176123384
RMSE: 1.014003840562765
LogRMSE: 34.19205094842007
$\delta < 1.05$: 0.12225232126705186
$\delta < 1.1$: 0.2351268672175766
$\delta < 1.25$: 0.5056003964664644
$\delta < 1.25^2$: 0.8082910434062068
$\delta < 1.25^3$: 0.9358650373187135
MAE: 0.76673729000015
InvMAE: 121.19282477492587
InvRMSE: 159.11879398917569
LogMAE: 27.472189483292606
LogSI: 32.70745324576775
