Ratio: 23.4573790233101
AbsRel: 57.4341661018618
SqRel: 154.50997415851248
RMSE: 7.385515693486022
LogRMSE: 67.10691981635026
$\delta < 1.05$: 0.09605541713042141
$\delta < 1.1$: 0.1818184927471754
$\delta < 1.25$: 0.3829566087851356
$\delta < 1.25^2$: 0.62499809659672
$\delta < 1.25^3$: 0.7575784765824367
MAE: 4.132274594774657
InvMAE: 264.52921959335725
InvRMSE: 352.2680273937552
LogMAE: 49.99522944158344
LogSI: 62.78394989804746
Chamfer: 2.8904972244308946
F-Score: 29.13435814332431
IoU: 20.481458450991962
F-Score-20: 43.7517445021153
IoU-20: 33.90762648903564
