Ratio: 0.0780442293177794
AbsRel: 41.658258056754704
SqRel: 81.64366391367996
RMSE: 7.650075312546994
LogRMSE: 72.5969268439489
$\delta < 1.05$: 0.10921508839879429
$\delta < 1.1$: 0.20451093305734316
$\delta < 1.25$: 0.41767000705951074
$\delta < 1.25^2$: 0.6496662686978788
$\delta < 1.25^3$: 0.7795417268193294
MAE: 4.056653018880404
InvMAE: 4357.959200719754
InvRMSE: 21679.31146817772
LogMAE: 49.88672021564685
LogSI: 69.31741614279912
Chamfer: 3.0294093645975892
F-Score: 28.065704822530034
IoU: 21.407521890472335
F-Score-20: 40.75631059633488
IoU-20: 32.164869542341926
