Ratio: 35.272098726457166
AbsRel: 30.568562812189903
SqRel: 35.360985119496625
RMSE: 9.308729413459378
LogRMSE: 37.1580749622468
$\delta < 1.05$: 0.14467565387100198
$\delta < 1.1$: 0.27763986938667373
$\delta < 1.25$: 0.5658957938186269
$\delta < 1.25^2$: 0.8146977052627672
$\delta < 1.25^3$: 0.9121125073442551
MAE: 5.5178604327863265
InvMAE: 29.218801899571574
InvRMSE: 42.48540041892759
LogMAE: 27.903785284103886
LogSI: 35.890305709230915
Chamfer: 2.843678894283486
F-Score: 11.95323628633253
IoU: 6.539296969867522
F-Score-20: 24.29758508882215
IoU-20: 14.481827676526962
Ratio-Edges: 39.427938288021714
AbsRel-Edges: 38.90018708285164
SqRel-Edges: 60.23692385277717
RMSE-Edges: 11.11598438812432
LogRMSE-Edges: 43.86969430212881
$\delta < 1.05$-Edges: 0.12795562582470058
$\delta < 1.1$-Edges: 0.23484046295419503
$\delta < 1.25$-Edges: 0.4765909833842657
$\delta < 1.25^2$-Edges: 0.7426815756562308
$\delta < 1.25^3$-Edges: 0.8702170416650107
MAE-Edges: 7.333734320941704
InvMAE-Edges: 28.89166395453846
InvRMSE-Edges: 42.97145207902185
LogMAE-Edges: 33.36482971197639
LogSI-Edges: 42.40973903481802
Chamfer-Edges: 4.297661507714208
F-Score-Edges: 7.1512084473484485
IoU-Edges: 4.28839554774021
F-Score-20-Edges: 14.169469734071907
IoU-20-Edges: 8.632184135680106
DirAcc-Edges: 65.45483137693812
Dir (-)-Edges: 3.0164304503907746
Dir (+)-Edges: 31.528738172671112
EdgeAcc-Edges: 3.801683235961616
EdgeComp-Edges: 29.54011487380351
