Ratio: 0.029338571242309593
AbsRel: 23.616371939182283
SqRel: 14.789493525326252
RMSE: 8.304471248723566
LogRMSE: 35.762474373579025
$\delta < 1.05$: 0.16747725073495615
$\delta < 1.1$: 0.3180219556413294
$\delta < 1.25$: 0.623595023784602
$\delta < 1.25^2$: 0.8505642561875996
$\delta < 1.25^3$: 0.9266604858501085
MAE: 4.703429271169007
InvMAE: 215.99379421144724
InvRMSE: 3386.2602710324527
LogMAE: 24.83854612469673
LogSI: 35.186386392841186
Chamfer: 2.629071581466957
F-Score: 13.219361843690276
IoU: 7.259753596428782
F-Score-20: 26.047797145098446
IoU-20: 15.653275512382388
Ratio-Edges: 0.023554688739407297
AbsRel-Edges: 29.055072961449625
SqRel-Edges: 18.60710336983204
RMSE-Edges: 9.468141648061573
LogRMSE-Edges: 40.24857291936874
$\delta < 1.05$-Edges: 0.12809554785096475
$\delta < 1.1$-Edges: 0.24220957321463035
$\delta < 1.25$-Edges: 0.509900235859149
$\delta < 1.25^2$-Edges: 0.7790669115500228
$\delta < 1.25^3$-Edges: 0.8920552082003746
MAE-Edges: 6.05164911756292
InvMAE-Edges: 63.967822798788546
InvRMSE-Edges: 890.6006044602394
LogMAE-Edges: 30.495762979388235
LogSI-Edges: 39.384578951101496
Chamfer-Edges: 4.164884386087867
F-Score-Edges: 6.8752763959765435
IoU-Edges: 3.852747419252992
F-Score-20-Edges: 14.749685050547123
IoU-20-Edges: 8.640175449997187
DirAcc-Edges: 73.5636552660431
Dir (-)-Edges: 6.216503173501901
Dir (+)-Edges: 20.219841560454995
EdgeAcc-Edges: 3.9059536854751893
EdgeComp-Edges: 38.587450364294966
