Ratio: 0.03308949022168635
AbsRel: 25.92905881574077
SqRel: 23.41304191256723
RMSE: 9.969703742256087
LogRMSE: 50.43091528738699
$\delta < 1.05$: 0.1659965304531408
$\delta < 1.1$: 0.3137535475354914
$\delta < 1.25$: 0.6142339420102535
$\delta < 1.25^2$: 0.827994276521758
$\delta < 1.25^3$: 0.909353442372623
MAE: 5.600769994672268
InvMAE: 2957.9390191585785
InvRMSE: 19919.995786303243
LogMAE: 29.3961353335842
LogSI: 49.3210626301642
Chamfer: 2.6045278790730193
F-Score: 14.235149691335616
IoU: 8.007758659239737
F-Score-20: 28.17663860505627
IoU-20: 17.415721954991742
Ratio-Edges: 0.031288857193810436
AbsRel-Edges: 31.238982093100454
SqRel-Edges: 25.925090608253978
RMSE-Edges: 10.90389710723185
LogRMSE-Edges: 48.15800621867959
$\delta < 1.05$-Edges: 0.1272043615158881
$\delta < 1.1$-Edges: 0.24252844072593419
$\delta < 1.25$-Edges: 0.4959749239876013
$\delta < 1.25^2$-Edges: 0.7513688726040189
$\delta < 1.25^3$-Edges: 0.8759760267920879
MAE-Edges: 7.020727134948852
InvMAE-Edges: 1258.4876783321106
InvRMSE-Edges: 8859.735011766472
LogMAE-Edges: 33.39724755193673
LogSI-Edges: 46.90870373819118
Chamfer-Edges: 4.563942822515234
F-Score-Edges: 7.022753962621191
IoU-Edges: 4.067280320248573
F-Score-20-Edges: 14.589960490702804
IoU-20-Edges: 8.962052974387321
DirAcc-Edges: 69.26704290857398
Dir (-)-Edges: 4.661758211810209
Dir (+)-Edges: 26.0711988796158
EdgeAcc-Edges: 3.9153582402334264
EdgeComp-Edges: 32.585736403245626
