Ratio: 31.825203214883803
AbsRel: 27.57019288659096
SqRel: 20.633731940090655
RMSE: 8.155574571043253
LogRMSE: 35.86227611780166
$\delta < 1.05$: 0.1436963510010449
$\delta < 1.1$: 0.273477454758901
$\delta < 1.25$: 0.5600487603236521
$\delta < 1.25^2$: 0.8252762350120753
$\delta < 1.25^3$: 0.9207920861627475
MAE: 4.834597899392247
InvMAE: 26.916802002191545
InvRMSE: 36.04133693099022
LogMAE: 26.959471862316132
LogSI: 34.771080673051614
Chamfer: 2.7000044225421154
F-Score: 12.039720626920461
IoU: 6.584773688390851
F-Score-20: 24.043418823480607
IoU-20: 14.29534751445055
Ratio-Edges: 35.10995719194412
AbsRel-Edges: 33.924436666965484
SqRel-Edges: 31.384704739898442
RMSE-Edges: 9.358845455646515
LogRMSE-Edges: 41.968292841911314
$\delta < 1.05$-Edges: 0.12085086993251021
$\delta < 1.1$-Edges: 0.2290982697531502
$\delta < 1.25$-Edges: 0.4830840671313659
$\delta < 1.25^2$-Edges: 0.7559233481787768
$\delta < 1.25^3$-Edges: 0.8830741812759386
MAE-Edges: 6.168869860656559
InvMAE-Edges: 29.13484630525112
InvRMSE-Edges: 40.20097585916519
LogMAE-Edges: 32.02331625699997
LogSI-Edges: 40.66577606094827
Chamfer-Edges: 3.6118896144731436
F-Score-Edges: 7.121862898692489
IoU-Edges: 3.9548430884163825
F-Score-20-Edges: 15.480289664417505
IoU-20-Edges: 9.062784384787083
DirAcc-Edges: 69.59252888700448
Dir (-)-Edges: 4.271356896906156
Dir (+)-Edges: 26.136114216089354
EdgeAcc-Edges: 3.607978745726862
EdgeComp-Edges: 28.37133466378459
