Ratio: 7.320495376205445
AbsRel: 32.450964712905886
SqRel: 19.33288972949982
RMSE: 1.6063746515989303
LogRMSE: 43.91527429962158
$\delta < 1.05$: 0.10907293603927981
$\delta < 1.1$: 0.21073320551045818
$\delta < 1.25$: 0.4622605541459014
$\delta < 1.25^2$: 0.7528632691671946
$\delta < 1.25^3$: 0.873917417023103
MAE: 1.0187595596075059
InvMAE: 135.8257895599365
InvRMSE: 170.36895577850342
LogMAE: 33.291290350723266
LogSI: 42.97145266413845
