Ratio: 0.06665303155426967
AbsRel: 24.505545176887512
SqRel: 12.210052019143104
RMSE: 1.5478199963271617
LogRMSE: 39.15659281425476
$\delta < 1.05$: 0.1546343722762658
$\delta < 1.1$: 0.2979930974299215
$\delta < 1.25$: 0.6035840168726809
$\delta < 1.25^2$: 0.8354214353653521
$\delta < 1.25^3$: 0.8936886713071017
MAE: 0.8689999786734581
InvMAE: 113.9201281387329
InvRMSE: 268.440954069519
LogMAE: 27.429551070022583
LogSI: 38.51646402056319
