Scale: 0.3470472504010185
Shift: 0.32343890707547757
AbsRel: 19.404951003148007
SqRel: 11.702276846170426
RMSE: 1.1143789434203735
LogRMSE: 27.305353553478536
$\delta_{.05}$: 21.000639509977646
$\delta_{.1}$: 37.91333147919133
$\delta_{.25}$: 69.82964374189876
$\delta_{.25^2}$: 89.9288847711622
$\delta_{.25^3}$: 95.78682306092729
MAE: 0.7184340657179172
InvMAE: 190.10968579218937
InvRMSE: 1195.6640886512168
LogMAE: 20.394025473961463
LogSI: 26.917747118796452
