Scale: 0.26944052654702844
Shift: 0.04664528306746025
AbsRel: 40.8611617195232
SqRel: 100.75093684282004
RMSE: 9.871350287321972
LogRMSE: 56.78246091834098
$\delta_{.05}$: 10.602744357461017
$\delta_{.1}$: 20.24354478514045
$\delta_{.25}$: 42.56407882825943
$\delta_{.25^2}$: 67.05834658424986
$\delta_{.25^3}$: 80.09716238494622
MAE: 6.2239680332987835
InvMAE: 509.494221978658
InvRMSE: 3390.727778285074
LogMAE: 42.5143679011563
LogSI: 53.34724644634475
