Scale: 0.9961223182100735
Shift: 0.2077059773890457
AbsRel: 20.385945929664356
SqRel: 8.498049789202323
RMSE: 0.6910069390607354
LogRMSE: 25.945679932194746
$\delta_{.05}$: 16.559233038468264
$\delta_{.1}$: 31.75590551860283
$\delta_{.25}$: 63.91451990733321
$\delta_{.25^2}$: 89.80121874526911
$\delta_{.25^3}$: 97.47397873453006
MAE: 0.49382998412674356
InvMAE: 148.67090410413363
InvRMSE: 433.2571796014768
LogMAE: 20.809794174421818
LogSI: 25.680705071005512
