Scale: 0.49994263769740116
Shift: 0.2904882324369566
AbsRel: 25.504361474227906
SqRel: 12.039335490083694
RMSE: 1.544321495294571
LogRMSE: 39.64332141990661
$\delta_{.05}$: 14.425353348635317
$\delta_{.1}$: 27.691679653980515
$\delta_{.25}$: 58.27833992583412
$\delta_{.25^2}$: 82.34380794754732
$\delta_{.25^3}$: 89.34376905165495
MAE: 0.8844370229303837
InvMAE: 114.78115559692382
InvRMSE: 174.32905979156493
LogMAE: 28.260756967163086
LogSI: 38.96169147018106
