Ratio: 0.1733263445012559
AbsRel: 21.805222418785096
SqRel: 16.922444858789444
RMSE: 31.37482565355301
LogRMSE: 147.73963911056518
$\delta < 1.05$: 0.2181263325256161
$\delta < 1.1$: 0.4115810333241428
$\delta < 1.25$: 0.73652026805704
$\delta < 1.25^2$: 0.8763811988632986
$\delta < 1.25^3$: 0.9256098398224301
MAE: 12.397626039505004
InvMAE: 19989.22054044342
InvRMSE: 118342.3884115305
LogMAE: 42.594729177474974
LogSI: 145.38459462066794
Chamfer: 3.0960287847639414
F-Score: 8.929000511169434
IoU: 4.704758141160012
F-Score-20: 27.01255720424652
IoU-20: 15.82524652147293
