Ratio: 7.990524604320526
AbsRel: 22.832634894371033
SqRel: 14.927987293720246
RMSE: 17.634118019104005
LogRMSE: 31.478449359893798
$\delta < 1.05$: 0.15429502132700765
$\delta < 1.1$: 0.2887760154186354
$\delta < 1.25$: 0.5951590396470173
$\delta < 1.25^2$: 0.8718472887318377
$\delta < 1.25^3$: 0.9553167967213912
MAE: 8.685124840736389
InvMAE: 12.363038330554962
InvRMSE: 18.255854563713072
LogMAE: 23.410576027870178
LogSI: 30.90092272968182
Chamfer: 2.923528637286511
F-Score: 5.1004882347881795
IoU: 2.6369764223098753
F-Score-20: 16.107033630728722
IoU-20: 8.914245508611202
