Ratio: 3.415400865628169
AbsRel: 33.69895179455097
SqRel: 31.522501358619103
RMSE: 1.6534018879670362
LogRMSE: 39.59761511876033
$\delta < 1.05$: 0.12255529692570191
$\delta < 1.1$: 0.2334110018394911
$\delta < 1.25$: 0.4896316744529509
$\delta < 1.25^2$: 0.771837281708069
$\delta < 1.25^3$: 0.9002349902413056
MAE: 1.1475036774231837
InvMAE: 136.07257716545692
InvRMSE: 178.5339132455679
LogMAE: 30.86945380284236
LogSI: 38.210921462602386
