Ratio: 0.12148632677311438
AbsRel: 19.51566169958848
SqRel: 19.773253838098967
RMSE: 1.1527280837755938
LogRMSE: 26.962679967146652
$\delta < 1.05$: 0.20773935248408468
$\delta < 1.1$: 0.3837957082423685
$\delta < 1.25$: 0.7062276180080637
$\delta < 1.25^2$: 0.9019920207276275
$\delta < 1.25^3$: 0.9597427172603201
MAE: 0.7102776127595168
InvMAE: 246.55073521907514
InvRMSE: 1581.5268175667982
LogMAE: 20.086347635709323
LogSI: 26.59620144355131
