Ratio: 0.10856529745446561
AbsRel: 39.16290060394014
SqRel: 104.75127770922109
RMSE: 9.629149811684819
LogRMSE: 54.674462063964704
$\delta < 1.05$: 0.11952797632632557
$\delta < 1.1$: 0.2264707572157946
$\delta < 1.25$: 0.45928244017004716
$\delta < 1.25^2$: 0.6914572101603728
$\delta < 1.25^3$: 0.8166100052264151
MAE: 6.0179203081825925
InvMAE: 583.4184798077083
InvRMSE: 4683.172283385366
LogMAE: 40.06044922815845
LogSI: 51.384809999064935
