Ratio: 10.541662650258017
AbsRel: 57.14012332240562
SqRel: 433.9604935795737
RMSE: 9.693693734070646
LogRMSE: 54.724711537895715
$\delta < 1.05$: 0.11131738148538196
$\delta < 1.1$: 0.21192367255544486
$\delta < 1.25$: 0.4402084083499218
$\delta < 1.25^2$: 0.6930782758581294
$\delta < 1.25^3$: 0.8269156929728333
MAE: 6.234955741418316
InvMAE: 46.62503747020602
InvRMSE: 99.41710041777435
LogMAE: 39.84643026745373
LogSI: 51.86736962108718
