Ratio: 5.399999999999999
AbsRel: 5.99606671503612
SqRel: 2.273987787685224
RMSE: 2.5693399090852056
LogRMSE: 8.727586555821555
$\delta < 1.05$: 0.6596903621532075
$\delta < 1.1$: 0.8650362490933103
$\delta < 1.25$: 0.9654108981160444
$\delta < 1.25^2$: 0.9899877890059234
$\delta < 1.25^3$: 0.9975507677837177
MAE: 1.0719516728818417
InvMAE: 4.542953676496233
InvRMSE: 6.795326737165451
LogMAE: 5.547154653072357
LogSI: 7.416356624218876
Chamfer: 0.44869182854136236
F-Score: 55.88042349386295
IoU: 40.79712933427388
F-Score-20: 74.97890042969159
IoU-20: 62.03062758823591
