Ratio: 5.399999999999999
AbsRel: 8.319730085829285
SqRel: 2.249249973271522
RMSE: 3.658476606194227
LogRMSE: 12.2930148379203
$\delta < 1.05$: 0.5155294854474156
$\delta < 1.1$: 0.740354551941733
$\delta < 1.25$: 0.9234382624435921
$\delta < 1.25^2$: 0.9851342745421303
$\delta < 1.25^3$: 0.9965305884793422
MAE: 1.6582585447496432
InvMAE: 6.2291006683571934
InvRMSE: 9.070483625300822
LogMAE: 8.073991730534956
LogSI: 11.109877974160678
Chamfer: 0.6667406548354863
F-Score: 48.577916966888345
IoU: 33.3761198445069
F-Score-20: 66.27143906989346
IoU-20: 51.032801913703146
