Ratio: 0.04215375894476116
AbsRel: 27.4946118721962
SqRel: 15.54378956720233
RMSE: 11.848185654759407
LogRMSE: 40.87649022626877
$\delta < 1.05$: 0.1424290535588183
$\delta < 1.1$: 0.2643448878053837
$\delta < 1.25$: 0.5297859480565273
$\delta < 1.25^2$: 0.7887772608693021
$\delta < 1.25^3$: 0.8986372884367102
MAE: 7.890718693614006
InvMAE: 1426.811617883444
InvRMSE: 3729.725478098452
LogMAE: 30.88353141760826
LogSI: 38.8033208326813
Chamfer: 5.913126003820112
F-Score: 7.4172842207551
IoU: 4.026621123399585
F-Score-20: 14.320867138423026
IoU-20: 8.291035629360005
