Ratio: 26.84529814863205
AbsRel: 36.62502179908753
SqRel: 34.3404792894125
RMSE: 13.328154040217399
LogRMSE: 44.09112344074249
$\delta < 1.05$: 0.10961859039721628
$\delta < 1.1$: 0.2097218677441773
$\delta < 1.25$: 0.45228223698969605
$\delta < 1.25^2$: 0.7269345965093041
$\delta < 1.25^3$: 0.8676929373471752
MAE: 9.234189088821411
InvMAE: 22.493000522613524
InvRMSE: 30.08053703010082
LogMAE: 34.232676620483396
LogSI: 42.130908949038634
Chamfer: 4.360369324037398
F-Score: 7.664949380546808
IoU: 4.188141816459596
F-Score-20: 15.181985570013524
IoU-20: 8.778344235122203
