Ratio: 0.29910560174066836
AbsRel: 22.210911354887376
SqRel: 10.268315642434159
RMSE: 0.8800831273858882
LogRMSE: 28.348513434786316
$\delta < 1.05$: 0.15588949727929247
$\delta < 1.1$: 0.29677633204938086
$\delta < 1.25$: 0.6042810443189207
$\delta < 1.25^2$: 0.8712500538398587
$\delta < 1.25^3$: 0.9611861536189615
MAE: 0.6393921488514369
InvMAE: 133.64459033697753
InvRMSE: 549.5260731000054
LogMAE: 22.73152957414633
LogSI: 27.99895975712822
