Ratio: 2.1368097953657856
AbsRel: 32.23874961783033
SqRel: 21.650799205543798
RMSE: 1.1298267601644592
LogRMSE: 36.27783952065564
$\delta < 1.05$: 0.1114236194434702
$\delta < 1.1$: 0.2141193427127495
$\delta < 1.25$: 0.4704473207748017
$\delta < 1.25^2$: 0.784058197297957
$\delta < 1.25^3$: 0.9267194912594836
MAE: 0.8429656589022105
InvMAE: 126.64910657106918
InvRMSE: 164.7401241395816
LogMAE: 29.24904004659857
LogSI: 34.50355021082896
