Ratio: 6.97541865118953
AbsRel: 55.7614459850001
SqRel: 141.04937432647714
RMSE: 7.265657388436737
LogRMSE: 66.70959329297098
$\delta < 1.05$: 0.09192048635260049
$\delta < 1.1$: 0.17484422350019777
$\delta < 1.25$: 0.3754879114871624
$\delta < 1.25^2$: 0.625369722547282
$\delta < 1.25^3$: 0.7602784339326434
MAE: 4.162619384517225
InvMAE: 265.03846973922265
InvRMSE: 354.6410287117844
LogMAE: 50.127828353215634
LogSI: 62.14944048909716
Chamfer: 3.0361070176525335
F-Score: 29.46166021536688
IoU: 20.828085180223614
F-Score-20: 44.07037271945671
IoU-20: 34.481295903814896
