Ratio: 0.2802997127828508
AbsRel: 40.900250542334966
SqRel: 70.51108193973249
RMSE: 7.475397736924973
LogRMSE: 69.73354711418517
$\delta < 1.05$: 0.11530323040618756
$\delta < 1.1$: 0.20726432646198517
$\delta < 1.25$: 0.41486965859131897
$\delta < 1.25^2$: 0.6618823765324482
$\delta < 1.25^3$: 0.7924292803391384
MAE: 3.926721058436558
InvMAE: 4100.090084655091
InvRMSE: 17996.24799476437
LogMAE: 48.70109472856567
LogSI: 66.44786719707862
Chamfer: 3.140996818824848
F-Score: 27.452641311452755
IoU: 20.558485454760277
F-Score-20: 39.76630643919538
IoU-20: 31.511807945356416
