Ratio: 0.15064897714106518
AbsRel: 25.489124798005626
SqRel: 23.24187184546263
RMSE: 9.80782354932639
LogRMSE: 49.689835691452025
$\delta < 1.05$: 0.17199901865165548
$\delta < 1.1$: 0.32587309698077915
$\delta < 1.25$: 0.6233411645804515
$\delta < 1.25^2$: 0.830117875783087
$\delta < 1.25^3$: 0.9094538961072184
MAE: 5.482065456490363
InvMAE: 2873.3808769739826
InvRMSE: 19360.957033630493
LogMAE: 28.97888299511325
LogSI: 48.53093670297951
Chamfer: 2.6487747664517114
F-Score: 14.257999808076889
IoU: 8.022755225358472
F-Score-20: 28.397690171580162
IoU-20: 17.607936219092338
Ratio-Edges: 0.11122085959472632
AbsRel-Edges: 30.952374663072472
SqRel-Edges: 25.306105178185536
RMSE-Edges: 10.846109193334588
LogRMSE-Edges: 46.147270105710994
$\delta < 1.05$-Edges: 0.1288011541458431
$\delta < 1.1$-Edges: 0.24587796374619386
$\delta < 1.25$-Edges: 0.4994389859680347
$\delta < 1.25^2$-Edges: 0.7539846981801008
$\delta < 1.25^3$-Edges: 0.8757619855915968
MAE-Edges: 6.960004064810821
InvMAE-Edges: 791.133884701308
InvRMSE-Edges: 6552.117082585541
LogMAE-Edges: 32.77902830036637
LogSI-Edges: 44.91039494175838
Chamfer-Edges: 4.736212851841151
F-Score-Edges: 6.986899171097606
IoU-Edges: 4.033924540955256
F-Score-20-Edges: 14.56903962430611
IoU-20-Edges: 8.95637777225644
DirAcc-Edges: 67.2015469999514
Dir (-)-Edges: 4.644013159677367
Dir (+)-Edges: 28.154439840371225
EdgeAcc-Edges: 3.986775555145186
EdgeComp-Edges: 38.6175632047834
