Ratio: 0.1321438690424177
AbsRel: 23.27927060008049
SqRel: 14.368752193003893
RMSE: 8.25243636354804
LogRMSE: 36.409816581010816
$\delta < 1.05$: 0.16995607111568167
$\delta < 1.1$: 0.32236683544625533
$\delta < 1.25$: 0.6372461083263375
$\delta < 1.25^2$: 0.8534546164552336
$\delta < 1.25^3$: 0.9265991551805405
MAE: 4.6580782788619395
InvMAE: 328.37894996762276
InvRMSE: 4583.11796317935
LogMAE: 24.655537124872207
LogSI: 35.809075804473075
Chamfer: 2.7018703014396994
F-Score: 13.061548755392431
IoU: 7.184072789754719
F-Score-20: 25.76672182738781
IoU-20: 15.529007252156735
Ratio-Edges: 0.11202515209182647
AbsRel-Edges: 28.968624321222304
SqRel-Edges: 18.404924512803554
RMSE-Edges: 9.479394440501927
LogRMSE-Edges: 40.461616786718366
$\delta < 1.05$-Edges: 0.1301106927514744
$\delta < 1.1$-Edges: 0.2461056925971237
$\delta < 1.25$-Edges: 0.5151601244191135
$\delta < 1.25^2$-Edges: 0.7792466393076668
$\delta < 1.25^3$-Edges: 0.8908444239812897
MAE-Edges: 6.016355846878141
InvMAE-Edges: 72.83449958860874
InvRMSE-Edges: 975.9473870426416
LogMAE-Edges: 30.479172751307487
LogSI-Edges: 39.56024092511046
Chamfer-Edges: 4.239421660822298
F-Score-Edges: 6.66241800673306
IoU-Edges: 3.7030057924985886
F-Score-20-Edges: 14.134395580738783
IoU-20-Edges: 8.280422734692692
DirAcc-Edges: 72.68788705159832
Dir (-)-Edges: 5.898146006783842
Dir (+)-Edges: 21.41396694161784
EdgeAcc-Edges: 4.016482329947872
EdgeComp-Edges: 44.81512351267125
