Ratio: 6.811210030317307
AbsRel: 27.151929361820223
SqRel: 20.882699566781522
RMSE: 8.113796406611801
LogRMSE: 35.49279425144196
$\delta < 1.05$: 0.15426504116958312
$\delta < 1.1$: 0.28902296365803287
$\delta < 1.25$: 0.5814862886492446
$\delta < 1.25^2$: 0.8285637866761796
$\delta < 1.25^3$: 0.9207608371889658
MAE: 4.751473180577159
InvMAE: 26.6267269718647
InvRMSE: 36.028711997270584
LogMAE: 26.404272272586823
LogSI: 34.43519892461647
Chamfer: 2.631211995668739
F-Score: 12.320338086634875
IoU: 6.728184556141496
F-Score-20: 24.591661970615387
IoU-20: 14.647062855064869
Ratio-Edges: 7.50104855030775
AbsRel-Edges: 34.33489108324051
SqRel-Edges: 36.02528294026852
RMSE-Edges: 9.482932547852396
LogRMSE-Edges: 42.194743423461915
$\delta < 1.05$-Edges: 0.12372612861316956
$\delta < 1.1$-Edges: 0.23485220929593528
$\delta < 1.25$-Edges: 0.48844223906622986
$\delta < 1.25^2$-Edges: 0.7574015825099226
$\delta < 1.25^3$-Edges: 0.8819387595793162
MAE-Edges: 6.1745591644570235
InvMAE-Edges: 29.583790248036383
InvRMSE-Edges: 40.8841444760561
LogMAE-Edges: 32.051358186006546
LogSI-Edges: 40.87654563199997
Chamfer-Edges: 3.6034086155728606
F-Score-Edges: 7.000709515474736
IoU-Edges: 3.88135290004313
F-Score-20-Edges: 14.99822926595807
IoU-20-Edges: 8.743406300693751
DirAcc-Edges: 69.95998004248467
Dir (-)-Edges: 4.153368258985165
Dir (+)-Edges: 25.88665169853017
EdgeAcc-Edges: 3.7538647873400053
EdgeComp-Edges: 34.24470826926989
