Ratio: 7.160390392887977
AbsRel: 30.20508951187134
SqRel: 36.45456733357522
RMSE: 9.414192492115882
LogRMSE: 36.78269019895984
$\delta < 1.05$: 0.15799715350201357
$\delta < 1.1$: 0.29782563167059517
$\delta < 1.25$: 0.5818416652731045
$\delta < 1.25^2$: 0.8198311671606905
$\delta < 1.25^3$: 0.9117101410799676
MAE: 5.461039386372413
InvMAE: 29.328089783883865
InvRMSE: 43.07455865552348
LogMAE: 27.32655479554207
LogSI: 35.47250575728658
Chamfer: 2.744572945850238
F-Score: 12.67690051117251
IoU: 6.979280207753181
F-Score-20: 25.554164468549914
IoU-20: 15.388675134874159
Ratio-Edges: 7.935381340668871
AbsRel-Edges: 39.05936340631223
SqRel-Edges: 62.461495680785646
RMSE-Edges: 11.588186336352544
LogRMSE-Edges: 44.15961596545051
$\delta < 1.05$-Edges: 0.12761437663586697
$\delta < 1.1$-Edges: 0.2372946926322017
$\delta < 1.25$-Edges: 0.4818961535642009
$\delta < 1.25^2$-Edges: 0.7414592327862177
$\delta < 1.25^3$-Edges: 0.8696763495064509
MAE-Edges: 7.503963220518789
InvMAE-Edges: 28.91342438420439
InvRMSE-Edges: 43.07980540531133
LogMAE-Edges: 33.43395607393551
LogSI-Edges: 42.73913196882153
Chamfer-Edges: 4.390513392004608
F-Score-Edges: 7.097871312460089
IoU-Edges: 4.213100016608932
F-Score-20-Edges: 14.224825952099819
IoU-20-Edges: 8.672879704346064
DirAcc-Edges: 65.79637898374936
Dir (-)-Edges: 3.2378041325140057
Dir (+)-Edges: 30.965816883736625
EdgeAcc-Edges: 3.8676484089508234
EdgeComp-Edges: 34.79395781621311
