Ratio: 2.1776940282344817
AbsRel: 31.734784268188477
SqRel: 19.325525686073302
RMSE: 1.539088128912449
LogRMSE: 41.86658182678222
$\delta < 1.05$: 0.11459304626518999
$\delta < 1.1$: 0.2198374765826399
$\delta < 1.25$: 0.4753711994127899
$\delta < 1.25^2$: 0.7683552314148605
$\delta < 1.25^3$: 0.8902230681407156
MAE: 0.9961128630876541
InvMAE: 128.5481214279175
InvRMSE: 162.94779319458007
LogMAE: 31.94576312675476
LogSI: 40.98470003297452
