Ratio: 0.25488978732157885
AbsRel: 23.80319477748871
SqRel: 11.112988331460953
RMSE: 1.4850071116030217
LogRMSE: 37.233876960372925
$\delta < 1.05$: 0.15608143388190274
$\delta < 1.1$: 0.2980142857125519
$\delta < 1.25$: 0.6125263161378164
$\delta < 1.25^2$: 0.8423259445031653
$\delta < 1.25^3$: 0.9016813370730022
MAE: 0.8440531863570213
InvMAE: 105.40266043624878
InvRMSE: 160.44033689575195
LogMAE: 26.41963736343384
LogSI: 36.645529943537575
