Ratio: 0.21308661164649986
AbsRel: 23.63708137512207
SqRel: 21.028172470092773
RMSE: 33.962455634593965
LogRMSE: 184.55180910491944
$\delta < 1.05$: 0.20043506058061042
$\delta < 1.1$: 0.3819492557624653
$\delta < 1.25$: 0.7221515228708174
$\delta < 1.25^2$: 0.8598023016876514
$\delta < 1.25^3$: 0.911904908859007
MAE: 13.675598523378373
InvMAE: 30015.690829009534
InvRMSE: 152238.64551758574
LogMAE: 54.85725866031647
LogSI: 180.50697437242474
Chamfer: 3.1563308983432217
F-Score: 8.925994348526
IoU: 4.71474341905117
F-Score-20: 26.382244493484496
IoU-20: 15.404825488567353
