Ratio: 7.191555417537689
AbsRel: 25.92942332267761
SqRel: 16.145112771987915
RMSE: 18.8268002576828
LogRMSE: 34.72205439376831
$\delta < 1.05$: 0.1290340728950203
$\delta < 1.1$: 0.24574151115161486
$\delta < 1.25$: 0.5246377362275658
$\delta < 1.25^2$: 0.835608731813174
$\delta < 1.25^3$: 0.9432640803119825
MAE: 9.582883317947388
InvMAE: 14.036236362457275
InvRMSE: 20.610165402412413
LogMAE: 26.461939903259278
LogSI: 34.095510844448725
Chamfer: 2.9824750642678475
F-Score: 4.50790077072382
IoU: 2.3420142918378115
F-Score-20: 13.602715540528298
IoU-20: 7.438874701678753
