Ratio: 2.72856418802188
AbsRel: 30.822840992854193
SqRel: 20.355472024770883
RMSE: 1.50163258343935
LogRMSE: 39.56190417069655
$\delta < 1.05$: 0.12241623249313764
$\delta < 1.1$: 0.2333850803356166
$\delta < 1.25$: 0.49688180715689756
$\delta < 1.25^2$: 0.7774274958206074
$\delta < 1.25^3$: 0.9025938148464773
MAE: 1.0774276526386921
InvMAE: 143.6879393650935
InvRMSE: 189.91340647183932
LogMAE: 30.96713915017935
LogSI: 38.07421647286864
