Ratio: 0.12764634599852456
AbsRel: 18.90230967961825
SqRel: 8.821592778792748
RMSE: 1.05399672132272
LogRMSE: 26.22377909733699
$\delta < 1.05$: 0.21837771645440082
$\delta < 1.1$: 0.39068363942057005
$\delta < 1.25$: 0.710547989672376
$\delta < 1.25^2$: 0.9029501675781623
$\delta < 1.25^3$: 0.9604443095855536
MAE: 0.7068294424047837
InvMAE: 88.57417397719163
InvRMSE: 122.29698550591102
LogMAE: 19.773459251843967
LogSI: 25.85502683365367
