Ratio: 9.678499646785548
AbsRel: 57.930001534688635
SqRel: 478.78474073773543
RMSE: 9.588920655004646
LogRMSE: 55.618772485331036
$\delta < 1.05$: 0.10393230207878222
$\delta < 1.1$: 0.2012637545678099
$\delta < 1.25$: 0.4353081546495522
$\delta < 1.25^2$: 0.6940812896214683
$\delta < 1.25^3$: 0.8224203421972061
MAE: 6.172009950127837
InvMAE: 47.57857006761525
InvRMSE: 100.07878714719695
LogMAE: 40.47891125657633
LogSI: 52.69632637485987
