Ratio: 0.12943547046399095
AbsRel: 39.732243069618804
SqRel: 97.38914013657335
RMSE: 9.700336792410221
LogRMSE: 57.553438575813054
$\delta < 1.05$: 0.10887762830740648
$\delta < 1.1$: 0.20934295930894936
$\delta < 1.25$: 0.439521800342727
$\delta < 1.25^2$: 0.6881925879014829
$\delta < 1.25^3$: 0.8112717963201859
MAE: 6.082870013644342
InvMAE: 1079.7830389433377
InvRMSE: 7136.164026748974
LogMAE: 41.497300838675734
LogSI: 54.231285468658655
