Ratio: 5.399999999999999
AbsRel: 7.593030951505789
SqRel: 2.4874653496488106
RMSE: 3.7016824077060617
LogRMSE: 12.132523739264787
$\delta < 1.05$: 0.5574337377037991
$\delta < 1.1$: 0.7693325951832101
$\delta < 1.25$: 0.9350645080338985
$\delta < 1.25^2$: 0.986143083737157
$\delta < 1.25^3$: 0.9957490578074307
MAE: 1.5897807829036303
InvMAE: 5.568946999457716
InvRMSE: 8.978729841167942
LogMAE: 7.422899509865814
LogSI: 11.385111532164249
Chamfer: 0.632129642475561
F-Score: 51.715390187099665
IoU: 35.84308987490238
F-Score-20: 68.66689522719822
IoU-20: 53.30395523170752
