Ratio: 5.399999999999999
AbsRel: 4.394022326128823
SqRel: 3.946497844393764
RMSE: 2.5783577665686606
LogRMSE: 8.322276784351894
$\delta < 1.05$: 0.8010910427179321
$\delta < 1.1$: 0.9280872929213075
$\delta < 1.25$: 0.9816694745744189
$\delta < 1.25^2$: 0.9937800614378034
$\delta < 1.25^3$: 0.9967939445112025
MAE: 0.8944684174443994
InvMAE: 2.900361716917583
InvRMSE: 6.137862911394664
LogMAE: 3.964136312178203
LogSI: 8.032333852679153
Chamfer: 0.37562854453785754
F-Score: 65.64037620271955
IoU: 49.582686326163156
F-Score-20: 80.32517956869943
IoU-20: 67.76859917504447
