Ratio: 0.06653271295248323
AbsRel: 27.85384146976471
SqRel: 15.872430142536759
RMSE: 11.971711760401726
LogRMSE: 43.965428295612334
$\delta < 1.05$: 0.14157710191357012
$\delta < 1.1$: 0.26229948331294534
$\delta < 1.25$: 0.5250233639913678
$\delta < 1.25^2$: 0.7818666799712302
$\delta < 1.25^3$: 0.8963047502081225
MAE: 7.955354094743728
InvMAE: 1537.6923879229128
InvRMSE: 7215.757233126343
LogMAE: 31.219693619728087
LogSI: 42.82429575740444
Chamfer: 5.736434965932451
F-Score: 7.320908901324729
IoU: 4.006986415324034
F-Score-20: 14.001376617638394
IoU-20: 8.109682855382562
