Ratio: 21.260102865338325
AbsRel: 33.77636818790436
SqRel: 29.939754337072372
RMSE: 12.545790924668312
LogRMSE: 42.09031143569946
$\delta < 1.05$: 0.12386807215310482
$\delta < 1.1$: 0.23561634201928297
$\delta < 1.25$: 0.4912909249665481
$\delta < 1.25^2$: 0.7476640579646983
$\delta < 1.25^3$: 0.8738479280883439
MAE: 8.614475107491016
InvMAE: 21.233304760336875
InvRMSE: 28.35088617682457
LogMAE: 32.47652100753784
LogSI: 39.981065893048715
Chamfer: 5.094662487479311
F-Score: 7.811674969010055
IoU: 4.277841615125537
F-Score-20: 15.083508986324071
IoU-20: 8.757334185622632
