Ratio: 1.9623750925793195
AbsRel: 26.894889784880004
SqRel: 15.021757927327346
RMSE: 0.9179366681417194
LogRMSE: 31.639337950890216
$\delta < 1.05$: 0.1348539440003938
$\delta < 1.1$: 0.25819757356575745
$\delta < 1.25$: 0.5498661053989585
$\delta < 1.25^2$: 0.8407190723341065
$\delta < 1.25^3$: 0.9464228669673496
MAE: 0.700568675994873
InvMAE: 112.15212458864265
InvRMSE: 149.1936103225848
LogMAE: 25.34872912485665
LogSI: 30.365102457351718
