Ratio: 0.4692124488788443
AbsRel: 22.66801365289484
SqRel: 10.298715950516751
RMSE: 0.9127883231922391
LogRMSE: 28.79949215574002
$\delta < 1.05$: 0.15299128486515423
$\delta < 1.1$: 0.2900298900949017
$\delta < 1.25$: 0.5942239253564199
$\delta < 1.25^2$: 0.8636378220905453
$\delta < 1.25^3$: 0.9609418808980283
MAE: 0.6571510480289612
InvMAE: 149.73284639131037
InvRMSE: 838.5833028740839
LogMAE: 23.1647388512206
LogSI: 28.450245369473823
