Ratio: 0.5848737083230368
AbsRel: 38.894451313326805
SqRel: 62.412414429781506
RMSE: 7.358660622169241
LogRMSE: 70.77475987667103
$\delta < 1.05$: 0.13132799625807193
$\delta < 1.1$: 0.24357893980896433
$\delta < 1.25$: 0.458653368674178
$\delta < 1.25^2$: 0.673642596839833
$\delta < 1.25^3$: 0.7948834920052427
MAE: 3.8773106869969642
InvMAE: 4518.781148923299
InvRMSE: 24829.639192312472
LogMAE: 46.84836939852774
LogSI: 67.56532095218644
Chamfer: 2.7306303681878914
F-Score: 32.87939725173799
IoU: 25.40429165362404
F-Score-20: 44.96467323522908
IoU-20: 35.78063789014816
