Ratio: 5.113990804938038
AbsRel: 52.320747534624125
SqRel: 127.1778971155134
RMSE: 7.26494197624437
LogRMSE: 63.915779047035144
$\delta < 1.05$: 0.10899761032565558
$\delta < 1.1$: 0.21002755325707334
$\delta < 1.25$: 0.4337482608061068
$\delta < 1.25^2$: 0.6663404163003588
$\delta < 1.25^3$: 0.7807910898004385
MAE: 4.12591172051059
InvMAE: 235.01569505219825
InvRMSE: 329.01997174671965
LogMAE: 46.74876280321459
LogSI: 59.028008669815904
Chamfer: 3.299095190712638
F-Score: 30.934005205090823
IoU: 22.591503650324338
F-Score-20: 43.7229117273714
IoU-20: 34.03502810939647
