Ratio: 7.043526686391523
AbsRel: 32.48188985024729
SqRel: 51.61009227691158
RMSE: 9.817697024999127
LogRMSE: 37.65497730624291
$\delta < 1.05$: 0.15738757800689032
$\delta < 1.1$: 0.2976379587545878
$\delta < 1.25$: 0.5834647808567898
$\delta < 1.25^2$: 0.8175172956461512
$\delta < 1.25^3$: 0.9097735650430188
MAE: 5.582563715538671
InvMAE: 29.568118547624156
InvRMSE: 43.668231818906726
LogMAE: 27.694984614464545
LogSI: 36.29198349033601
Chamfer: 2.7576128617237097
F-Score: 12.496401042015322
IoU: 6.904086639304315
F-Score-20: 25.276748145934075
IoU-20: 15.28871582731124
Ratio-Edges: 7.681907498291116
AbsRel-Edges: 41.77790964537976
SqRel-Edges: 86.08228698178054
RMSE-Edges: 12.319905310430947
LogRMSE-Edges: 44.95707029205522
$\delta < 1.05$-Edges: 0.13289607122492764
$\delta < 1.1$-Edges: 0.24380454556549325
$\delta < 1.25$-Edges: 0.4867795372286107
$\delta < 1.25^2$-Edges: 0.7415218306506358
$\delta < 1.25^3$-Edges: 0.8672164777998492
MAE-Edges: 7.839895979300434
InvMAE-Edges: 28.45898889279833
InvRMSE-Edges: 42.921712035447165
LogMAE-Edges: 33.70171448763679
LogSI-Edges: 43.339257906150316
Chamfer-Edges: 4.526752739379483
F-Score-Edges: 7.496632949871565
IoU-Edges: 4.503687503534595
F-Score-20-Edges: 14.87227203799229
IoU-20-Edges: 9.161068114579892
DirAcc-Edges: 65.21916177875771
Dir (-)-Edges: 3.5348124814275135
Dir (+)-Edges: 31.24602573981478
EdgeAcc-Edges: 4.063400300821814
EdgeComp-Edges: 44.40506090346666
