Ratio: 6.870156340897084
AbsRel: 28.658523416519166
SqRel: 37.92245892614126
RMSE: 8.2340599873662
LogRMSE: 35.52438771724701
$\delta < 1.05$: 0.15926332587684905
$\delta < 1.1$: 0.29980097738686434
$\delta < 1.25$: 0.5953803286653172
$\delta < 1.25^2$: 0.8290529186479716
$\delta < 1.25^3$: 0.9210477627748895
MAE: 4.734087290018797
InvMAE: 26.444412484169007
InvRMSE: 36.1087637168169
LogMAE: 26.111660203933717
LogSI: 34.579641897848006
Chamfer: 2.5517071065193666
F-Score: 12.085264334082604
IoU: 6.601356418058276
F-Score-20: 24.32530231833458
IoU-20: 14.50496267259121
Ratio-Edges: 7.473255596756935
AbsRel-Edges: 35.120469002723695
SqRel-Edges: 54.53222974270582
RMSE-Edges: 9.868544320203364
LogRMSE-Edges: 41.79959685087204
$\delta < 1.05$-Edges: 0.13027512373044522
$\delta < 1.1$-Edges: 0.24647894415709432
$\delta < 1.25$-Edges: 0.5050345010810335
$\delta < 1.25^2$-Edges: 0.7656272450038187
$\delta < 1.25^3$-Edges: 0.8864948992431201
MAE-Edges: 6.23455429604277
InvMAE-Edges: 28.410518228411675
InvRMSE-Edges: 39.533831231594085
LogMAE-Edges: 31.313418149352074
LogSI-Edges: 40.65634928974314
Chamfer-Edges: 3.5880370394474563
F-Score-Edges: 7.075061695575714
IoU-Edges: 3.8811262556537987
F-Score-20-Edges: 15.417666563987732
IoU-20-Edges: 8.96800765812397
DirAcc-Edges: 69.19724320759242
Dir (-)-Edges: 4.092052968787474
Dir (+)-Edges: 26.710703823620108
EdgeAcc-Edges: 3.846277441463546
EdgeComp-Edges: 58.882180848322534
