Ratio: 0.1310690449964622
AbsRel: 23.58126507163048
SqRel: 16.696248595267534
RMSE: 8.188710176721216
LogRMSE: 38.31887521147728
$\delta < 1.05$: 0.17653070052057976
$\delta < 1.1$: 0.3318404652132989
$\delta < 1.25$: 0.6437130287302645
$\delta < 1.25^2$: 0.8512826957323566
$\delta < 1.25^3$: 0.9264481516434918
MAE: 4.579559355713427
InvMAE: 570.4383782112599
InvRMSE: 6441.393403204083
LogMAE: 24.72928865790367
LogSI: 37.74917239807691
Chamfer: 2.6172287193495127
F-Score: 12.911093678772449
IoU: 7.097980955913663
F-Score-20: 25.755021485686303
IoU-20: 15.601271592974662
Ratio-Edges: 0.11661747364662883
AbsRel-Edges: 28.891327996253967
SqRel-Edges: 20.389012447446586
RMSE-Edges: 9.328545464165508
LogRMSE-Edges: 40.83877491235733
$\delta < 1.05$-Edges: 0.13618526833693984
$\delta < 1.1$-Edges: 0.25544823036558745
$\delta < 1.25$-Edges: 0.5275081500483618
$\delta < 1.25^2$-Edges: 0.7829334544261874
$\delta < 1.25^3$-Edges: 0.8915051642358145
MAE-Edges: 5.907493115905672
InvMAE-Edges: 207.83212515234948
InvRMSE-Edges: 1974.0286356192828
LogMAE-Edges: 30.10409712076187
LogSI-Edges: 39.977426623206725
Chamfer-Edges: 4.026050281881615
F-Score-Edges: 6.757154635041952
IoU-Edges: 3.7453174070455133
F-Score-20-Edges: 14.551795714050531
IoU-20-Edges: 8.508287471458315
DirAcc-Edges: 72.3462313058896
Dir (-)-Edges: 6.231626023572138
Dir (+)-Edges: 21.42214267053825
EdgeAcc-Edges: 4.380581277884278
EdgeComp-Edges: 74.87863305853382
