Ratio: 0.15338980385157577
AbsRel: 26.258642800854098
SqRel: 26.442851463152515
RMSE: 9.802296597265428
LogRMSE: 51.78650117197344
$\delta < 1.05$: 0.17533832317808132
$\delta < 1.1$: 0.33134592352014625
$\delta < 1.25$: 0.6223441484242896
$\delta < 1.25^2$: 0.8243786400172425
$\delta < 1.25^3$: 0.9062207742059533
MAE: 5.472630156470883
InvMAE: 3133.8792705978885
InvRMSE: 21688.643097723685
LogMAE: 29.51083834771187
LogSI: 50.576197450395334
Chamfer: 2.637112005112962
F-Score: 14.285006225724374
IoU: 8.00106098180817
F-Score-20: 28.49822710075686
IoU-20: 17.747761731839947
Ratio-Edges: 0.13617998546861532
AbsRel-Edges: 31.560654530182383
SqRel-Edges: 30.857767878930552
RMSE-Edges: 10.932613981963177
LogRMSE-Edges: 48.98929225479076
$\delta < 1.05$-Edges: 0.13019985313933527
$\delta < 1.1$-Edges: 0.2502251126916611
$\delta < 1.25$-Edges: 0.5033905181335651
$\delta < 1.25^2$-Edges: 0.7543112643512715
$\delta < 1.25^3$-Edges: 0.8771682205301071
MAE-Edges: 7.0010348712891535
InvMAE-Edges: 1364.4907497459767
InvRMSE-Edges: 10484.62051593899
LogMAE-Edges: 33.20490297024546
LogSI-Edges: 47.74618389456805
Chamfer-Edges: 4.58768619225503
F-Score-Edges: 7.176673315173271
IoU-Edges: 4.115419974329035
F-Score-20-Edges: 14.976045971991969
IoU-20-Edges: 9.16397650841794
DirAcc-Edges: 67.58664547807679
Dir (-)-Edges: 5.051029691121775
Dir (+)-Edges: 27.36232483080143
EdgeAcc-Edges: 4.243693433562071
EdgeComp-Edges: 51.52377135054268
