Ratio: 0.3727218958012369
AbsRel: 24.075699508285524
SqRel: 12.469453140830993
RMSE: 1.4791496329069138
LogRMSE: 37.04946899223328
$\delta < 1.05$: 0.15860600952165224
$\delta < 1.1$: 0.30056899702237333
$\delta < 1.25$: 0.604471720265363
$\delta < 1.25^2$: 0.838270584548807
$\delta < 1.25^3$: 0.9048609947148152
MAE: 0.8359695757985115
InvMAE: 133.160884274292
InvRMSE: 568.8921681274414
LogMAE: 26.37244596786499
LogSI: 36.456133768696766
