Ratio: 1.965140419435501
AbsRel: 27.503038043594362
SqRel: 15.320582499980926
RMSE: 1.4740639105439186
LogRMSE: 39.08885505256653
$\delta < 1.05$: 0.14862914448646117
$\delta < 1.1$: 0.28088751313238347
$\delta < 1.25$: 0.5595954712845016
$\delta < 1.25^2$: 0.8019874308163958
$\delta < 1.25^3$: 0.8918484653360746
MAE: 0.8857892369091511
InvMAE: 116.59375187072754
InvRMSE: 151.10224354248047
LogMAE: 28.60796683769226
LogSI: 37.95258127764303
