Scale: 18.40848889906845
Shift: 0.0
AbsRel: 43.354545849855704
SqRel: 360.76052313708936
RMSE: 7.222059401963324
LogRMSE: 42.484042990902616
$\delta_{.05}$: 19.12143041524366
$\delta_{.1}$: 34.65377721530779
$\delta_{.25}$: 61.51396170233328
$\delta_{.25^2}$: 81.88958475231924
$\delta_{.25^3}$: 89.92727517274197
MAE: 4.3711780927106405
InvMAE: 36.84783403007439
InvRMSE: 91.8593829137862
LogMAE: 28.546185908296184
LogSI: 40.429527974898896
