Scale: 0.07957034221595911
Shift: 0.009526903913914404
AbsRel: 33.35891493072424
SqRel: 121.0536201533782
RMSE: 8.84903006816926
LogRMSE: 51.6060365828698
$\delta_{.05}$: 19.896809785236645
$\delta_{.1}$: 33.931703860775755
$\delta_{.25}$: 57.30472266708635
$\delta_{.25^2}$: 77.33018145339015
$\delta_{.25^3}$: 86.75896308889891
MAE: 5.152747804908742
InvMAE: 2372.4652959413056
InvRMSE: 12610.603221310093
LogMAE: 33.54379803396661
LogSI: 48.71017318713592
