Scale: 0.24786947538940424
Shift: 0.07611134549005352
AbsRel: 14.811116188489473
SqRel: 12.458859412395038
RMSE: 1.0336223788444812
LogRMSE: 25.9764483495859
$\delta_{.05}$: 28.995366812832632
$\delta_{.1}$: 50.22712999336004
$\delta_{.25}$: 80.8776259300945
$\delta_{.25^2}$: 94.85867949390595
$\delta_{.25^3}$: 98.06509169015393
MAE: 0.515361120402813
InvMAE: 1754.8358458827092
InvRMSE: 9115.298545887286
LogMAE: 15.955421664898212
LogSI: 25.617615061309362
