Scale: 5.1298601203698375
Shift: 0.0
AbsRel: 18.617184178278997
SqRel: 9.081369445323944
RMSE: 0.962125093638897
LogRMSE: 24.48323833025419
$\delta_{.05}$: 23.32821353405738
$\delta_{.1}$: 41.97524994739039
$\delta_{.25}$: 72.39437642858023
$\delta_{.25^2}$: 91.27180528452038
$\delta_{.25^3}$: 96.60554185747915
MAE: 0.6404319785191462
InvMAE: 87.56167308660653
InvRMSE: 125.12020093771127
LogMAE: 18.339276108374964
LogSI: 23.151260470020066
