Scale: 0.32322952744301836
Shift: -0.009327696863742803
AbsRel: 11.781527861178104
SqRel: 5.75469207882152
RMSE: 0.5500087480000947
LogRMSE: 16.31332079861142
$\delta_{.05}$: 33.523071660475416
$\delta_{.1}$: 57.151952951376906
$\delta_{.25}$: 86.88721268485226
$\delta_{.25^2}$: 97.66254343010316
$\delta_{.25^3}$: 99.41774752261423
MAE: 0.30449920511072565
InvMAE: 272.3578610668124
InvRMSE: 1853.6111443458346
LogMAE: 11.661043052279622
LogSI: 16.25423265242535
