Scale: 3.4983383677785915
Shift: 0.0
AbsRel: 13.451883968956974
SqRel: 4.416037243121625
RMSE: 0.4335563141362747
LogRMSE: 16.876145331502325
$\delta_{.05}$: 31.503417818839775
$\delta_{.1}$: 53.95732690297017
$\delta_{.25}$: 83.34716640284273
$\delta_{.25^2}$: 96.63407054096487
$\delta_{.25^3}$: 99.26328054046733
MAE: 0.30285050979151823
InvMAE: 66.29262251664375
InvRMSE: 93.50483558666451
LogMAE: 12.709310459069885
LogSI: 15.835386441223719
