Scale: 0.28608379832934244
Shift: 0.022308584089413955
AbsRel: 14.69071702671051
SqRel: 13.140773311716318
RMSE: 1.0768479132294655
LogRMSE: 22.689135561084747
$\delta_{.05}$: 27.48831227960115
$\delta_{.1}$: 50.63883650308703
$\delta_{.25}$: 81.4978155424002
$\delta_{.25^2}$: 93.61485705765806
$\delta_{.25^3}$: 97.33654900077153
MAE: 0.5364968294531107
InvMAE: 146.16657871513365
InvRMSE: 1186.948680205536
LogMAE: 15.13585650320053
LogSI: 22.511034725441924
