Scale: 3.5227923466682434
Shift: 0.0
AbsRel: 16.50959600791931
SqRel: 7.183697970819473
RMSE: 1.0143346108913422
LogRMSE: 24.05053094406128
$\delta_{.05}$: 24.762891703875518
$\delta_{.1}$: 45.53923218907362
$\delta_{.25}$: 76.76843172698968
$\delta_{.25^2}$: 92.04599282001936
$\delta_{.25^3}$: 96.80398855009331
MAE: 0.5707704396128654
InvMAE: 67.48606211471558
InvRMSE: 89.2409437904358
LogMAE: 16.962980952835082
LogSI: 23.11516818513251
