Scale: 23.01688518759381
Shift: 0.0
AbsRel: 43.588950395584106
SqRel: 362.6019095008015
RMSE: 7.64011999517011
LogRMSE: 44.18082344478556
$\delta_{.05}$: 19.99051891367685
$\delta_{.1}$: 35.617278303617866
$\delta_{.25}$: 61.1318532389061
$\delta_{.25^2}$: 80.05805164529238
$\delta_{.25^3}$: 88.56523198427006
MAE: 4.565975127666521
InvMAE: 36.617526134033376
InvRMSE: 91.91633874151204
LogMAE: 29.524877414575073
LogSI: 41.914526537036764
