Scale: 0.07238312988409415
Shift: -0.004935744770132418
AbsRel: 34.24443419685278
SqRel: 144.3892662885344
RMSE: 9.353697998841781
LogRMSE: 57.53714261354352
$\delta_{.05}$: 19.264943550410916
$\delta_{.1}$: 33.20215850911192
$\delta_{.25}$: 56.27718357286744
$\delta_{.25^2}$: 76.65234054932488
$\delta_{.25^3}$: 86.63052826213622
MAE: 5.3585483487277825
InvMAE: 3583.5611109257816
InvRMSE: 19239.773095838158
LogMAE: 35.205680730096965
LogSI: 54.55265467726403
