Scale: 0.24157703241529693
Shift: -0.00899193636235517
AbsRel: 14.399196670972383
SqRel: 11.776684782413335
RMSE: 1.1253624997459926
LogRMSE: 27.572645212320182
$\delta_{.05}$: 29.622271987053868
$\delta_{.1}$: 51.59763473543412
$\delta_{.25}$: 82.21119140621562
$\delta_{.25^2}$: 95.05341674372161
$\delta_{.25^3}$: 98.0774478455614
MAE: 0.5291599423839496
InvMAE: 2290.349765891295
InvRMSE: 11667.528878382169
LogMAE: 15.944690066851102
LogSI: 27.147545142055556
