Scale: 6.530855154257554
Shift: 0.0
AbsRel: 17.178054112654465
SqRel: 8.922014941252195
RMSE: 1.025820032610343
LogRMSE: 23.262522599146916
$\delta_{.05}$: 27.136008621036357
$\delta_{.1}$: 47.11922622846408
$\delta_{.25}$: 76.60257578596074
$\delta_{.25^2}$: 91.93117189352888
$\delta_{.25^3}$: 96.62243987130407
MAE: 0.6292824899233305
InvMAE: 79.55737421916082
InvRMSE: 118.01764819512
LogMAE: 16.84283036011916
LogSI: 22.03065532663106
