Scale: 0.29560850864933524
Shift: -0.06343181763536095
AbsRel: 11.263062894526607
SqRel: 6.148957176880187
RMSE: 0.5525182935121592
LogRMSE: 15.602738617757044
$\delta_{.05}$: 35.52997797298173
$\delta_{.1}$: 59.498490254664475
$\delta_{.25}$: 87.91837235525246
$\delta_{.25^2}$: 97.7408583322822
$\delta_{.25^3}$: 99.40882645450344
MAE: 0.29455440169035113
InvMAE: 197.06708308753616
InvRMSE: 1519.9553057775586
LogMAE: 11.126656767060632
LogSI: 15.54443555717377
