Scale: 4.194878928340539
Shift: 0.0
AbsRel: 12.786772448353082
SqRel: 4.046781730419452
RMSE: 0.41408338679131745
LogRMSE: 16.44774650725385
$\delta_{.05}$: 33.42017289327306
$\delta_{.1}$: 55.82450131990882
$\delta_{.25}$: 84.0597286890484
$\delta_{.25^2}$: 96.6718176154152
$\delta_{.25^3}$: 99.26593061706721
MAE: 0.2872752951976447
InvMAE: 65.10339275850069
InvRMSE: 92.38289643208915
LogMAE: 12.319852690813374
LogSI: 15.565816296338818
