Scale: 4.2200594609260556
Shift: 0.0
AbsRel: 15.402942139053344
SqRel: 6.869196274065971
RMSE: 1.170211472606659
LogRMSE: 26.447828009033202
$\delta_{.05}$: 31.45548158006725
$\delta_{.1}$: 53.4242726378286
$\delta_{.25}$: 79.12706703210242
$\delta_{.25^2}$: 90.02649049358807
$\delta_{.25^3}$: 94.25332214039537
MAE: 0.6031464455366135
InvMAE: 65.15405090332031
InvRMSE: 90.49099784851074
LogMAE: 17.03355203666687
LogSI: 25.258150221031542
