Scale: 0.2675980733581948
Shift: -0.03766365942213354
AbsRel: 14.76213118724823
SqRel: 13.530738411962986
RMSE: 1.1925493849486113
LogRMSE: 24.42415268917084
$\delta_{.05}$: 31.048121330865648
$\delta_{.1}$: 54.17550773425343
$\delta_{.25}$: 81.82035323674464
$\delta_{.25^2}$: 91.99176852434735
$\delta_{.25^3}$: 95.66619055304022
MAE: 0.5750164111971855
InvMAE: 112.94663863143921
InvRMSE: 1036.0805923866271
LogMAE: 15.578510692596435
LogSI: 24.205223352039553
