Ratio: 0.20971997265025707
AbsRel: 25.504966656684875
SqRel: 23.751882798194885
RMSE: 36.539950191020964
LogRMSE: 207.69687849998473
$\delta < 1.05$: 0.18471373219561213
$\delta < 1.1$: 0.355248141180218
$\delta < 1.25$: 0.7015864550632223
$\delta < 1.25^2$: 0.8489743233892162
$\delta < 1.25^3$: 0.8992364344421033
MAE: 14.851938704967498
InvMAE: 36758.76197191096
InvRMSE: 172836.97007686616
LogMAE: 63.5382181224823
LogSI: 202.44430765277892
Chamfer: 3.2882359088883097
F-Score: 8.289241405010223
IoU: 4.368166533470154
F-Score-20: 24.556832401752473
IoU-20: 14.189791394233703
