Ratio: 7.578969705104828
AbsRel: 26.826220558166504
SqRel: 16.624365159034728
RMSE: 18.357642251968382
LogRMSE: 34.862085130691526
$\delta < 1.05$: 0.12949496005354086
$\delta < 1.1$: 0.24679979774604635
$\delta < 1.25$: 0.5201933551566473
$\delta < 1.25^2$: 0.8203624297102827
$\delta < 1.25^3$: 0.9448698168842794
MAE: 9.467076866149903
InvMAE: 14.510531525611878
InvRMSE: 21.715091530799867
LogMAE: 26.751742797851563
LogSI: 34.263090773884045
Chamfer: 3.026735397739766
F-Score: 4.377921926736832
IoU: 2.2675009079277517
F-Score-20: 13.371054396390916
IoU-20: 7.298665697038174
