Ratio: 0.13347282161287324
AbsRel: 39.99976644815351
SqRel: 107.15742870831168
RMSE: 9.928712052481057
LogRMSE: 59.61679375438947
$\delta < 1.05$: 0.10937672939822254
$\delta < 1.1$: 0.20976230912652116
$\delta < 1.25$: 0.4413053779341032
$\delta < 1.25^2$: 0.6882620584883021
$\delta < 1.25^3$: 0.8143075170471245
MAE: 6.164352181380105
InvMAE: 1589.6392796531386
InvRMSE: 10651.60766937273
LogMAE: 41.69057914494399
LogSI: 56.32510010914455
