Ratio: 0.12485069235370767
AbsRel: 19.44222836274367
SqRel: 10.003226025654719
RMSE: 1.0900015369057656
LogRMSE: 26.92483203447782
$\delta < 1.05$: 0.21059125280395935
$\delta < 1.1$: 0.3813296108564188
$\delta < 1.25$: 0.7029692711015211
$\delta < 1.25^2$: 0.89791986788049
$\delta < 1.25^3$: 0.9567782416473585
MAE: 0.7186848046458685
InvMAE: 140.9127159147996
InvRMSE: 508.87922730372503
LogMAE: 20.32342739545382
LogSI: 26.53511480160355
