Ratio: 9.99466307922329
AbsRel: 58.23078664001328
SqRel: 481.5228822739135
RMSE: 9.625398013891125
LogRMSE: 55.118843313824435
$\delta < 1.05$: 0.10537363129834958
$\delta < 1.1$: 0.2030084045833689
$\delta < 1.25$: 0.4353861684111815
$\delta < 1.25^2$: 0.6944570990282153
$\delta < 1.25^3$: 0.8240372847262334
MAE: 6.24803258699152
InvMAE: 46.43691419485973
InvRMSE: 99.28667419801378
LogMAE: 40.1781299338747
LogSI: 52.30516934359618
