Ratio: 2.939493678166316
AbsRel: 32.62721101907584
SqRel: 24.433225484994743
RMSE: 1.5412760627269746
LogRMSE: 39.58506587982178
$\delta < 1.05$: 0.12196497543570772
$\delta < 1.1$: 0.23514183469914446
$\delta < 1.25$: 0.498929617717334
$\delta < 1.25^2$: 0.7719203839238317
$\delta < 1.25^3$: 0.8977716240396162
MAE: 1.0908327851845667
InvMAE: 139.46067816954394
InvRMSE: 183.21090007781982
LogMAE: 30.948871512779824
LogSI: 38.20671907504034
