Ratio: 5.399999999999999
AbsRel: 7.9246127645662225
SqRel: 2.758374582587576
RMSE: 3.751180533799657
LogRMSE: 12.564342168211205
$\delta < 1.05$: 0.5417965261921286
$\delta < 1.1$: 0.7607347163726224
$\delta < 1.25$: 0.9314085174631339
$\delta < 1.25^2$: 0.9847864775537439
$\delta < 1.25^3$: 0.9953822483642508
MAE: 1.6251622163262105
InvMAE: 5.864374315628976
InvRMSE: 9.523509470231694
LogMAE: 7.7046486881613
LogSI: 11.826230696484961
Chamfer: 0.6467604081764771
F-Score: 50.56681414250216
IoU: 34.84605368953541
F-Score-20: 67.90518307247045
IoU-20: 52.40396835760105
