Ratio: 5.399999999999999
AbsRel: 5.240644114358084
SqRel: 3.835818339958787
RMSE: 2.6618352409345762
LogRMSE: 9.078256968770708
$\delta < 1.05$: 0.7184412449010378
$\delta < 1.1$: 0.9089119280378362
$\delta < 1.25$: 0.9792102733785376
$\delta < 1.25^2$: 0.9929430462901873
$\delta < 1.25^3$: 0.9964072055160302
MAE: 1.0099417961921011
InvMAE: 3.6733658143452237
InvRMSE: 6.965803386994771
LogMAE: 4.80362190246582
LogSI: 8.508423788349377
Chamfer: 0.4088536321251638
F-Score: 60.127542918069025
IoU: 43.757669849395754
F-Score-20: 77.15234927586147
IoU-20: 63.560173664093014
