Ratio: 0.07060487055647321
AbsRel: 27.748120463132857
SqRel: 17.303688823640346
RMSE: 11.872481240868568
LogRMSE: 43.9839325094223
$\delta < 1.05$: 0.142894866593115
$\delta < 1.1$: 0.2642582167719983
$\delta < 1.25$: 0.5311496065571878
$\delta < 1.25^2$: 0.7880950870218307
$\delta < 1.25^3$: 0.8988565818321623
MAE: 7.88186765447259
InvMAE: 1627.419518694997
InvRMSE: 8144.518864601374
LogMAE: 30.946404259681703
LogSI: 42.91633277535091
Chamfer: 5.272264042618384
F-Score: 7.17466113576293
IoU: 3.9245528442449866
F-Score-20: 13.827729225240647
IoU-20: 7.994418540565064
