Ratio: 21.674143349647522
AbsRel: 34.472707790374756
SqRel: 33.49024363994599
RMSE: 12.460277243971825
LogRMSE: 41.30278401851654
$\delta < 1.05$: 0.12944148004607833
$\delta < 1.1$: 0.2467714918128058
$\delta < 1.25$: 0.5067243100468006
$\delta < 1.25^2$: 0.7562138020908147
$\delta < 1.25^3$: 0.8756304870056026
MAE: 8.522598379731178
InvMAE: 20.40281045460701
InvRMSE: 27.46373317408562
LogMAE: 31.701266887664794
LogSI: 39.326829621454166
Chamfer: 4.871228602373762
F-Score: 7.557886585533619
IoU: 4.1377743908539415
F-Score-20: 14.650933025121688
IoU-20: 8.501517711102963
