Ratio: 2.036636690298716
AbsRel: 29.35188603474095
SqRel: 18.641589128825277
RMSE: 0.9692335285998266
LogRMSE: 33.115426410593386
$\delta < 1.05$: 0.12847061343596747
$\delta < 1.1$: 0.24636782853081796
$\delta < 1.25$: 0.528334610107126
$\delta < 1.25^2$: 0.8249193427640255
$\delta < 1.25^3$: 0.9379039527685993
MAE: 0.7400310612098522
InvMAE: 115.82479230198291
InvRMSE: 155.28850043293897
LogMAE: 26.496214503542
LogSI: 31.391234468446303
