Ratio: 0.458484791687546
AbsRel: 23.64055257908066
SqRel: 13.437541048370006
RMSE: 1.0054177049695534
LogRMSE: 30.073081925010097
$\delta < 1.05$: 0.14586376567252649
$\delta < 1.1$: 0.2778156066880385
$\delta < 1.25$: 0.5805251488543904
$\delta < 1.25^2$: 0.855762665954955
$\delta < 1.25^3$: 0.9556506213632459
MAE: 0.6846269149709185
InvMAE: 251.6752019526397
InvRMSE: 1565.5279195855517
LogMAE: 24.005729817469184
LogSI: 29.714637295589775
