Ratio: 5.515450082013482
AbsRel: 53.35568443747799
SqRel: 141.7417249966377
RMSE: 7.129411942401286
LogRMSE: 63.646416143024936
$\delta < 1.05$: 0.1085997616247676
$\delta < 1.1$: 0.20784217703429725
$\delta < 1.25$: 0.44317480709422985
$\delta < 1.25^2$: 0.6749439280552028
$\delta < 1.25^3$: 0.7776038913592801
MAE: 3.9818742284435404
InvMAE: 231.9212025297886
InvRMSE: 321.25207054398277
LogMAE: 46.538645982970465
LogSI: 59.301498211321906
Chamfer: 3.2656417524473302
F-Score: 29.87210138948483
IoU: 22.071951249482456
F-Score-20: 42.371637470328636
IoU-20: 33.3234704198592
