Ratio: 0.6295827951184975
AbsRel: 41.08530909256502
SqRel: 79.50611494950167
RMSE: 7.6596566472541205
LogRMSE: 76.4947368414208
$\delta < 1.05$: 0.11923757519965847
$\delta < 1.1$: 0.21960762543368964
$\delta < 1.25$: 0.433353573611814
$\delta < 1.25^2$: 0.6646008001531155
$\delta < 1.25^3$: 0.7827212773333089
MAE: 4.041504886414874
InvMAE: 7067.528412440262
InvRMSE: 30128.24342144488
LogMAE: 50.61342319050474
LogSI: 72.78288881841333
Chamfer: 2.824578617414789
F-Score: 30.529708341927083
IoU: 23.39104227931573
F-Score-20: 43.212339839116005
IoU-20: 34.485559542666294
