Ratio: 6.997715190610578
AbsRel: 32.47384172316521
SqRel: 51.17049437992034
RMSE: 9.5533237552066
LogRMSE: 37.68089460803616
$\delta < 1.05$: 0.15745260071680456
$\delta < 1.1$: 0.29719182135661154
$\delta < 1.25$: 0.5805442844386696
$\delta < 1.25^2$: 0.8136072235008126
$\delta < 1.25^3$: 0.9085731118025715
MAE: 5.500221184761293
InvMAE: 29.976547173530825
InvRMSE: 44.06708968870102
LogMAE: 27.837808509949713
LogSI: 36.353911495944764
Chamfer: 2.814478680055423
F-Score: 12.306442935236038
IoU: 6.785427087506941
F-Score-20: 25.014885888407306
IoU-20: 15.132348631658862
Ratio-Edges: 7.6755011103511634
AbsRel-Edges: 40.71925343501022
SqRel-Edges: 78.95407458347043
RMSE-Edges: 11.835477503608255
LogRMSE-Edges: 44.33315809972925
$\delta < 1.05$-Edges: 0.130832727270004
$\delta < 1.1$-Edges: 0.24237046360436332
$\delta < 1.25$-Edges: 0.49045259697257315
$\delta < 1.25^2$-Edges: 0.745855371858944
$\delta < 1.25^3$-Edges: 0.8688785976260188
MAE-Edges: 7.572786060223977
InvMAE-Edges: 28.514171526322958
InvRMSE-Edges: 42.760316306157826
LogMAE-Edges: 33.312357484904766
LogSI-Edges: 42.79215608258721
Chamfer-Edges: 4.504087493818218
F-Score-Edges: 7.3246885686187575
IoU-Edges: 4.4154915384169104
F-Score-20-Edges: 14.501823935750263
IoU-20-Edges: 8.922311763231662
DirAcc-Edges: 65.17051474031213
Dir (-)-Edges: 3.657346665439511
Dir (+)-Edges: 31.172138594248356
EdgeAcc-Edges: 4.231280116756328
EdgeComp-Edges: 59.84196164937966
