Ratio: 6.826462129354477
AbsRel: 29.072036933898925
SqRel: 37.089160829782486
RMSE: 8.204037172794342
LogRMSE: 35.845985004901884
$\delta < 1.05$: 0.15267689012579663
$\delta < 1.1$: 0.2889835725782048
$\delta < 1.25$: 0.5845973080049853
$\delta < 1.25^2$: 0.8238596190054807
$\delta < 1.25^3$: 0.9199649973880258
MAE: 4.775939559042453
InvMAE: 26.850505622625352
InvRMSE: 36.43107965648174
LogMAE: 26.56402503490448
LogSI: 34.88212508077085
Chamfer: 2.5812842325757397
F-Score: 11.391688445806503
IoU: 6.20431009709835
F-Score-20: 23.11901502609253
IoU-20: 13.72187906473875
Ratio-Edges: 7.420510768294334
AbsRel-Edges: 35.34254804134369
SqRel-Edges: 51.704914201945066
RMSE-Edges: 9.767090706080198
LogRMSE-Edges: 41.93242504477501
$\delta < 1.05$-Edges: 0.12773529497866137
$\delta < 1.1$-Edges: 0.24258593538678866
$\delta < 1.25$-Edges: 0.5035894936750686
$\delta < 1.25^2$-Edges: 0.7642604976123599
$\delta < 1.25^3$-Edges: 0.8842327194087065
MAE-Edges: 6.2444965733587745
InvMAE-Edges: 28.42677542835474
InvRMSE-Edges: 39.60325978338719
LogMAE-Edges: 31.500093126296996
LogSI-Edges: 40.74473389059082
Chamfer-Edges: 3.6053986007642207
F-Score-Edges: 6.910681483075023
IoU-Edges: 3.7994018099084497
F-Score-20-Edges: 15.008117757588625
IoU-20-Edges: 8.745028001591564
DirAcc-Edges: 69.32864856357283
Dir (-)-Edges: 4.231142075238976
Dir (+)-Edges: 26.4402093611882
EdgeAcc-Edges: 3.9804043936086413
EdgeComp-Edges: 80.58404665342985
