Ratio: 0.1567694739055675
AbsRel: 26.494475558188654
SqRel: 27.569302345745026
RMSE: 9.639506242082964
LogRMSE: 48.70640368492373
$\delta < 1.05$: 0.1725218682567387
$\delta < 1.1$: 0.32650307512706583
$\delta < 1.25$: 0.6157222932392122
$\delta < 1.25^2$: 0.8225696245980596
$\delta < 1.25^3$: 0.9051038047141738
MAE: 5.424684876924561
InvMAE: 2428.326522668408
InvRMSE: 17587.71195214733
LogMAE: 29.07562963578009
LogSI: 47.5629298466145
Chamfer: 2.7457345294217217
F-Score: 13.787485716285245
IoU: 7.70727652037336
F-Score-20: 27.73189849433399
IoU-20: 17.22381781549944
Ratio-Edges: 0.1331052286890719
AbsRel-Edges: 31.48735011293997
SqRel-Edges: 29.315610383986648
RMSE-Edges: 10.82808935105606
LogRMSE-Edges: 47.67220944454468
$\delta < 1.05$-Edges: 0.13262815115399523
$\delta < 1.1$-Edges: 0.25121805152880616
$\delta < 1.25$-Edges: 0.5038708844500028
$\delta < 1.25^2$-Edges: 0.7516372695286614
$\delta < 1.25^3$-Edges: 0.8762511846095401
MAE-Edges: 6.95423631134376
InvMAE-Edges: 1105.243229525853
InvRMSE-Edges: 8713.902263029495
LogMAE-Edges: 32.99164248323129
LogSI-Edges: 46.41715639345177
Chamfer-Edges: 4.689338175373425
F-Score-Edges: 7.046570258076285
IoU-Edges: 4.05124087751983
F-Score-20-Edges: 14.508127325539496
IoU-20-Edges: 8.819372945244796
DirAcc-Edges: 67.57779310602737
Dir (-)-Edges: 5.096615558318895
Dir (+)-Edges: 27.325591335653733
EdgeAcc-Edges: 4.433343354218556
EdgeComp-Edges: 65.90199175325773
