Ratio: 0.13160885131122918
AbsRel: 23.80142530322075
SqRel: 17.02127819813788
RMSE: 8.107308495640755
LogRMSE: 37.40228264808655
$\delta < 1.05$: 0.1711058896109997
$\delta < 1.1$: 0.32601828948324685
$\delta < 1.25$: 0.637218559051325
$\delta < 1.25^2$: 0.8508861613794586
$\delta < 1.25^3$: 0.9262309094963463
MAE: 4.5809634592756625
InvMAE: 415.33218839406965
InvRMSE: 5876.32962523222
LogMAE: 24.790317785739898
LogSI: 36.843886632909296
Chamfer: 2.6616497317548933
F-Score: 12.274226901233197
IoU: 6.717450528144837
F-Score-20: 24.878445240855218
IoU-20: 14.992823969125748
Ratio-Edges: 0.11506276337727644
AbsRel-Edges: 29.121716905236244
SqRel-Edges: 20.598341550901534
RMSE-Edges: 9.353480307012797
LogRMSE-Edges: 40.721345927715305
$\delta < 1.05$-Edges: 0.13528104358683724
$\delta < 1.1$-Edges: 0.2527683980371033
$\delta < 1.25$-Edges: 0.5224611173322894
$\delta < 1.25^2$-Edges: 0.780078803404166
$\delta < 1.25^3$-Edges: 0.8918461558002561
MAE-Edges: 5.9562411558441815
InvMAE-Edges: 186.14331175744533
InvRMSE-Edges: 1598.9266329735517
LogMAE-Edges: 30.288970272541047
LogSI-Edges: 39.83860868994604
Chamfer-Edges: 4.137701296268419
F-Score-Edges: 6.782393683195114
IoU-Edges: 3.79156456399709
F-Score-20-Edges: 14.301637284085155
IoU-20-Edges: 8.4110676606372
DirAcc-Edges: 72.13788244766505
Dir (-)-Edges: 6.3584103153801355
Dir (+)-Edges: 21.503707236954806
EdgeAcc-Edges: 4.6118664038117405
EdgeComp-Edges: 93.6206201400616
