Ratio: 0.3967882929456203
AbsRel: 25.000061881637574
SqRel: 15.45059181098938
RMSE: 1.5167170958161353
LogRMSE: 37.54096508178711
$\delta < 1.05$: 0.14297007165082717
$\delta < 1.1$: 0.2772747002881451
$\delta < 1.25$: 0.5882804038031921
$\delta < 1.25^2$: 0.8346936366004942
$\delta < 1.25^3$: 0.9048703081699914
MAE: 0.8592416088163852
InvMAE: 173.58559683532715
InvRMSE: 975.1940206832886
LogMAE: 27.03195637588501
LogSI: 36.955740600664704
