Ratio: 2.0407895514726637
AbsRel: 28.832760676956177
SqRel: 16.804840738105774
RMSE: 1.4493246690750121
LogRMSE: 38.805699059295655
$\delta < 1.05$: 0.14627588000683145
$\delta < 1.1$: 0.2744410010943075
$\delta < 1.25$: 0.5414659777555922
$\delta < 1.25^2$: 0.7937589479833774
$\delta < 1.25^3$: 0.8930890392992493
MAE: 0.8962566187024117
InvMAE: 117.10041719665527
InvRMSE: 151.29041596679687
LogMAE: 28.875107089996337
LogSI: 38.02154133564493
