Ratio: 8.525687923431397
AbsRel: 25.204993552207945
SqRel: 18.954097576618196
RMSE: 17.17937719631195
LogRMSE: 32.20244628334046
$\delta < 1.05$: 0.15722694137526383
$\delta < 1.1$: 0.2949006478766452
$\delta < 1.25$: 0.5809850259118962
$\delta < 1.25^2$: 0.8321091692030709
$\delta < 1.25^3$: 0.9591739520182018
MAE: 8.584733557224274
InvMAE: 14.011730500221253
InvRMSE: 22.66536612033844
LogMAE: 24.237479462623597
LogSI: 31.63910612200815
Chamfer: 2.8900377089030167
F-Score: 4.912584935933351
IoU: 2.5308444370925427
F-Score-20: 15.836489656209945
IoU-20: 8.708992604017258
