Ratio: 0.19220269971645212
AbsRel: 28.999978749275208
SqRel: 32.934241856098176
RMSE: 40.915800061225895
LogRMSE: 251.58137592697145
$\delta < 1.05$: 0.16403516743895596
$\delta < 1.1$: 0.3155095565520174
$\delta < 1.25$: 0.6871782808287846
$\delta < 1.25^2$: 0.8389374828527089
$\delta < 1.25^3$: 0.8859625893272741
MAE: 16.929428216934205
InvMAE: 50316.71655557633
InvRMSE: 212862.71912456417
LogMAE: 79.51224744033813
LogSI: 244.20588139617564
Chamfer: 3.6019788876644463
F-Score: 7.684077594399453
IoU: 4.07856069919467
F-Score-20: 22.476368610858916
IoU-20: 12.870536830663681
