Ratio: 0.14558650376523327
AbsRel: 39.43178307956644
SqRel: 109.27130822964314
RMSE: 10.060890485353
LogRMSE: 60.231538381277176
$\delta < 1.05$: 0.1192543705843281
$\delta < 1.1$: 0.22525494977770327
$\delta < 1.25$: 0.4604722837890689
$\delta < 1.25^2$: 0.6990267804486489
$\delta < 1.25^3$: 0.8191714472720761
MAE: 6.097476647841022
InvMAE: 1857.454219779626
InvRMSE: 13125.51641683835
LogMAE: 40.89256501732386
LogSI: 57.03098666862875
