Ratio: 9.635529072562676
AbsRel: 57.050402613498704
SqRel: 498.77528737906385
RMSE: 9.39122565177524
LogRMSE: 53.39840842148648
$\delta < 1.05$: 0.12065179378723274
$\delta < 1.1$: 0.22944299370397095
$\delta < 1.25$: 0.47373723247199134
$\delta < 1.25^2$: 0.7179667880415216
$\delta < 1.25^3$: 0.8349161741272828
MAE: 5.964923614744648
InvMAE: 44.63117442537316
InvRMSE: 98.28665885796995
LogMAE: 38.22030256895741
LogSI: 50.79398705682945
