Ratio: 0.0873188766388078
AbsRel: 19.866128024321338
SqRel: 17.83412646623758
RMSE: 1.2597619438400636
LogRMSE: 28.335590396294226
$\delta < 1.05$: 0.21138188632730173
$\delta < 1.1$: 0.3840628236965355
$\delta < 1.25$: 0.7018691836232912
$\delta < 1.25^2$: 0.8995588364979877
$\delta < 1.25^3$: 0.9549214403476339
MAE: 0.7370652595850138
InvMAE: 361.67569116812484
InvRMSE: 2407.8905224756095
LogMAE: 20.664259686103232
LogSI: 27.914368333074552
