Ratio: 2.7085957571176382
AbsRel: 61.027412182734565
SqRel: 193.95813934032734
RMSE: 3.2577577144824543
LogRMSE: 57.61486719278189
$\delta < 1.05$: 0.11020498958781984
$\delta < 1.1$: 0.21042284448236764
$\delta < 1.25$: 0.43810254382525377
$\delta < 1.25^2$: 0.6812698672358883
$\delta < 1.25^3$: 0.8089443686416901
MAE: 1.7597431750251697
InvMAE: 169.43661220257098
InvRMSE: 218.25295195946327
LogMAE: 42.01609994448148
LogSI: 55.60962469728428
