Ratio: 5.399999999999999
AbsRel: 8.04664207236167
SqRel: 2.699397205232294
RMSE: 3.916909302944786
LogRMSE: 12.314508116318404
$\delta < 1.05$: 0.5372378784348719
$\delta < 1.1$: 0.7575156180585197
$\delta < 1.25$: 0.9313977214580877
$\delta < 1.25^2$: 0.9854604264083144
$\delta < 1.25^3$: 0.9956237837657356
MAE: 1.6597318365895675
InvMAE: 5.8407676079156206
InvRMSE: 9.187073763162811
LogMAE: 7.69799679664015
LogSI: 11.456202885736754
Chamfer: 0.6591423212805774
F-Score: 50.12732648118142
IoU: 34.488556954026954
F-Score-20: 67.62902500439276
IoU-20: 52.130220155043105
