Ratio: 5.399999999999999
AbsRel: 5.3202194862706325
SqRel: 1.7833653540164232
RMSE: 2.885074104538986
LogRMSE: 8.579965886388505
$\delta < 1.05$: 0.6864625574937988
$\delta < 1.1$: 0.8896412994483132
$\delta < 1.25$: 0.9777334112018863
$\delta < 1.25^2$: 0.994489998776336
$\delta < 1.25^3$: 0.9976777358075567
MAE: 1.1245250426871436
InvMAE: 3.682660015821457
InvRMSE: 6.269587101084846
LogMAE: 4.971835909741265
LogSI: 7.730611522468078
Chamfer: 0.4468701553527319
F-Score: 58.53256658281599
IoU: 42.12991609641484
F-Score-20: 75.94509435381208
IoU-20: 61.95821222986494
