Ratio: 21.817809033036234
AbsRel: 32.79658238124848
SqRel: 29.858569536805152
RMSE: 12.328778625130653
LogRMSE: 40.4295809211731
$\delta < 1.05$: 0.1346549373344667
$\delta < 1.1$: 0.2544277295211548
$\delta < 1.25$: 0.5220632842363155
$\delta < 1.25^2$: 0.7675668976673978
$\delta < 1.25^3$: 0.8820223201360217
MAE: 8.285502539217472
InvMAE: 19.904750729084014
InvRMSE: 26.903364976763726
LogMAE: 30.859146379470825
LogSI: 38.564818467998165
Chamfer: 4.512640474114426
F-Score: 9.03540233169496
IoU: 4.987804655574262
F-Score-20: 17.2203095818758
IoU-20: 10.125608552455903
