Ratio: 0.0784940973356127
AbsRel: 27.366474594593047
SqRel: 17.42304024191201
RMSE: 11.93570264607668
LogRMSE: 48.7208348197937
$\delta < 1.05$: 0.145492570769957
$\delta < 1.1$: 0.2696147513859747
$\delta < 1.25$: 0.5389660598352006
$\delta < 1.25^2$: 0.795785211754241
$\delta < 1.25^3$: 0.9033712166546256
MAE: 7.813792186051607
InvMAE: 2767.7857140486835
InvRMSE: 15777.72903789705
LogMAE: 31.459955487012863
LogSI: 47.51929398714525
Chamfer: 4.516616143144882
F-Score: 8.870738742627204
IoU: 4.9011605488071215
F-Score-20: 16.85756969456002
IoU-20: 9.91792854364775
