Ratio: 0.5628085739373762
AbsRel: 23.546090048022954
SqRel: 25.203478037126203
RMSE: 1.3065563633992403
LogRMSE: 32.316583199603116
$\delta < 1.05$: 0.15611786801338098
$\delta < 1.1$: 0.2968803519383375
$\delta < 1.25$: 0.6057698061457429
$\delta < 1.25^2$: 0.8729367156045343
$\delta < 1.25^3$: 0.9607508711801901
MAE: 0.6956050024347933
InvMAE: 761.9005180440547
InvRMSE: 7635.644363012518
LogMAE: 23.32373492068836
LogSI: 31.98240850317272
