Ratio: 2.0013806873687545
AbsRel: 27.749305987576825
SqRel: 24.263791235215074
RMSE: 1.0794696404345174
LogRMSE: 32.44428435742673
$\delta < 1.05$: 0.15527646639264742
$\delta < 1.1$: 0.29209704583258983
$\delta < 1.25$: 0.5893312986994341
$\delta < 1.25^2$: 0.8449433156020733
$\delta < 1.25^3$: 0.9399754926090693
MAE: 0.7083381411223602
InvMAE: 107.98227697483262
InvRMSE: 148.67562456160147
LogMAE: 24.648403290214887
LogSI: 31.07709601506641
