Ratio: 5.26905239665052
AbsRel: 51.76234526394657
SqRel: 128.52762567565807
RMSE: 7.074963309455431
LogRMSE: 61.521051220346294
$\delta < 1.05$: 0.12066088465621673
$\delta < 1.1$: 0.22804539855884703
$\delta < 1.25$: 0.46543246040172426
$\delta < 1.25^2$: 0.6850402515442148
$\delta < 1.25^3$: 0.7818876306050502
MAE: 3.9885471071424097
InvMAE: 216.09426904152454
InvRMSE: 302.7858823832427
LogMAE: 44.78659272821326
LogSI: 57.41538905201651
Chamfer: 2.9395950791819287
F-Score: 32.64226947381166
IoU: 24.867500593488295
F-Score-20: 44.768840169450314
IoU-20: 35.28879798265736
