Ratio: 0.6903191273116938
AbsRel: 39.6432396415318
SqRel: 72.93053178214356
RMSE: 7.638860171452236
LogRMSE: 83.61005558887737
$\delta < 1.05$: 0.13086897059003125
$\delta < 1.1$: 0.2351341909770734
$\delta < 1.25$: 0.45271767869931395
$\delta < 1.25^2$: 0.6769874468653609
$\delta < 1.25^3$: 0.7978799221598575
MAE: 3.9580509717598487
InvMAE: 9544.609938118647
InvRMSE: 44698.73686137935
LogMAE: 50.756033818915704
LogSI: 79.7430285845627
Chamfer: 2.337239134667082
F-Score: 33.998562090997204
IoU: 26.646176801924927
F-Score-20: 45.85130860625307
IoU-20: 36.89073900500107
