Ratio: 0.15547676441997624
AbsRel: 26.2128328329517
SqRel: 24.36400750969687
RMSE: 9.807104447868563
LogRMSE: 51.7810125917004
$\delta < 1.05$: 0.1709004286330408
$\delta < 1.1$: 0.3233593859604372
$\delta < 1.25$: 0.6172919856906762
$\delta < 1.25^2$: 0.8245991976403765
$\delta < 1.25^3$: 0.9063600859358386
MAE: 5.484066342298061
InvMAE: 3862.707663967071
InvRMSE: 22077.178385720406
LogMAE: 30.240302270458592
LogSI: 50.38210855053111
Chamfer: 2.528421632164495
F-Score: 13.959839661582823
IoU: 7.7859467581972
F-Score-20: 27.98464649631131
IoU-20: 17.261922860145567
Ratio-Edges: 0.12989056888395928
AbsRel-Edges: 31.25418913286496
SqRel-Edges: 27.32110408036148
RMSE-Edges: 10.845062747558737
LogRMSE-Edges: 46.89845140058231
$\delta < 1.05$-Edges: 0.1316561200501156
$\delta < 1.1$-Edges: 0.24978740847487277
$\delta < 1.25$-Edges: 0.5028020425688381
$\delta < 1.25^2$-Edges: 0.7540489973678559
$\delta < 1.25^3$-Edges: 0.8780444428027293
MAE-Edges: 6.968294696388097
InvMAE-Edges: 1028.856819067983
InvRMSE-Edges: 8330.931648220112
LogMAE-Edges: 32.79296474425621
LogSI-Edges: 45.72353905261916
Chamfer-Edges: 4.475483360068427
F-Score-Edges: 7.130784490529229
IoU-Edges: 4.107498455057347
F-Score-20-Edges: 14.880130700036592
IoU-20-Edges: 9.08272551118938
DirAcc-Edges: 67.23582002552395
Dir (-)-Edges: 4.895889946526914
Dir (+)-Edges: 27.86829002794914
EdgeAcc-Edges: 4.268650183004292
EdgeComp-Edges: 50.33374394079329
