Ratio: 6.880293976068497
AbsRel: 29.216537523269654
SqRel: 27.323794831484555
RMSE: 8.287900982499123
LogRMSE: 36.41511097669601
$\delta < 1.05$: 0.15245596692374166
$\delta < 1.1$: 0.2893941563538748
$\delta < 1.25$: 0.5772429698404443
$\delta < 1.25^2$: 0.820162284602145
$\delta < 1.25^3$: 0.9147743164236135
MAE: 4.823334168791771
InvMAE: 27.338561970591545
InvRMSE: 37.00222374677658
LogMAE: 27.00614932179451
LogSI: 35.40289475416496
Chamfer: 2.5432430396023094
F-Score: 12.059919313639403
IoU: 6.585279572755098
F-Score-20: 24.31682530760765
IoU-20: 14.486051368415355
Ratio-Edges: 7.397506077885628
AbsRel-Edges: 34.1414475017786
SqRel-Edges: 34.404799651503566
RMSE-Edges: 9.744421268925072
LogRMSE-Edges: 41.71234328627586
$\delta < 1.05$-Edges: 0.1259113726578786
$\delta < 1.1$-Edges: 0.2365955814714647
$\delta < 1.25$-Edges: 0.49436672178958785
$\delta < 1.25^2$-Edges: 0.7633589538534936
$\delta < 1.25^3$-Edges: 0.8845941667476442
MAE-Edges: 6.311699489559978
InvMAE-Edges: 28.524784525632857
InvRMSE-Edges: 39.59527533650398
LogMAE-Edges: 31.59823143184185
LogSI-Edges: 40.61456573980556
Chamfer-Edges: 3.5013832022778333
F-Score-Edges: 7.371293323785067
IoU-Edges: 4.090187255330384
F-Score-20-Edges: 15.813765934854747
IoU-20-Edges: 9.303737420365215
DirAcc-Edges: 69.04526951211156
Dir (-)-Edges: 4.642848806831809
Dir (+)-Edges: 26.311881681056633
EdgeAcc-Edges: 3.896461940035636
EdgeComp-Edges: 55.162072858378345
