Ratio: 0.13083783526888296
AbsRel: 23.853191924095153
SqRel: 16.08886103488505
RMSE: 8.220677500665188
LogRMSE: 38.010244386196135
$\delta < 1.05$: 0.16985284694868516
$\delta < 1.1$: 0.3238127437263556
$\delta < 1.25$: 0.6330253261958512
$\delta < 1.25^2$: 0.8499655555589252
$\delta < 1.25^3$: 0.9259944618451158
MAE: 4.607859482876957
InvMAE: 541.639276047349
InvRMSE: 6670.914566257596
LogMAE: 25.00793064951897
LogSI: 37.477447762058894
Chamfer: 2.522616842889042
F-Score: 12.74817962884903
IoU: 6.977039175182581
F-Score-20: 25.7047467148304
IoU-20: 15.45688800573349
Ratio-Edges: 0.11630870393287879
AbsRel-Edges: 28.93340531051159
SqRel-Edges: 18.851260740794242
RMSE-Edges: 9.396646079458296
LogRMSE-Edges: 40.329205425977705
$\delta < 1.05$-Edges: 0.13176881964627232
$\delta < 1.1$-Edges: 0.24802399619379706
$\delta < 1.25$-Edges: 0.5193357573046111
$\delta < 1.25^2$-Edges: 0.7801742421007934
$\delta < 1.25^3$-Edges: 0.892521724111058
MAE-Edges: 5.989657405298203
InvMAE-Edges: 138.41053555727004
InvRMSE-Edges: 1528.0357773816586
LogMAE-Edges: 30.24359339237213
LogSI-Edges: 39.49744487298616
Chamfer-Edges: 3.916799146641475
F-Score-Edges: 6.971822643354535
IoU-Edges: 3.897120774835348
F-Score-20-Edges: 14.879279083237051
IoU-20-Edges: 8.752976706139743
DirAcc-Edges: 71.61629267739063
Dir (-)-Edges: 6.248496762257169
Dir (+)-Edges: 22.13521056035221
EdgeAcc-Edges: 4.318207051638447
EdgeComp-Edges: 67.57344412940826
