Ratio: 7.094494402639327
AbsRel: 32.38854534518334
SqRel: 45.18911897843884
RMSE: 9.803863817164975
LogRMSE: 37.73030631403769
$\delta < 1.05$: 0.15446045148125312
$\delta < 1.1$: 0.29041963073158045
$\delta < 1.25$: 0.5741340590941958
$\delta < 1.25^2$: 0.8143321616099192
$\delta < 1.25^3$: 0.9090886809946775
MAE: 5.616567420382654
InvMAE: 30.071531067509806
InvRMSE: 43.95617048878824
LogMAE: 27.887831614094395
LogSI: 36.40948316830291
Chamfer: 2.6567574601925243
F-Score: 12.343597701826404
IoU: 6.796187771481852
F-Score-20: 24.984612599649736
IoU-20: 15.008885219174047
Ratio-Edges: 7.6824652955423
AbsRel-Edges: 40.822303391749564
SqRel-Edges: 75.74022226275183
RMSE-Edges: 12.147482950220894
LogRMSE-Edges: 44.71443757013558
$\delta < 1.05$-Edges: 0.13060811125908003
$\delta < 1.1$-Edges: 0.23855198995192642
$\delta < 1.25$-Edges: 0.47958190050320054
$\delta < 1.25^2$-Edges: 0.7413624507874945
$\delta < 1.25^3$-Edges: 0.8679033454257931
MAE-Edges: 7.78761558874078
InvMAE-Edges: 28.678756490719863
InvRMSE-Edges: 42.991470413582
LogMAE-Edges: 33.63685581076379
LogSI-Edges: 43.19611256293401
Chamfer-Edges: 4.369808638177741
F-Score-Edges: 7.458269238062933
IoU-Edges: 4.495663489079943
F-Score-20-Edges: 14.731378605202133
IoU-20-Edges: 9.03204632894276
DirAcc-Edges: 65.22681554662957
Dir (-)-Edges: 3.6932776388270274
Dir (+)-Edges: 31.079906814543406
EdgeAcc-Edges: 4.083940636320361
EdgeComp-Edges: 45.58317105832149
