Ratio: 0.4722039094944191
AbsRel: 23.156794179534913
SqRel: 14.405261475849152
RMSE: 1.5618452399611473
LogRMSE: 36.52843037910461
$\delta < 1.05$: 0.16721142169357608
$\delta < 1.1$: 0.31535646987112176
$\delta < 1.25$: 0.62622004840754
$\delta < 1.25^2$: 0.8515057040480538
$\delta < 1.25^3$: 0.9152371883755627
MAE: 0.80737546454072
InvMAE: 608.8269401687622
InvRMSE: 4588.694993011474
LogMAE: 25.02188352470398
LogSI: 36.009241966398235
