Ratio: 1.9050109493017198
AbsRel: 25.956265438842774
SqRel: 19.5198942155838
RMSE: 1.496050890469551
LogRMSE: 36.464615870666506
$\delta < 1.05$: 0.1708393785598936
$\delta < 1.1$: 0.31732791510017516
$\delta < 1.25$: 0.6036214202770578
$\delta < 1.25^2$: 0.8240476403238357
$\delta < 1.25^3$: 0.9000197063591989
MAE: 0.8404154356122017
InvMAE: 106.26906873016357
InvRMSE: 138.2936975341797
LogMAE: 26.17388538093567
LogSI: 35.39385319342571
