Ratio: 49.434873350143434
AbsRel: 23.299218415260317
SqRel: 14.928477371931075
RMSE: 19.740512516498566
LogRMSE: 33.73926916503906
$\delta < 1.05$: 0.17221310625186803
$\delta < 1.1$: 0.31833911161301615
$\delta < 1.25$: 0.5986142291019865
$\delta < 1.25^2$: 0.8440494652452882
$\delta < 1.25^3$: 0.9412767885762963
MAE: 9.499758659362794
InvMAE: 12.369244688034058
InvRMSE: 18.960310565948486
LogMAE: 24.371135727882386
LogSI: 32.75192574843833
Chamfer: 3.3405172779154735
F-Score: 6.935030866056681
IoU: 3.655192895576358
F-Score-20: 20.038654905080794
IoU-20: 11.478103508353234
