Ratio: 0.028870333869172666
AbsRel: 24.185454778671264
SqRel: 19.410087130308153
RMSE: 31.699492109298706
LogRMSE: 139.5433684692383
$\delta < 1.05$: 0.1959750096227586
$\delta < 1.1$: 0.36231795120801086
$\delta < 1.25$: 0.6848018080983824
$\delta < 1.25^2$: 0.8614734555658965
$\delta < 1.25^3$: 0.9209288500800397
MAE: 13.056558203697204
InvMAE: 17716.391147195816
InvRMSE: 110985.01681739425
LogMAE: 42.00300284576416
LogSI: 137.68564768992198
Chamfer: 3.183417083305402
F-Score: 9.167512938261032
IoU: 4.908660911619664
F-Score-20: 25.577394010066985
IoU-20: 14.997114549398422
