Ratio: 0.025272353335588842
AbsRel: 39.23902224425243
SqRel: 114.46494025980945
RMSE: 9.741631010054473
LogRMSE: 57.648334154633666
$\delta < 1.05$: 0.1234190952944333
$\delta < 1.1$: 0.23280583770211605
$\delta < 1.25$: 0.46555292754176053
$\delta < 1.25^2$: 0.6957260727436816
$\delta < 1.25^3$: 0.8196901311075961
MAE: 6.025835425864421
InvMAE: 1574.463675193188
InvRMSE: 9733.856852541056
LogMAE: 40.5060722688923
LogSI: 54.36367650703044
