Ratio: 14.980188831916223
AbsRel: 29.451761028583235
SqRel: 27.48195859872378
RMSE: 1.4664500102171532
LogRMSE: 36.00095676422119
$\delta < 1.05$: 0.14596382233093247
$\delta < 1.1$: 0.2777485088462004
$\delta < 1.25$: 0.5642531020492747
$\delta < 1.25^2$: 0.8201826926094401
$\delta < 1.25^3$: 0.9184352749358494
MAE: 0.9789283218062841
InvMAE: 122.36791996002198
InvRMSE: 164.65918937096228
LogMAE: 27.30561183636005
LogSI: 34.62950824265694
