Ratio: 49.088422009763164
AbsRel: 56.3916888172851
SqRel: 444.55985816497974
RMSE: 9.499882335085506
LogRMSE: 53.457453372767155
$\delta < 1.05$: 0.12059838936495702
$\delta < 1.1$: 0.2283503713190749
$\delta < 1.25$: 0.47032177594887425
$\delta < 1.25^2$: 0.7162793118367013
$\delta < 1.25^3$: 0.8352746036030362
MAE: 6.026051452341636
InvMAE: 44.498813001564265
InvRMSE: 97.96371318299674
LogMAE: 38.28402429418179
LogSI: 50.75992959668768
