Ratio: 0.03167141326751233
AbsRel: 19.30838237248934
SqRel: 10.053278842339148
RMSE: 1.0704551650010623
LogRMSE: 26.378311801323523
$\delta < 1.05$: 0.2058866067178876
$\delta < 1.1$: 0.38156294516621186
$\delta < 1.25$: 0.7024866835465396
$\delta < 1.25^2$: 0.9026850009258836
$\delta < 1.25^3$: 0.9604985523749232
MAE: 0.7022695847199514
InvMAE: 95.43360514420729
InvRMSE: 231.1088449844947
LogMAE: 20.002170481315027
LogSI: 26.00728544879743
