Ratio: 31.798626008714947
AbsRel: 7.026389269488198
SqRel: 4.29989101216197
RMSE: 3.7259453548278127
LogRMSE: 11.339047130857194
$\delta < 1.05$: 0.6235743161176506
$\delta < 1.1$: 0.8287817284931049
$\delta < 1.25$: 0.9496829802713966
$\delta < 1.25^2$: 0.9853591644846947
$\delta < 1.25^3$: 0.9925147912072071
MAE: 1.4792319746102605
InvMAE: 4.918617403677532
InvRMSE: 8.036392017773219
LogMAE: 6.6614994607652935
LogSI: 11.049907661547735
Chamfer: 0.5764222055458313
F-Score: 56.14371257705348
IoU: 40.41227560398834
F-Score-20: 73.58017366017614
IoU-20: 59.55705222615174
