Ratio: 0.03198405621672795
AbsRel: 6.405963064943041
SqRel: 2.4931211019733124
RMSE: 3.6654569821272576
LogRMSE: 11.12016588994435
$\delta < 1.05$: 0.6517966001070954
$\delta < 1.1$: 0.841485086837152
$\delta < 1.25$: 0.9497432836711721
$\delta < 1.25^2$: 0.984900517322576
$\delta < 1.25^3$: 0.9932931974355639
MAE: 1.4377917353596006
InvMAE: 15.215947215897696
InvRMSE: 353.32918476377216
LogMAE: 6.352680664403098
LogSI: 11.053778139739403
Chamfer: 0.6201638037105768
F-Score: 58.08896222761699
IoU: 42.28373606000628
F-Score-20: 74.18844897542681
IoU-20: 60.325383227212086
