Ratio: 32.268455479042665
AbsRel: 9.143484938364088
SqRel: 2.8014347846248397
RMSE: 4.277206764630745
LogRMSE: 13.998966987878998
$\delta < 1.05$: 0.4516931740516805
$\delta < 1.1$: 0.6947598385096211
$\delta < 1.25$: 0.908879560224954
$\delta < 1.25^2$: 0.9810472434898133
$\delta < 1.25^3$: 0.994824826577118
MAE: 1.9183650332634434
InvMAE: 6.999161560111251
InvRMSE: 10.168325449791423
LogMAE: 9.168704940131837
LogSI: 13.507851040019265
Chamfer: 0.7369763160133815
F-Score: 45.5391132954988
IoU: 30.7577045061197
F-Score-20: 65.36166611405238
IoU-20: 49.88877172960094
