Ratio: 0.03172901224447625
AbsRel: 8.50456383403825
SqRel: 2.454948476944233
RMSE: 4.264683697029857
LogRMSE: 13.918528761600424
$\delta < 1.05$: 0.4916537498529681
$\delta < 1.1$: 0.7262517843256221
$\delta < 1.25$: 0.9191784306700265
$\delta < 1.25^2$: 0.9822877659329616
$\delta < 1.25^3$: 0.9948721697141991
MAE: 1.8318474620946346
InvMAE: 61.841655892097144
InvRMSE: 816.2710029691275
LogMAE: 8.576126721739037
LogSI: 13.853186701303295
Chamfer: 0.7235955408819245
F-Score: 48.556709930209294
IoU: 33.22507985018514
F-Score-20: 67.11410556102823
IoU-20: 51.67986948285366
