Ratio: 99.7315345029831
AbsRel: 35.82857912396705
SqRel: 33.72801847672462
RMSE: 12.995756838440895
LogRMSE: 43.47005951023102
$\delta < 1.05$: 0.12129425939954785
$\delta < 1.1$: 0.23033738799365183
$\delta < 1.25$: 0.47737021076227676
$\delta < 1.25^2$: 0.7331684118267037
$\delta < 1.25^3$: 0.8642942231199376
MAE: 8.958174743831158
InvMAE: 21.67016900227219
InvRMSE: 29.067918945409357
LogMAE: 33.54825106239319
LogSI: 41.72082240226394
Chamfer: 4.577957612443501
F-Score: 8.44181086719036
IoU: 4.6535801357701425
F-Score-20: 16.243485311508177
IoU-20: 9.495664965122938
