Ratio: 0.012089270781145061
AbsRel: 28.54381329226494
SqRel: 17.228614137634636
RMSE: 12.222954253315926
LogRMSE: 43.24446067094803
$\delta < 1.05$: 0.13816645354038462
$\delta < 1.1$: 0.2577660706645155
$\delta < 1.25$: 0.5162642695450725
$\delta < 1.25^2$: 0.7753274811117936
$\delta < 1.25^3$: 0.8896863396034819
MAE: 8.170818408221006
InvMAE: 1759.2548740711213
InvRMSE: 5282.244749373019
LogMAE: 32.30239650559425
LogSI: 41.07252531151879
Chamfer: 6.062716118472229
F-Score: 7.630278749213089
IoU: 4.159905774534215
F-Score-20: 14.537961355807726
IoU-20: 8.44089822500269
