Ratio: 9.183772230731602
AbsRel: 31.027246061085926
SqRel: 21.235569094846007
RMSE: 1.0629673357540315
LogRMSE: 34.70075192436895
$\delta < 1.05$: 0.12298907486714374
$\delta < 1.1$: 0.23570212687952383
$\delta < 1.25$: 0.5051022175355907
$\delta < 1.25^2$: 0.8020504525624697
$\delta < 1.25^3$: 0.9311209894432857
MAE: 0.79223376608223
InvMAE: 120.0714702518708
InvRMSE: 157.92883751078847
LogMAE: 27.795793754974273
LogSI: 33.00266056396593
