Ratio: 0.08681627797257607
AbsRel: 23.651067907292543
SqRel: 12.145891083307587
RMSE: 0.9630610097416132
LogRMSE: 30.008792198396968
$\delta < 1.05$: 0.14860907929739497
$\delta < 1.1$: 0.2831726469930695
$\delta < 1.25$: 0.5812669403269772
$\delta < 1.25^2$: 0.8503976394042132
$\delta < 1.25^3$: 0.9540676013266142
MAE: 0.681944156196595
InvMAE: 171.3460679943773
InvRMSE: 1049.28704733659
LogMAE: 24.071455198690433
LogSI: 29.637656024933065
