Ratio: 0.06978994946921944
AbsRel: 41.405207120174424
SqRel: 85.36986914892285
RMSE: 7.676453223774593
LogRMSE: 76.47532243648784
$\delta < 1.05$: 0.11263136873053706
$\delta < 1.1$: 0.20916866958807803
$\delta < 1.25$: 0.41793442826000843
$\delta < 1.25^2$: 0.6463274868518732
$\delta < 1.25^3$: 0.7804913688923224
MAE: 4.0833128467950806
InvMAE: 6328.311074366325
InvRMSE: 27048.04866902415
LogMAE: 51.41142725619403
LogSI: 72.73586151126266
Chamfer: 3.0743627018385764
F-Score: 27.85093107411736
IoU: 21.726632679421364
F-Score-20: 39.82448964327146
IoU-20: 31.618970189981482
