Ratio: 27.165305052419598
AbsRel: 59.692209647032634
SqRel: 195.89036273019184
RMSE: 7.425488099726763
LogRMSE: 67.92133094551461
$\delta < 1.05$: 0.09620617309147711
$\delta < 1.1$: 0.1825331184727815
$\delta < 1.25$: 0.3852382095510488
$\delta < 1.25^2$: 0.6197330322777393
$\delta < 1.25^3$: 0.7549285451484012
MAE: 4.142773822085424
InvMAE: 266.24781042776607
InvRMSE: 355.4525016017793
LogMAE: 50.37213261920299
LogSI: 63.85647810156173
Chamfer: 2.9149148384305423
F-Score: 28.18916248198427
IoU: 19.60458942163172
F-Score-20: 42.85649586478203
IoU-20: 32.98469162670334
