Ratio: 40.660098720058315
AbsRel: 30.86417731315859
SqRel: 39.72461461444055
RMSE: 9.322682288558253
LogRMSE: 36.83877322289251
$\delta < 1.05$: 0.15430764226566548
$\delta < 1.1$: 0.29173267894682414
$\delta < 1.25$: 0.5811931610558433
$\delta < 1.25^2$: 0.81901315117917
$\delta < 1.25^3$: 0.9115945458239977
MAE: 5.463634001574209
InvMAE: 28.55421523494105
InvRMSE: 41.96077627674226
LogMAE: 27.441249026636925
LogSI: 35.605434261561165
Chamfer: 2.853896712398768
F-Score: 12.249167441052775
IoU: 6.739901628782672
F-Score-20: 24.666175836593872
IoU-20: 14.833804566475653
Ratio-Edges: 44.996548556658176
AbsRel-Edges: 39.21807894769058
SqRel-Edges: 63.807953996732344
RMSE-Edges: 11.14607647933991
LogRMSE-Edges: 43.58689624748978
$\delta < 1.05$-Edges: 0.1333100220993172
$\delta < 1.1$-Edges: 0.24428302039123467
$\delta < 1.25$-Edges: 0.49032310078387714
$\delta < 1.25^2$-Edges: 0.7475093480245347
$\delta < 1.25^3$-Edges: 0.8700927731612123
MAE-Edges: 7.291554024425986
InvMAE-Edges: 28.348991509590274
InvRMSE-Edges: 42.575654217308646
LogMAE-Edges: 33.00124989646712
LogSI-Edges: 42.078654822800644
Chamfer-Edges: 4.344976499508328
F-Score-Edges: 7.384436356826545
IoU-Edges: 4.457760719614091
F-Score-20-Edges: 14.415909242474175
IoU-20-Edges: 8.821541473814865
DirAcc-Edges: 65.14768135872113
Dir (-)-Edges: 2.792288110182459
Dir (+)-Edges: 32.060030531096416
EdgeAcc-Edges: 3.726608443404645
EdgeComp-Edges: 34.79235298234773
