Ratio: 0.03057917330585192
AbsRel: 25.934751222364365
SqRel: 25.84041297595347
RMSE: 10.00939555189302
LogRMSE: 53.76122120334256
$\delta < 1.05$: 0.17398550549417116
$\delta < 1.1$: 0.3266190224859857
$\delta < 1.25$: 0.6224021968128208
$\delta < 1.25^2$: 0.829685551679337
$\delta < 1.25^3$: 0.9102669235152901
MAE: 5.552067185601881
InvMAE: 3515.4880989290054
InvRMSE: 24857.369912480386
LogMAE: 29.548373106064336
LogSI: 52.62538002366652
Chamfer: 2.477055690673691
F-Score: 14.880994353371282
IoU: 8.397838761037395
F-Score-20: 29.19911572517887
IoU-20: 18.221935698601506
Ratio-Edges: 0.024768946688032582
AbsRel-Edges: 31.310767866583433
SqRel-Edges: 27.152467949824786
RMSE-Edges: 10.967504701310514
LogRMSE-Edges: 48.34409372884463
$\delta < 1.05$-Edges: 0.13370909487231353
$\delta < 1.1$-Edges: 0.251216423104225
$\delta < 1.25$-Edges: 0.5024306335601089
$\delta < 1.25^2$-Edges: 0.7515465219881052
$\delta < 1.25^3$-Edges: 0.8756275102894248
MAE-Edges: 7.017889907269502
InvMAE-Edges: 1146.2098553237377
InvRMSE-Edges: 9556.741616738387
LogMAE-Edges: 33.094264823003535
LogSI-Edges: 47.16351990103897
Chamfer-Edges: 4.45882742964126
F-Score-Edges: 7.383764388553457
IoU-Edges: 4.269301797488546
F-Score-20-Edges: 15.22445407794192
IoU-20-Edges: 9.361919444955252
DirAcc-Edges: 70.45633565037349
Dir (-)-Edges: 5.007223815509232
Dir (+)-Edges: 24.536440534117286
EdgeAcc-Edges: 3.7910250403210934
EdgeComp-Edges: 36.70952882523377
