Ratio: 36.98961304306984
AbsRel: 26.965824691057204
SqRel: 18.844510700404644
RMSE: 8.091892798393964
LogRMSE: 35.07197746992111
$\delta < 1.05$: 0.15030862115152288
$\delta < 1.1$: 0.2856219934227369
$\delta < 1.25$: 0.5758358213575847
$\delta < 1.25^2$: 0.8292256328377039
$\delta < 1.25^3$: 0.924485041052372
MAE: 4.756210988983512
InvMAE: 26.093593209385872
InvRMSE: 35.14661988854408
LogMAE: 26.309252095222472
LogSI: 34.097974361959906
Chamfer: 2.692147478084421
F-Score: 12.009301251173019
IoU: 6.564504103884101
F-Score-20: 23.914632602334024
IoU-20: 14.245275774896145
Ratio-Edges: 40.35953975439072
AbsRel-Edges: 32.648381564617154
SqRel-Edges: 28.323575351759793
RMSE-Edges: 9.279615507498384
LogRMSE-Edges: 40.88363540410995
$\delta < 1.05$-Edges: 0.12906672390893326
$\delta < 1.1$-Edges: 0.2419943658636155
$\delta < 1.25$-Edges: 0.5031698971514271
$\delta < 1.25^2$-Edges: 0.7704797747199202
$\delta < 1.25^3$-Edges: 0.887786991459582
MAE-Edges: 6.0562754076905545
InvMAE-Edges: 27.92537347972393
InvRMSE-Edges: 38.81465785622597
LogMAE-Edges: 31.01272353887558
LogSI-Edges: 39.68871870634725
Chamfer-Edges: 3.6788815612472647
F-Score-Edges: 7.596256955265999
IoU-Edges: 4.234079401344061
F-Score-20-Edges: 15.99810739427805
IoU-20-Edges: 9.393738365322351
DirAcc-Edges: 69.6417915082057
Dir (-)-Edges: 4.270822626511803
Dir (+)-Edges: 26.087385865282485
EdgeAcc-Edges: 3.5196109080942595
EdgeComp-Edges: 36.08461303236578
