Ratio: 0.02749214050207947
AbsRel: 23.561704175472258
SqRel: 15.33233600281179
RMSE: 8.300589343383908
LogRMSE: 38.31716757416725
$\delta < 1.05$: 0.17011249655923089
$\delta < 1.1$: 0.3234170848973939
$\delta < 1.25$: 0.6308273592494033
$\delta < 1.25^2$: 0.8533569297169111
$\delta < 1.25^3$: 0.9276715461602655
MAE: 4.665149785615504
InvMAE: 502.9792687126994
InvRMSE: 7047.932973645329
LogMAE: 24.85865602016449
LogSI: 37.762777155933556
Chamfer: 2.5364940379547702
F-Score: 13.373700614199043
IoU: 7.364462073799222
F-Score-20: 26.3015397426486
IoU-20: 15.932401355206967
Ratio-Edges: 0.02392072529874435
AbsRel-Edges: 28.888552659749983
SqRel-Edges: 18.72090700406581
RMSE-Edges: 9.508901072591543
LogRMSE-Edges: 41.58028956770897
$\delta < 1.05$-Edges: 0.1297631714286821
$\delta < 1.1$-Edges: 0.2452215682175758
$\delta < 1.25$-Edges: 0.5174877835923429
$\delta < 1.25^2$-Edges: 0.7818625518380672
$\delta < 1.25^3$-Edges: 0.8931505780065792
MAE-Edges: 6.019821031652391
InvMAE-Edges: 261.83905303657053
InvRMSE-Edges: 2921.1779585158824
LogMAE-Edges: 30.410178275108336
LogSI-Edges: 40.72586824361864
Chamfer-Edges: 4.00915287742184
F-Score-Edges: 7.025029767863453
IoU-Edges: 3.8821819659415633
F-Score-20-Edges: 14.958821925222873
IoU-20-Edges: 8.744529682472349
DirAcc-Edges: 75.1010167197725
Dir (-)-Edges: 6.220932585568916
Dir (+)-Edges: 18.67805069465858
EdgeAcc-Edges: 3.7990188691036213
EdgeComp-Edges: 46.65197674645355
