Ratio: 0.05637839374116984
AbsRel: 24.988425158309937
SqRel: 13.289562866783141
RMSE: 1.5764684891521932
LogRMSE: 39.772070544433596
$\delta < 1.05$: 0.1467173993026006
$\delta < 1.1$: 0.2835753388682799
$\delta < 1.25$: 0.598283943243722
$\delta < 1.25^2$: 0.834144880605334
$\delta < 1.25^3$: 0.8916682874830291
MAE: 0.889663930863142
InvMAE: 121.20911986694335
InvRMSE: 312.8364278289795
LogMAE: 27.95399140853882
LogSI: 39.13812464006755
