Ratio: 9.101996423435212
AbsRel: 35.08014795074463
SqRel: 23.853933391761778
RMSE: 1.6957091636538506
LogRMSE: 45.282515382385256
$\delta < 1.05$: 0.1129291697851402
$\delta < 1.1$: 0.21736025711819565
$\delta < 1.25$: 0.46092628988011836
$\delta < 1.25^2$: 0.7262539077080944
$\delta < 1.25^3$: 0.8587053738545847
MAE: 1.0837937420129775
InvMAE: 135.0559106567383
InvRMSE: 168.32842737731934
LogMAE: 34.36325064468384
LogSI: 44.39053838132076
