Scale: 0.07785776552236053
Shift: 0.0013770168829096484
AbsRel: 34.548757710798974
SqRel: 130.99621604830696
RMSE: 9.496835001982381
LogRMSE: 58.642306973581356
$\delta_{.05}$: 18.539650057691276
$\delta_{.1}$: 32.38523155335351
$\delta_{.25}$: 55.805992453165274
$\delta_{.25^2}$: 76.06195475060414
$\delta_{.25^3}$: 86.25298402643486
MAE: 5.442704154504254
InvMAE: 3750.9946503379956
InvRMSE: 19796.360170881846
LogMAE: 35.89715756589522
LogSI: 55.54978167622671
