Scale: 20.350721307934133
Shift: 0.0
AbsRel: 43.89427332600136
SqRel: 338.1686257255585
RMSE: 7.7074278276330155
LogRMSE: 44.6596144967015
$\delta_{.05}$: 19.16010550234039
$\delta_{.1}$: 34.981801777761376
$\delta_{.25}$: 60.69697356675094
$\delta_{.25^2}$: 79.64787231594143
$\delta_{.25^3}$: 88.3269444767957
MAE: 4.615628807467195
InvMAE: 37.31739431111802
InvRMSE: 92.35613251480821
LogMAE: 29.999752882884756
LogSI: 42.288856325193606
