Scale: 5.561924497164212
Shift: 0.0
AbsRel: 18.069911953852728
SqRel: 8.787635610287007
RMSE: 0.9940219602218041
LogRMSE: 24.20416746873122
$\delta_{.05}$: 25.0324656960685
$\delta_{.1}$: 44.03470853235117
$\delta_{.25}$: 73.95575848351527
$\delta_{.25^2}$: 91.30328148906855
$\delta_{.25^3}$: 96.49679714390523
MAE: 0.643231071806871
InvMAE: 84.04895679767316
InvRMSE: 121.87046753223126
LogMAE: 17.835114313272328
LogSI: 22.921471888686195
