Scale: 0.2422732340379723
Shift: 0.05930325251084683
AbsRel: 14.705256301439725
SqRel: 11.509561656438388
RMSE: 1.0531536435622435
LogRMSE: 24.61320704826942
$\delta_{.05}$: 28.088443218023773
$\delta_{.1}$: 49.61676145697446
$\delta_{.25}$: 80.98750487726547
$\delta_{.25^2}$: 95.07803329863293
$\delta_{.25^3}$: 98.23444220495517
MAE: 0.5295688546391634
InvMAE: 1314.360001411438
InvRMSE: 7320.027634988932
LogMAE: 15.524723324408898
LogSI: 24.3337168836048
