Scale: 3.6862233412375143
Shift: 0.0
AbsRel: 12.843932778098896
SqRel: 4.09971040612605
RMSE: 0.4226972570568779
LogRMSE: 16.560696355064344
$\delta_{.05}$: 33.357929127371804
$\delta_{.1}$: 55.86574543103578
$\delta_{.25}$: 83.8456643471339
$\delta_{.25^2}$: 96.58216556074602
$\delta_{.25^3}$: 99.22054254959501
MAE: 0.2925085583331479
InvMAE: 64.69444464908098
InvRMSE: 91.62216241935707
LogMAE: 12.386880120735285
LogSI: 15.685034153557982
