Scale: 0.32183372295253126
Shift: -0.041284856963957166
AbsRel: 11.289354907992418
SqRel: 5.251157521335721
RMSE: 0.5186258660407241
LogRMSE: 15.421715479378307
$\delta_{.05}$: 35.79119220614674
$\delta_{.1}$: 59.33306784851274
$\delta_{.25}$: 87.46189115522436
$\delta_{.25^2}$: 97.72667014516749
$\delta_{.25^3}$: 99.4394665887647
MAE: 0.292317283883782
InvMAE: 188.40968514072057
InvRMSE: 1087.8295988540765
LogMAE: 11.184463599041697
LogSI: 15.355537317031732
