Scale: 0.28373148103404955
Shift: -0.00978086025436453
AbsRel: 14.634131149291992
SqRel: 11.865439943236112
RMSE: 1.1555259129971265
LogRMSE: 23.710703278923035
$\delta_{.05}$: 31.328579170160676
$\delta_{.1}$: 54.24583877960085
$\delta_{.25}$: 81.55790504209804
$\delta_{.25^2}$: 92.19665439150943
$\delta_{.25^3}$: 96.23847547462219
MAE: 0.5645782215595245
InvMAE: 110.32958991851807
InvRMSE: 932.5244271331787
LogMAE: 15.357607164478303
LogSI: 23.498723362675957
