Scale: 3.7611154709100725
Shift: 0.0
AbsRel: 15.559788319969178
SqRel: 7.084948078274727
RMSE: 1.1120663439929486
LogRMSE: 25.454147705459594
$\delta_{.05}$: 29.54207485789269
$\delta_{.1}$: 51.43411855280066
$\delta_{.25}$: 79.02090661089997
$\delta_{.25^2}$: 90.40249888577075
$\delta_{.25^3}$: 95.12010166135225
MAE: 0.5892188488125801
InvMAE: 66.1873036529541
InvRMSE: 90.8100566619873
LogMAE: 16.901250930786134
LogSI: 24.287718295586735
