MAE: 1.5995152170307065
RMSE: 3.5933711888965654
InvMAE: 6.017103863640066
InvRMSE: 8.97204674570107
LogMAE: 7.733216703303753
LogRMSE: 12.094950572113317
LogSI: 11.15899655486629
AbsRel: 7.7736997491011595
SqRel: 2.005163871848876
ChamferDist: 0.6473705679452493
F-Score: 50.00995715612123
IoU: 34.498561380379634
F-Score-20: 67.68573183093243
IoU-20: 52.423695643918094
