AbsRel: 0.099542082115003
SqRel: 0.7297352451932653
RMSE: 4.521279644760887
LogRMSE: 0.18946311336379482
$\delta < 1.25$: 0.8864459050742253
$\delta < 1.25^2$: 0.9588096598446686
$\delta < 1.25^3$: 0.9806805678674567
ChamferDist: 0.8183552981534682
F-Score: 26.68916021439232
IoU: 15.589627369596935
F-Score-20: 53.93742058540519
IoU-20: 37.355741210613225
