MAE: 1.057819522023201
RMSE: 2.602165951132774
InvMAE: 4.092411290747779
InvRMSE: 6.376070937258857
LogMAE: 5.208987143039703
LogRMSE: 8.538319182395934
LogSI: 7.704385343109838
AbsRel: 5.490845313242503
SqRel: 1.58196464396481
ChamferDist: 0.4347108814120293
F-Score: 56.54803900089647
IoU: 40.8753765373677
F-Score-20: 75.41638474481447
IoU-20: 61.88649976019349
