Ratio: 0.20773971207871922
AbsRel: 23.75471572303772
SqRel: 20.265921739578246
RMSE: 34.29235184240341
LogRMSE: 172.93591339492798
$\delta < 1.05$: 0.19619756483330453
$\delta < 1.1$: 0.37715832450299375
$\delta < 1.25$: 0.7141601102039158
$\delta < 1.25^2$: 0.8661950337207384
$\delta < 1.25^3$: 0.9162859927292472
MAE: 13.796902401208877
InvMAE: 27090.51299884367
InvRMSE: 140996.63886235
LogMAE: 51.632596270561216
LogSI: 169.45117600729276
Chamfer: 3.2625071169808524
F-Score: 9.030044239759444
IoU: 4.769068391084671
F-Score-20: 26.537609114646912
IoU-20: 15.481808443546296
