Ratio: 6.9748376274108885
AbsRel: 23.711776307106017
SqRel: 15.783602852106094
RMSE: 17.44807118988037
LogRMSE: 31.766703964233397
$\delta < 1.05$: 0.1360453660662816
$\delta < 1.1$: 0.26586645608534343
$\delta < 1.25$: 0.57852842161433
$\delta < 1.25^2$: 0.8707199439886769
$\delta < 1.25^3$: 0.957921267437381
MAE: 8.732946755409241
InvMAE: 12.925517186641693
InvRMSE: 19.24704465866089
LogMAE: 23.999235758781435
LogSI: 31.197488090334964
Chamfer: 2.9157279426316656
F-Score: 4.7890932148247956
IoU: 2.476032914839685
F-Score-20: 15.063175372123718
IoU-20: 8.261638623058795
