Ratio: 0.08758967471240178
AbsRel: 19.03490846487192
SqRel: 9.071873535559728
RMSE: 1.0507053671891873
LogRMSE: 26.326316924461953
$\delta < 1.05$: 0.21001117458634108
$\delta < 1.1$: 0.3892253808478973
$\delta < 1.25$: 0.7090503560341375
$\delta < 1.25^2$: 0.9018833540734286
$\delta < 1.25^3$: 0.960096780493446
MAE: 0.701117180792185
InvMAE: 98.77272455215454
InvRMSE: 264.6035322570801
LogMAE: 19.926006790307852
LogSI: 25.933269969706476
