Ratio: 0.11857489513810318
AbsRel: 39.08494258033855
SqRel: 102.11730462125598
RMSE: 9.702321791862692
LogRMSE: 55.443550777007644
$\delta < 1.05$: 0.11458709626478354
$\delta < 1.1$: 0.21903000843212528
$\delta < 1.25$: 0.45540787106535086
$\delta < 1.25^2$: 0.6999284933511896
$\delta < 1.25^3$: 0.8189128009759598
MAE: 6.03200146529172
InvMAE: 800.7283708691062
InvRMSE: 5769.517008547291
LogMAE: 40.1678783220026
LogSI: 52.20247180639671
