Ratio: 9.9839813252201
AbsRel: 58.031621950089665
SqRel: 512.405340823892
RMSE: 9.844108556284498
LogRMSE: 55.08653055712781
$\delta < 1.05$: 0.10549701104151078
$\delta < 1.1$: 0.20247063881428326
$\delta < 1.25$: 0.434835526508658
$\delta < 1.25^2$: 0.6911991686140734
$\delta < 1.25^3$: 0.8237192703386166
MAE: 6.308806980270976
InvMAE: 47.089584442532114
InvRMSE: 100.130882160546
LogMAE: 40.17535470953971
LogSI: 52.34704025678904
