Ratio: 3.379502391264989
AbsRel: 35.23575360811674
SqRel: 30.416456276820256
RMSE: 1.7188318709226755
LogRMSE: 42.771771621704104
$\delta < 1.05$: 0.10707506846870957
$\delta < 1.1$: 0.20571033651460172
$\delta < 1.25$: 0.4460621721318113
$\delta < 1.25^2$: 0.7353355798879287
$\delta < 1.25^3$: 0.8817364316772676
MAE: 1.2311204788318046
InvMAE: 156.92062841562125
InvRMSE: 207.41822460467998
LogMAE: 33.774927297738884
LogSI: 41.34343820727516
