Ratio: 5.399999999999999
AbsRel: 5.076051476512636
SqRel: 1.4832943026508605
RMSE: 2.382173306324652
LogRMSE: 7.708245691231319
$\delta < 1.05$: 0.6920766352254552
$\delta < 1.1$: 0.8959082214559349
$\delta < 1.25$: 0.9773483823853628
$\delta < 1.25^2$: 0.9955273383725219
$\delta < 1.25^3$: 0.998477639290482
MAE: 0.9604296161447252
InvMAE: 3.8298479318618774
InvRMSE: 5.821383771215166
LogMAE: 4.795972054856164
LogSI: 6.790627973729502
Chamfer: 0.3952239709013314
F-Score: 59.71258289811867
IoU: 44.15161179039095
F-Score-20: 78.29753083569663
IoU-20: 65.707621171219
