Ratio: 5.399999999999999
AbsRel: 7.720068305547984
SqRel: 1.9202401124717998
RMSE: 3.522898488158097
LogRMSE: 11.552495632434916
$\delta < 1.05$: 0.5301193408265368
$\delta < 1.1$: 0.7574787385352947
$\delta < 1.25$: 0.9343866000264096
$\delta < 1.25^2$: 0.9890699635053719
$\delta < 1.25^3$: 0.9971865991898877
MAE: 1.5704719770265503
InvMAE: 5.7615655748390715
InvRMSE: 8.429951940577455
LogMAE: 7.537015928081209
LogSI: 10.57087330208823
Chamfer: 0.6275260118099677
F-Score: 50.52449161961583
IoU: 35.09430595363941
F-Score-20: 67.93008801249638
IoU-20: 52.79043998363559
