Ratio: 28.962410901784896
AbsRel: 37.07247143268585
SqRel: 35.38188060069084
RMSE: 13.42846446120739
LogRMSE: 44.3675585899353
$\delta < 1.05$: 0.10709105046477643
$\delta < 1.1$: 0.20384026301365457
$\delta < 1.25$: 0.43970223580555706
$\delta < 1.25^2$: 0.7199133422735662
$\delta < 1.25^3$: 0.8663788588806624
MAE: 9.356546219825745
InvMAE: 23.11935228562355
InvRMSE: 31.417523680090905
LogMAE: 34.56830253791809
LogSI: 42.42567618089816
Chamfer: 4.046163956542602
F-Score: 8.083732609517872
IoU: 4.417293180651963
F-Score-20: 15.953834908038377
IoU-20: 9.241715354412793
