Ratio: 0.03763766440713094
AbsRel: 26.68092057466507
SqRel: 14.787702023819088
RMSE: 11.62669536614418
LogRMSE: 38.60717143630981
$\delta < 1.05$: 0.1456308760130173
$\delta < 1.1$: 0.271699615885914
$\delta < 1.25$: 0.5433527403409522
$\delta < 1.25^2$: 0.800820143247685
$\delta < 1.25^3$: 0.9055546716825247
MAE: 7.6973290863633155
InvMAE: 1111.4386952963173
InvRMSE: 2197.400809346795
LogMAE: 29.60852448987961
LogSI: 36.61490695469851
Chamfer: 5.7785588157772425
F-Score: 8.004356955042109
IoU: 4.346300974924118
F-Score-20: 15.390479828024283
IoU-20: 8.902572598190046
