Ratio: 2.134761266569843
AbsRel: 27.98417215755591
SqRel: 15.545146818554729
RMSE: 0.9740188412299944
LogRMSE: 33.538890369076974
$\delta < 1.05$: 0.12093328959485763
$\delta < 1.1$: 0.23473075327602722
$\delta < 1.25$: 0.5148609226716055
$\delta < 1.25^2$: 0.8207573101709134
$\delta < 1.25^3$: 0.939481364486614
MAE: 0.7368126762888483
InvMAE: 123.5865903906866
InvRMSE: 165.31045598721286
LogMAE: 26.90419493683981
LogSI: 32.231660126598435
