Ratio: 0.3012447231174672
AbsRel: 21.594679693198714
SqRel: 9.218048328972372
RMSE: 0.8446094297351093
LogRMSE: 27.178420995718113
$\delta < 1.05$: 0.15739685949540258
$\delta < 1.1$: 0.29850641181441345
$\delta < 1.25$: 0.6137607628441393
$\delta < 1.25^2$: 0.8844503629831998
$\delta < 1.25^3$: 0.9678889660593532
MAE: 0.6215290101957066
InvMAE: 97.49808434827612
InvRMSE: 229.3249642812513
LogMAE: 22.011148762630032
LogSI: 26.83969769878966
