Ratio: 0.3116673330436386
AbsRel: 38.38665453075792
SqRel: 46.88331916395343
RMSE: 6.98326608115121
LogRMSE: 62.711899992153405
$\delta < 1.05$: 0.1232761898735154
$\delta < 1.1$: 0.22492141709345773
$\delta < 1.25$: 0.43657333882740657
$\delta < 1.25^2$: 0.6733906179899866
$\delta < 1.25^3$: 0.7981897603882914
MAE: 3.72307904875307
InvMAE: 2201.9128713148634
InvRMSE: 10687.519753005401
LogMAE: 45.249144254803085
LogSI: 59.81138376221582
Chamfer: 2.7472845374153927
F-Score: 31.158629330080984
IoU: 23.914005174549324
F-Score-20: 44.131335412716254
IoU-20: 34.81765818178529
