Ratio: 7.96547430390091
AbsRel: 54.93690975682017
SqRel: 130.88013283510884
RMSE: 7.168281894765403
LogRMSE: 65.52562103647935
$\delta < 1.05$: 0.09496532374797095
$\delta < 1.1$: 0.17926551755208278
$\delta < 1.25$: 0.3817656083448451
$\delta < 1.25^2$: 0.6283933474924798
$\delta < 1.25^3$: 0.7599668333146161
MAE: 4.069810085176851
InvMAE: 265.78052176778965
InvRMSE: 365.8568135810241
LogMAE: 49.18370703783902
LogSI: 60.70558804290786
Chamfer: 2.8445509221261247
F-Score: 30.47368639540729
IoU: 21.109634123607115
F-Score-20: 45.121887919520645
IoU-20: 34.35188515447258
