Ratio: 7.258210515975952
AbsRel: 30.073959862493698
SqRel: 37.394280812125054
RMSE: 9.300884237385565
LogRMSE: 36.47126735318091
$\delta < 1.05$: 0.16054752089845084
$\delta < 1.1$: 0.3031119591170294
$\delta < 1.25$: 0.5905070030868428
$\delta < 1.25^2$: 0.8229246154738429
$\delta < 1.25^3$: 0.9150154043053197
MAE: 5.397352073692506
InvMAE: 29.042298969761017
InvRMSE: 42.73286854159448
LogMAE: 27.011182335269066
LogSI: 35.20850065858801
Chamfer: 2.529288170159049
F-Score: 13.582207302162724
IoU: 7.535534037524654
F-Score-20: 27.0856234399734
IoU-20: 16.587042159803453
Ratio-Edges: 8.12850630236607
AbsRel-Edges: 39.49381320429783
SqRel-Edges: 65.36326503227738
RMSE-Edges: 11.661001265691777
LogRMSE-Edges: 44.31391035715739
$\delta < 1.05$-Edges: 0.12767477616301115
$\delta < 1.1$-Edges: 0.23452908379151685
$\delta < 1.25$-Edges: 0.4770256592302313
$\delta < 1.25^2$-Edges: 0.7421300741218348
$\delta < 1.25^3$-Edges: 0.8708815612214079
MAE-Edges: 7.554775692132953
InvMAE-Edges: 29.103165224330876
InvRMSE-Edges: 43.44517356772828
LogMAE-Edges: 33.53979602639192
LogSI-Edges: 42.76898272799008
Chamfer-Edges: 4.224760602964893
F-Score-Edges: 7.340167312139
IoU-Edges: 4.377253493374469
F-Score-20-Edges: 14.621575970431559
IoU-20-Edges: 8.973593133649016
DirAcc-Edges: 65.58076263248188
Dir (-)-Edges: 3.2389599094054544
Dir (+)-Edges: 31.180277458112677
EdgeAcc-Edges: 3.7649939289887495
EdgeComp-Edges: 28.725013507625707
