Ratio: 0.14696371423149934
AbsRel: 25.03939986228943
SqRel: 22.870238385796547
RMSE: 9.604934858083725
LogRMSE: 47.71705800025694
$\delta < 1.05$: 0.1736789962335618
$\delta < 1.1$: 0.3304725841113272
$\delta < 1.25$: 0.6312574871752442
$\delta < 1.25^2$: 0.835372011856114
$\delta < 1.25^3$: 0.9128798106853288
MAE: 5.377277247626935
InvMAE: 2598.5946646844186
InvRMSE: 18101.936028397467
LogMAE: 28.3190291712361
LogSI: 46.60868674527433
Chamfer: 2.4563558181438254
F-Score: 14.758639568205803
IoU: 8.268736493164493
F-Score-20: 29.53366786772205
IoU-20: 18.453602453508683
Ratio-Edges: 0.12044128917689391
AbsRel-Edges: 30.660922694985384
SqRel-Edges: 24.39754214400754
RMSE-Edges: 10.78433207793076
LogRMSE-Edges: 46.44111629186892
$\delta < 1.05$-Edges: 0.13092614070849418
$\delta < 1.1$-Edges: 0.2490243105857952
$\delta < 1.25$-Edges: 0.5023739728258532
$\delta < 1.25^2$-Edges: 0.7569150036000797
$\delta < 1.25^3$-Edges: 0.8784255929598297
MAE-Edges: 6.9047770151564105
InvMAE-Edges: 903.7882466134292
InvRMSE-Edges: 7380.866790879123
LogMAE-Edges: 32.68434962634168
LogSI-Edges: 45.24230842597648
Chamfer-Edges: 4.550193952342514
F-Score-Edges: 6.973289486902212
IoU-Edges: 4.010432761790706
F-Score-20-Edges: 14.783855747631172
IoU-20-Edges: 9.081085584005889
DirAcc-Edges: 67.80339969155396
Dir (-)-Edges: 4.626309255329226
Dir (+)-Edges: 27.570291053116815
EdgeAcc-Edges: 3.800199599736686
EdgeComp-Edges: 34.52104910543318
