Ratio: 6.896069365739822
AbsRel: 27.290361886024474
SqRel: 27.331484191417694
RMSE: 7.9612506849318745
LogRMSE: 35.20924771785736
$\delta < 1.05$: 0.15049842998745205
$\delta < 1.1$: 0.28704766641219237
$\delta < 1.25$: 0.5826459032520428
$\delta < 1.25^2$: 0.8363436390230027
$\delta < 1.25^3$: 0.9273531885353625
MAE: 4.6334323767572645
InvMAE: 26.865167081952094
InvRMSE: 36.51172509789467
LogMAE: 26.056907801628114
LogSI: 34.18880573363279
Chamfer: 2.3940750698747006
F-Score: 12.6988651111722
IoU: 6.946091813370585
F-Score-20: 25.507591173052788
IoU-20: 15.294904450476169
Ratio-Edges: 7.547499890476465
AbsRel-Edges: 33.95254734158516
SqRel-Edges: 36.95568915769458
RMSE-Edges: 9.47776265963912
LogRMSE-Edges: 42.14020394921303
$\delta < 1.05$-Edges: 0.12444003718679968
$\delta < 1.1$-Edges: 0.23578892375059582
$\delta < 1.25$-Edges: 0.4931957578645064
$\delta < 1.25^2$-Edges: 0.7619171433877007
$\delta < 1.25^3$-Edges: 0.8844797347696912
MAE-Edges: 6.110069205239415
InvMAE-Edges: 30.274003081917762
InvRMSE-Edges: 41.916037061214446
LogMAE-Edges: 31.828087446689604
LogSI-Edges: 40.86017238193815
Chamfer-Edges: 3.398212271995325
F-Score-Edges: 7.556849373131991
IoU-Edges: 4.183304256349802
F-Score-20-Edges: 16.214362723827364
IoU-20-Edges: 9.51230033904314
DirAcc-Edges: 69.66324530184671
Dir (-)-Edges: 4.0321895235892695
Dir (+)-Edges: 26.30456517456402
EdgeAcc-Edges: 3.545870513547145
EdgeComp-Edges: 28.29324219315772
