Ratio: 0.12354472461494796
AbsRel: 22.777300515174865
SqRel: 14.052153272330761
RMSE: 7.994303129687905
LogRMSE: 35.670936002731324
$\delta < 1.05$: 0.17341672855348847
$\delta < 1.1$: 0.327199625504215
$\delta < 1.25$: 0.644695685553318
$\delta < 1.25^2$: 0.861136900012497
$\delta < 1.25^3$: 0.9315526748323245
MAE: 4.48387496445328
InvMAE: 353.42905751049517
InvRMSE: 4408.031863895655
LogMAE: 24.06713268041611
LogSI: 35.116143537554755
Chamfer: 2.5299125385265517
F-Score: 13.810194696187972
IoU: 7.61143085449934
F-Score-20: 27.072552690505983
IoU-20: 16.39719968020916
Ratio-Edges: 0.10545924500893772
AbsRel-Edges: 28.397560812830925
SqRel-Edges: 17.66773645475507
RMSE-Edges: 9.317047468349337
LogRMSE-Edges: 39.76636415839195
$\delta < 1.05$-Edges: 0.13579459593653284
$\delta < 1.1$-Edges: 0.2543759356807768
$\delta < 1.25$-Edges: 0.523786692738978
$\delta < 1.25^2$-Edges: 0.784873277577164
$\delta < 1.25^3$-Edges: 0.8941393095600045
MAE-Edges: 5.889389279857278
InvMAE-Edges: 70.45454178869724
InvRMSE-Edges: 888.8375409215689
LogMAE-Edges: 29.91051654815674
LogSI-Edges: 38.90692725238278
Chamfer-Edges: 4.089561893892323
F-Score-Edges: 7.327255901247263
IoU-Edges: 4.16230935677886
F-Score-20-Edges: 15.439366106390953
IoU-20-Edges: 9.133460308760405
DirAcc-Edges: 72.50961204902868
Dir (-)-Edges: 5.729748047075752
Dir (+)-Edges: 21.760639903895573
EdgeAcc-Edges: 3.658318727191512
EdgeComp-Edges: 43.07317259218555
