Ratio: 0.21726822954495775
AbsRel: 22.91090076980591
SqRel: 10.271583571434022
RMSE: 1.4736234565794468
LogRMSE: 36.75249161605835
$\delta < 1.05$: 0.17307607448147633
$\delta < 1.1$: 0.32728696359620657
$\delta < 1.25$: 0.6419053196851944
$\delta < 1.25^2$: 0.8424596241545942
$\delta < 1.25^3$: 0.9004527478805797
MAE: 0.8213731787204742
InvMAE: 102.67194244232178
InvRMSE: 168.41963555755615
LogMAE: 25.53278915939331
LogSI: 36.168692103246165
