Ratio: 2.2094340574979783
AbsRel: 31.13442493247986
SqRel: 19.611576019382476
RMSE: 1.5580906885266304
LogRMSE: 43.36461180419922
$\delta < 1.05$: 0.12159364475693146
$\delta < 1.1$: 0.23194495446569463
$\delta < 1.25$: 0.48978017808808555
$\delta < 1.25^2$: 0.7596205382089404
$\delta < 1.25^3$: 0.8745329010486393
MAE: 0.9908113747477532
InvMAE: 136.16988554077147
InvRMSE: 180.12919495239257
LogMAE: 32.450883737564084
LogSI: 41.90986186206874
