Ratio: 31249.81195703125
AbsRel: 17.831922908306122
SqRel: 20.96493301606178
RMSE: 19.25503894472122
LogRMSE: 34.37343224334717
$\delta < 1.05$: 0.2439271311613707
$\delta < 1.1$: 0.4399029031762444
$\delta < 1.25$: 0.7412532183659749
$\delta < 1.25^2$: 0.902561678583121
$\delta < 1.25^3$: 0.9539923947862639
MAE: 8.510211919307709
InvMAE: 397.6445818197727
InvRMSE: 16174.449294179916
LogMAE: 18.840169255256654
LogSI: 33.52634790326847
Chamfer: 3.2758210736180926
F-Score: 8.989440484888851
IoU: 4.81621224309504
F-Score-20: 26.278019978046416
IoU-20: 15.696781596034766
