Ratio: 4.0132440022545556e-05
AbsRel: 15.488950263023376
SqRel: 15.452572548747062
RMSE: 23.254249586582183
LogRMSE: 84.33668294143676
$\delta < 1.05$: 0.4270431130266933
$\delta < 1.1$: 0.6242832034231351
$\delta < 1.25$: 0.8233130832754371
$\delta < 1.25^2$: 0.9255145146893642
$\delta < 1.25^3$: 0.9621746922957746
MAE: 8.966644871473312
InvMAE: 8011.6376152569055
InvRMSE: 66278.79985952545
LogMAE: 22.64559758090973
LogSI: 83.5922120947265
Chamfer: 2.8355944850533397
F-Score: 18.251660643815995
IoU: 10.193302151560783
F-Score-20: 40.31594649219513
IoU-20: 25.657425779819487
