Ratio: 0.0001334627719412116
AbsRel: 9.602074644198785
SqRel: 12.62213037867099
RMSE: 0.810624148272551
LogRMSE: 16.58264082138355
$\delta < 1.05$: 0.5046860164474547
$\delta < 1.1$: 0.724082346676587
$\delta < 1.25$: 0.9137871000198056
$\delta < 1.25^2$: 0.970354029952546
$\delta < 1.25^3$: 0.9901832957817317
MAE: 0.37634598952359877
InvMAE: 647.1944912983821
InvRMSE: 3426.7838728156457
LogMAE: 9.571251562008491
LogSI: 16.45645154962463
