Ratio: 19631.70617511561
AbsRel: 72.45935771711204
SqRel: 1438.8030448986276
RMSE: 17.19689353164536
LogRMSE: 60.38139372770027
$\delta < 1.05$: 0.13659993690476901
$\delta < 1.1$: 0.24970705481874614
$\delta < 1.25$: 0.49089825666828024
$\delta < 1.25^2$: 0.7308593629698702
$\delta < 1.25^3$: 0.8461091496581988
MAE: 8.188236516954653
InvMAE: 737.242876140526
InvRMSE: 15300.01511558396
LogMAE: 38.512007933561044
LogSI: 57.751945496832164
