Ratio: 4.288182553812996e-05
AbsRel: 32.591387827834744
SqRel: 142.26076175068658
RMSE: 8.481266692614875
LogRMSE: 47.96944180839265
$\delta < 1.05$: 0.23097629025490296
$\delta < 1.1$: 0.3751500992453519
$\delta < 1.25$: 0.5982465708053746
$\delta < 1.25^2$: 0.7864123243504466
$\delta < 1.25^3$: 0.8769017516946792
MAE: 4.923829603388972
InvMAE: 1681.8704337330678
InvRMSE: 10331.525980099968
LogMAE: 31.297271728515625
LogSI: 45.29904088473628
