Ratio: 4846.33004657452
AbsRel: 36.82312191009522
SqRel: 101.9360860963968
RMSE: 4.308149990668664
LogRMSE: 39.513214284456694
$\delta < 1.05$: 0.15648778603975588
$\delta < 1.1$: 0.2856607667469046
$\delta < 1.25$: 0.5514841541791468
$\delta < 1.25^2$: 0.8007144735221552
$\delta < 1.25^3$: 0.9059308252681191
MAE: 2.0247966425235453
InvMAE: 221.33132776407095
InvRMSE: 3121.7844800626312
LogMAE: 28.691241510831393
LogSI: 37.97116261201858
