Ratio: 4.696535610239733e-05
AbsRel: 10.982806237563034
SqRel: 4.064676789006938
RMSE: 4.842849519903674
LogRMSE: 16.74569767750114
$\delta < 1.05$: 0.4030913775853568
$\delta < 1.1$: 0.6419761856296118
$\delta < 1.25$: 0.8833338390403225
$\delta < 1.25^2$: 0.968787558513135
$\delta < 1.25^3$: 0.9908105218530671
MAE: 2.1790487277864314
InvMAE: 54.22012112038267
InvRMSE: 1355.9803697828866
LogMAE: 10.713425793896423
LogSI: 16.67298527466917
Chamfer: 0.9206052218387643
F-Score: 40.558022338554174
IoU: 26.734443192101693
F-Score-20: 60.95943212655424
IoU-20: 45.32971965827825
