Ratio: 21317.2382497963
AbsRel: 14.229887891766484
SqRel: 13.392645783905238
RMSE: 5.774834300659917
LogRMSE: 18.89277164263228
$\delta < 1.05$: 0.3499764026144327
$\delta < 1.1$: 0.5869212109752411
$\delta < 1.25$: 0.8589511778345121
$\delta < 1.25^2$: 0.9577897293061107
$\delta < 1.25^3$: 0.9831363128388023
MAE: 2.6002608227766366
InvMAE: 26.420459821546004
InvRMSE: 904.3012182496808
LogMAE: 12.519716584243657
LogSI: 18.308774257350244
Chamfer: 1.023881963270142
F-Score: 36.245004044354324
IoU: 23.482676116509673
F-Score-20: 58.17419241396196
IoU-20: 42.57606414051875
