Ratio: 5.038620985612811e-05
AbsRel: 11.407795011316027
SqRel: 4.260464767898832
RMSE: 5.019392017722129
LogRMSE: 17.99051139831543
$\delta < 1.05$: 0.3813113866876079
$\delta < 1.1$: 0.6196022089338074
$\delta < 1.25$: 0.8765281946857387
$\delta < 1.25^2$: 0.9663441774493627
$\delta < 1.25^3$: 0.9892765853860159
MAE: 2.3154185259342195
InvMAE: 134.64688815150942
InvRMSE: 2343.981145388399
LogMAE: 11.280039298874991
LogSI: 17.89372822670304
Chamfer: 0.9982315246058984
F-Score: 37.74776235784803
IoU: 24.459120712620873
F-Score-20: 58.698495522907805
IoU-20: 42.85694975784847
