Ratio: 20512.789441964287
AbsRel: 13.35364419051579
SqRel: 6.05611261674336
RMSE: 5.576361502408981
LogRMSE: 18.716991099630082
$\delta < 1.05$: 0.3330423854105322
$\delta < 1.1$: 0.5687285063508984
$\delta < 1.25$: 0.8465044570827072
$\delta < 1.25^2$: 0.9571640602940537
$\delta < 1.25^3$: 0.9859277297673497
MAE: 2.6281074162891933
InvMAE: 24.889760511602674
InvRMSE: 835.6378298643657
LogMAE: 12.67568977696555
LogSI: 17.99597704811673
Chamfer: 1.085861693432786
F-Score: 33.79461399163519
IoU: 21.47670079086508
F-Score-20: 55.437382548877174
IoU-20: 39.88670134442193
