Ratio: 3.245278180057766e-05
AbsRel: 15.517781733512878
SqRel: 10.019431236803532
RMSE: 8.158966357141733
LogRMSE: 25.987637660741807
$\delta < 1.05$: 0.3122890221016426
$\delta < 1.1$: 0.525210712830074
$\delta < 1.25$: 0.8010905062291797
$\delta < 1.25^2$: 0.9303284577445042
$\delta < 1.25^3$: 0.969947606149268
MAE: 4.680958611041308
InvMAE: 495.74783077308535
InvRMSE: 3931.7383698612452
LogMAE: 15.838305634975434
LogSI: 25.739303561187405
Chamfer: 2.850652351837204
F-Score: 14.463415936306118
IoU: 8.31444328802824
F-Score-20: 26.161206538230182
IoU-20: 16.325106182098388
