Ratio: 39094.65110107422
AbsRel: 28.544411848545074
SqRel: 38.6292641505003
RMSE: 13.47496064466238
LogRMSE: 35.35879960823059
$\delta < 1.05$: 0.21876454134525736
$\delta < 1.1$: 0.381504241549361
$\delta < 1.25$: 0.6542577379020326
$\delta < 1.25^2$: 0.8506529647847637
$\delta < 1.25^3$: 0.9264712239157233
MAE: 7.7599605311155315
InvMAE: 127.28779890406132
InvRMSE: 3259.3312566355467
LogMAE: 23.60559818172455
LogSI: 33.489472316112064
Chamfer: 3.2916116689266084
F-Score: 11.384563096657395
IoU: 6.445543220385909
F-Score-20: 21.382003518640996
IoU-20: 12.94972258785367
