Ratio: 0.00022912479928071354
AbsRel: 10.103805734476913
SqRel: 4.514374378339504
RMSE: 0.5189977052823758
LogRMSE: 13.68522777141781
$\delta < 1.05$: 0.4043613799555878
$\delta < 1.1$: 0.6505996297632725
$\delta < 1.25$: 0.9010405657990977
$\delta < 1.25^2$: 0.9806295768124755
$\delta < 1.25^3$: 0.9948722292736788
MAE: 0.3095590724789221
InvMAE: 127.96249543927861
InvRMSE: 512.7764684709205
LogMAE: 9.924770279761848
LogSI: 13.633992360363166
