Ratio: 3167.8001949765267
AbsRel: 24.820121449432605
SqRel: 67.32669799198433
RMSE: 1.674488493563203
LogRMSE: 27.520870568919985
$\delta < 1.05$: 0.20333475111627977
$\delta < 1.1$: 0.3693142929954857
$\delta < 1.25$: 0.6794579787594066
$\delta < 1.25^2$: 0.8991827237635807
$\delta < 1.25^3$: 0.9656951264159882
MAE: 0.8261854795778928
InvMAE: 105.00868263594602
InvRMSE: 750.8020320507364
LogMAE: 20.168340355613545
LogSI: 25.929150017631645
