Ratio: 0.00024724020388417845
AbsRel: 25.525354684140694
SqRel: 31.604200620432362
RMSE: 6.328312799933425
LogRMSE: 56.87709187645661
$\delta < 1.05$: 0.24955716700945038
$\delta < 1.1$: 0.4109251894427701
$\delta < 1.25$: 0.6556709074144738
$\delta < 1.25^2$: 0.8252585902916799
$\delta < 1.25^3$: 0.9021207572643581
MAE: 3.00901988666665
InvMAE: 6561.824824117003
InvRMSE: 24769.089499316262
LogMAE: 32.65812674315922
LogSI: 54.50088164695294
Chamfer: 2.352157727142868
F-Score: 43.571544747444264
IoU: 34.337216797878554
F-Score-20: 56.12078754129245
IoU-20: 46.19147288625342
