Ratio: 10002.449936051802
AbsRel: 128.86456712296135
SqRel: 5508.825730952594
RMSE: 9.987609697571783
LogRMSE: 71.01203766348259
$\delta < 1.05$: 0.12748977187403193
$\delta < 1.1$: 0.2286767942462164
$\delta < 1.25$: 0.4315838816835862
$\delta < 1.25^2$: 0.645575494533222
$\delta < 1.25^3$: 0.7704147509404028
MAE: 4.618399839794807
InvMAE: 780.2876621931506
InvRMSE: 9938.752354172315
LogMAE: 50.545401664841116
LogSI: 66.0617207346841
Chamfer: 3.108394639311223
F-Score: 29.57860922602375
IoU: 19.313184075421123
F-Score-20: 45.55272041268326
IoU-20: 32.8207872713867
