Ratio: 0.004893979004995111
AbsRel: 20.62686035692692
SqRel: 13.16556328907609
RMSE: 7.749919509477913
LogRMSE: 35.24920100092888
$\delta < 1.05$: 0.21578779657178193
$\delta < 1.1$: 0.3992833014849805
$\delta < 1.25$: 0.695899631168781
$\delta < 1.25^2$: 0.8795907656048771
$\delta < 1.25^3$: 0.9413370258077944
MAE: 4.259850011281669
InvMAE: 575.5214678645134
InvRMSE: 7605.931071979404
LogMAE: 21.591051788926123
LogSI: 34.76437539862761
Chamfer: 2.4964089661077624
F-Score: 16.560183261036872
IoU: 9.410975297540427
F-Score-20: 31.3348249989748
IoU-20: 19.818672792911528
Ratio-Edges: 0.004265899891315308
AbsRel-Edges: 27.8216989672184
SqRel-Edges: 19.711414388902487
RMSE-Edges: 9.420152908768506
LogRMSE-Edges: 43.64642960548401
$\delta < 1.05$-Edges: 0.14510758382871955
$\delta < 1.1$-Edges: 0.27040546038724345
$\delta < 1.25$-Edges: 0.5415667456047422
$\delta < 1.25^2$-Edges: 0.7986446001387596
$\delta < 1.25^3$-Edges: 0.9027247788435477
MAE-Edges: 5.894483751095831
InvMAE-Edges: 653.096426024735
InvRMSE-Edges: 7167.840097965598
LogMAE-Edges: 29.29083855032921
LogSI-Edges: 42.810308482313346
Chamfer-Edges: 3.891243425981416
F-Score-Edges: 8.350957309901714
IoU-Edges: 4.65098110742867
F-Score-20-Edges: 17.643944543749093
IoU-20-Edges: 10.526828668341041
DirAcc-Edges: 77.50197166118478
Dir (-)-Edges: 6.067187446465892
Dir (+)-Edges: 16.430840892349334
EdgeAcc-Edges: 2.5915765495470295
EdgeComp-Edges: 46.17510210447439
