Ratio: 0.005463789227081804
AbsRel: 23.235058322721912
SqRel: 26.242492354906375
RMSE: 9.223186330545333
LogRMSE: 50.11483357491032
$\delta < 1.05$: 0.2083250487218532
$\delta < 1.1$: 0.3845720948133596
$\delta < 1.25$: 0.6736996481347186
$\delta < 1.25^2$: 0.8615753740714119
$\delta < 1.25^3$: 0.9300481636156256
MAE: 5.0316958314468785
InvMAE: 4201.210862278169
InvRMSE: 24234.122360756166
LogMAE: 26.91010521857969
LogSI: 48.63977944145778
Chamfer: 2.4212667200093425
F-Score: 17.436832800372954
IoU: 10.108356114895113
F-Score-20: 33.4455298940597
IoU-20: 21.761765231470907
Ratio-Edges: 0.004460893051483203
AbsRel-Edges: 30.361847601996526
SqRel-Edges: 32.93971318413619
RMSE-Edges: 10.876821814949801
LogRMSE-Edges: 51.10615215052187
$\delta < 1.05$-Edges: 0.13917176935237535
$\delta < 1.1$-Edges: 0.2620682815901501
$\delta < 1.25$-Edges: 0.5237803317219747
$\delta < 1.25^2$-Edges: 0.7760974107262278
$\delta < 1.25^3$-Edges: 0.894026855849292
MAE-Edges: 6.850898530280668
InvMAE-Edges: 1713.7543896770167
InvRMSE-Edges: 15084.472781581817
LogMAE-Edges: 31.81348829300575
LogSI-Edges: 49.92793395239628
Chamfer-Edges: 4.281451361949972
F-Score-Edges: 8.762125722099753
IoU-Edges: 5.252558853784028
F-Score-20-Edges: 17.033809389904434
IoU-20-Edges: 10.623215699780221
DirAcc-Edges: 72.92630896421565
Dir (-)-Edges: 4.365993813612516
Dir (+)-Edges: 22.707697222171834
EdgeAcc-Edges: 2.8448817070909533
EdgeComp-Edges: 41.785072317551496
