Ratio: 19262.773497924805
AbsRel: 39.695987997055056
SqRel: 254.84937546402216
RMSE: 10.840448758900166
LogRMSE: 42.519929099082944
$\delta < 1.05$: 0.1515221036223236
$\delta < 1.1$: 0.28339812463086533
$\delta < 1.25$: 0.5633697921306998
$\delta < 1.25^2$: 0.8027471551447863
$\delta < 1.25^3$: 0.903931151140658
MAE: 5.804974467754364
InvMAE: 300.5129281926155
InvRMSE: 6613.001706900596
LogMAE: 29.17305819153786
LogSI: 41.01408452695732
Chamfer: 3.0266967938332043
F-Score: 12.520141736716033
IoU: 6.861553234085441
F-Score-20: 24.84767042994499
IoU-20: 14.809588302373886
Ratio-Edges: 21176.781636352538
AbsRel-Edges: 43.85842769622803
SqRel-Edges: 165.2453005245328
RMSE-Edges: 11.597391642332077
LogRMSE-Edges: 52.1100971364975
$\delta < 1.05$-Edges: 0.12071441612768403
$\delta < 1.1$-Edges: 0.22536356208805913
$\delta < 1.25$-Edges: 0.47769653588181443
$\delta < 1.25^2$-Edges: 0.7388132885359443
$\delta < 1.25^3$-Edges: 0.8632705043686744
MAE-Edges: 7.065063808448612
InvMAE-Edges: 1377.947172587514
InvRMSE-Edges: 11145.9365893811
LogMAE-Edges: 35.60102561593056
LogSI-Edges: 50.647315157126506
Chamfer-Edges: 3.7848702118021653
F-Score-Edges: 7.91791332282126
IoU-Edges: 4.349506444446742
F-Score-20-Edges: 17.179810844957828
IoU-20-Edges: 10.120198735296727
DirAcc-Edges: 70.32645580652346
Dir (-)-Edges: 4.2051105800527635
Dir (+)-Edges: 25.468433613423784
EdgeAcc-Edges: 2.6297411209522825
EdgeComp-Edges: 29.733319132538398
