Ratio: 23753.909756489415
AbsRel: 32.686746121068154
SqRel: 74.88025821285864
RMSE: 10.413889150927144
LogRMSE: 39.10760685582315
$\delta < 1.05$: 0.1575328364681992
$\delta < 1.1$: 0.29762255976360436
$\delta < 1.25$: 0.5799473496199805
$\delta < 1.25^2$: 0.8144558708290477
$\delta < 1.25^3$: 0.9103836697456805
MAE: 5.832158905498443
InvMAE: 153.6985455149989
InvRMSE: 4976.42075002055
LogMAE: 27.64038586032006
LogSI: 37.53187958734258
Chamfer: 2.8368156275937895
F-Score: 12.926556348569932
IoU: 7.114722904216858
F-Score-20: 25.859828296784432
IoU-20: 15.558814390705479
Ratio-Edges: 25551.588503370098
AbsRel-Edges: 43.64076568129795
SqRel-Edges: 135.5280015622089
RMSE-Edges: 12.754695881757081
LogRMSE-Edges: 54.86378887151581
$\delta < 1.05$-Edges: 0.12933719664715976
$\delta < 1.1$-Edges: 0.24205582363813985
$\delta < 1.25$-Edges: 0.48908929780940796
$\delta < 1.25^2$-Edges: 0.7464349455483199
$\delta < 1.25^3$-Edges: 0.8708935587694318
MAE-Edges: 7.853311758629637
InvMAE-Edges: 2207.0755686016646
InvRMSE-Edges: 14960.061173922408
LogMAE-Edges: 35.90623363420075
LogSI-Edges: 53.073143037982476
Chamfer-Edges: 4.377077410648118
F-Score-Edges: 7.623766060115075
IoU-Edges: 4.417731938209214
F-Score-20-Edges: 15.619281680930674
IoU-20-Edges: 9.479864597301077
DirAcc-Edges: 66.49929791242452
Dir (-)-Edges: 3.528941784226167
Dir (+)-Edges: 29.971760303349306
EdgeAcc-Edges: 2.791200355211351
EdgeComp-Edges: 40.61980643010755
