Ratio: 3769.4971778808595
AbsRel: 24.332208976745605
SqRel: 75.06457111797333
RMSE: 3.618945754164457
LogRMSE: 31.858608723449706
$\delta < 1.05$: 0.3094404646579417
$\delta < 1.1$: 0.5206524149573662
$\delta < 1.25$: 0.7816490631490943
$\delta < 1.25^2$: 0.8990519125517723
$\delta < 1.25^3$: 0.9431065203061575
MAE: 1.0571520240008832
InvMAE: 91.76098438796997
InvRMSE: 1708.1007832946777
LogMAE: 18.28248200016022
LogSI: 30.895939735254245
