Ratio: 0.0002117116789138646
AbsRel: 12.681445881795883
SqRel: 17.14407503221035
RMSE: 1.085938861528039
LogRMSE: 21.57741416568756
$\delta < 1.05$: 0.41873664286183376
$\delta < 1.1$: 0.6514388815581912
$\delta < 1.25$: 0.8624529571177693
$\delta < 1.25^2$: 0.938945910408883
$\delta < 1.25^3$: 0.9673987309685089
MAE: 0.4837822734922171
InvMAE: 302.9570639343262
InvRMSE: 1935.9335361167907
LogMAE: 12.668879252767562
LogSI: 21.42511054236338
