Ratio: 41.91309596443176
AbsRel: 30.792224921226502
SqRel: 88.14680844831467
RMSE: 20.64275472164154
LogRMSE: 37.894175601959226
$\delta < 1.05$: 0.14456998145947375
$\delta < 1.1$: 0.27605294535691566
$\delta < 1.25$: 0.5667817792736795
$\delta < 1.25^2$: 0.8116918343532552
$\delta < 1.25^3$: 0.9337792489439559
MAE: 9.780234640598296
InvMAE: 14.881027971744537
InvRMSE: 24.018869126319885
LogMAE: 26.868051712989807
LogSI: 37.141317728306284
Chamfer: 3.0684894990092575
F-Score: 5.113117967754603
IoU: 2.636049196958542
F-Score-20: 16.717449870705604
IoU-20: 9.225762123525143
