Ratio: 0.03469974675509037
AbsRel: 32.096373470306396
SqRel: 70.25023000860214
RMSE: 33.62373264932632
LogRMSE: 150.41876305389405
$\delta < 1.05$: 0.12608302894289042
$\delta < 1.1$: 0.24463080730363618
$\delta < 1.25$: 0.5550608193805047
$\delta < 1.25^2$: 0.8327626180355963
$\delta < 1.25^3$: 0.9036537128388322
MAE: 14.429611001968384
InvMAE: 21546.45604318428
InvRMSE: 119230.55231098842
LogMAE: 51.24476662826538
LogSI: 147.63766387641675
Chamfer: 3.439670155007035
F-Score: 5.925119884252548
IoU: 3.1110802058279514
F-Score-20: 17.461309611320495
IoU-20: 9.773431897640227
