Ratio: 12.384193574465238
AbsRel: 37.976274874760556
SqRel: 222.01698002301728
RMSE: 2.400394182067651
LogRMSE: 41.494757887033316
$\delta < 1.05$: 0.13422464397029138
$\delta < 1.1$: 0.25165024069480224
$\delta < 1.25$: 0.5151807297066417
$\delta < 1.25^2$: 0.7736800423130823
$\delta < 1.25^3$: 0.8923378903132994
MAE: 1.2616242714799368
InvMAE: 131.5967796237652
InvRMSE: 174.43359662569486
LogMAE: 31.019117698669433
LogSI: 40.014071371106596
