Ratio: 39.510932785513155
AbsRel: 59.87196328073339
SqRel: 509.5331642028997
RMSE: 10.168705949735214
LogRMSE: 55.963945499984675
$\delta < 1.05$: 0.11410456109603431
$\delta < 1.1$: 0.21726825994848156
$\delta < 1.25$: 0.4458992068323209
$\delta < 1.25^2$: 0.6937858470001638
$\delta < 1.25^3$: 0.8199416608052791
MAE: 6.394041683508141
InvMAE: 46.85593773003651
InvRMSE: 99.89071581181923
LogMAE: 40.40222999333266
LogSI: 53.08574679440535
