Ratio: 0.02881345367839762
AbsRel: 40.05329747264161
SqRel: 107.06556282663558
RMSE: 9.886736972850535
LogRMSE: 58.10114038578598
$\delta < 1.05$: 0.11578335994525178
$\delta < 1.1$: 0.21909567646576444
$\delta < 1.25$: 0.4467488632425765
$\delta < 1.25^2$: 0.683832843571354
$\delta < 1.25^3$: 0.8094602358378316
MAE: 6.1580428145658805
InvMAE: 1183.696757665664
InvRMSE: 8131.460584741002
LogMAE: 41.700772652177
LogSI: 54.74503708720696
