Ratio: 0.04001029633136561
AbsRel: 19.41840814957252
SqRel: 19.287584409071847
RMSE: 1.1755166324056112
LogRMSE: 27.341653819450965
$\delta < 1.05$: 0.2164395040376228
$\delta < 1.1$: 0.39073397380865155
$\delta < 1.25$: 0.707740208658433
$\delta < 1.25^2$: 0.9014165401163787
$\delta < 1.25^3$: 0.9589582632841398
MAE: 0.7208289323174036
InvMAE: 303.11834337748013
InvRMSE: 2316.653280561887
LogMAE: 20.079237244679376
LogSI: 26.963820913937887
