Ratio: 0.038060503999218204
AbsRel: 7.0333528535706655
SqRel: 8.049537545016834
RMSE: 3.8825342102987426
LogRMSE: 12.964350156102862
$\delta < 1.05$: 0.7157238852977021
$\delta < 1.1$: 0.8505607329474943
$\delta < 1.25$: 0.9403860805372083
$\delta < 1.25^2$: 0.9768793418784159
$\delta < 1.25^3$: 0.9884036280432956
MAE: 1.4684818821081094
InvMAE: 9.166268093756267
InvRMSE: 107.11577532189233
LogMAE: 6.491698295729501
LogSI: 12.868709626246211
Chamfer: 0.6332287095826983
F-Score: 61.3715758562088
IoU: 45.83199911151613
F-Score-20: 76.02289029802594
IoU-20: 62.955902115958075
