Ratio: 26.164526277269637
AbsRel: 7.9996469116210935
SqRel: 18.907836269917233
RMSE: 4.093978451320103
LogRMSE: 13.336371449061803
$\delta < 1.05$: 0.7162375774301164
$\delta < 1.1$: 0.866484133434554
$\delta < 1.25$: 0.9547621975293011
$\delta < 1.25^2$: 0.9804914144907209
$\delta < 1.25^3$: 0.9876131767724157
MAE: 1.4183288402216776
InvMAE: 4.684144863060543
InvRMSE: 9.919133830240794
LogMAE: 6.305051207883017
LogSI: 13.190464049799822
Chamfer: 0.5192617219178666
F-Score: 61.36244707311903
IoU: 45.9637400838307
F-Score-20: 77.52112368106842
IoU-20: 64.70535516125815
