Ratio: 26.633178156577735
AbsRel: 10.468541069264793
SqRel: 8.937957986777912
RMSE: 4.532250455643502
LogRMSE: 16.05134912210008
$\delta < 1.05$: 0.4421520794170016
$\delta < 1.1$: 0.6887289409728419
$\delta < 1.25$: 0.9035572423813932
$\delta < 1.25^2$: 0.9746320831060902
$\delta < 1.25^3$: 0.9905708700426344
MAE: 1.9698083028654378
InvMAE: 7.72669622320339
InvRMSE: 12.717585640450928
LogMAE: 9.763322018772547
LogSI: 15.679575018463986
Chamfer: 0.7264028389003363
F-Score: 44.33826675060337
IoU: 29.63046658688162
F-Score-20: 64.99317939003552
IoU-20: 49.366132979012704
