Ratio: 0.037568352413470854
AbsRel: 9.75141451402676
SqRel: 6.234210912481042
RMSE: 4.520073617894226
LogRMSE: 16.501569799850323
$\delta < 1.05$: 0.478498534147679
$\delta < 1.1$: 0.7061737801492503
$\delta < 1.25$: 0.903566671503479
$\delta < 1.25^2$: 0.9735544153795122
$\delta < 1.25^3$: 0.9905404000042437
MAE: 1.9585850439920016
InvMAE: 76.74365083096218
InvRMSE: 1273.3120247396223
LogMAE: 9.508290408213446
LogSI: 16.405687760367368
Chamfer: 0.7581477257664112
F-Score: 46.64205718040466
IoU: 31.477905578408503
F-Score-20: 65.68386273296333
IoU-20: 49.999893374238276
