Ratio: 0.012297896077801974
AbsRel: 29.48918479347229
SqRel: 18.07765117189288
RMSE: 12.512911205410957
LogRMSE: 42.899456077575685
$\delta < 1.05$: 0.12954923195416218
$\delta < 1.1$: 0.2436629441423168
$\delta < 1.25$: 0.5000459192279032
$\delta < 1.25^2$: 0.7633792257722553
$\delta < 1.25^3$: 0.8819520472809098
MAE: 8.409055985689163
InvMAE: 1300.1427753167152
InvRMSE: 3341.1898210571408
LogMAE: 32.94828206205368
LogSI: 40.7265378099102
Chamfer: 6.0665742563339675
F-Score: 7.278949150159955
IoU: 3.9631827884260566
F-Score-20: 14.004722202431411
IoU-20: 8.10811043780169
