Ratio: 87.98353562736511
AbsRel: 38.26347455406189
SqRel: 41.51276205635071
RMSE: 13.855021929264069
LogRMSE: 45.75435936546326
$\delta < 1.05$: 0.11453823367820821
$\delta < 1.1$: 0.21640161030826874
$\delta < 1.25$: 0.4545006461786118
$\delta < 1.25^2$: 0.7136003958953261
$\delta < 1.25^3$: 0.8512929475867445
MAE: 9.482528169691562
InvMAE: 22.702564391613006
InvRMSE: 30.477041156172753
LogMAE: 35.233835129737855
LogSI: 43.93183570614784
Chamfer: 4.139037559457985
F-Score: 8.563579136013985
IoU: 4.7197162414789195
F-Score-20: 16.599665783166884
IoU-20: 9.715532242357732
