Ratio: 7.771710099430259
AbsRel: 34.43736550275703
SqRel: 48.98874320221968
RMSE: 1.3101725669446707
LogRMSE: 37.33786276429436
$\delta < 1.05$: 0.11639423698152217
$\delta < 1.1$: 0.22367416784088834
$\delta < 1.25$: 0.4820382668077784
$\delta < 1.25^2$: 0.7749599405813065
$\delta < 1.25^3$: 0.9134751423936073
MAE: 0.8935389308891165
InvMAE: 124.71302751663627
InvRMSE: 162.47996005953635
LogMAE: 29.650916652212814
LogSI: 35.39003302998062
