Ratio: 0.09550946020350953
AbsRel: 24.237601704553725
SqRel: 16.184552419668673
RMSE: 1.0800308279624773
LogRMSE: 31.161680319987305
$\delta < 1.05$: 0.1457538554466452
$\delta < 1.1$: 0.27716245228763
$\delta < 1.25$: 0.5752371838062011
$\delta < 1.25^2$: 0.8464015168995624
$\delta < 1.25^3$: 0.9512344838654764
MAE: 0.7086299967123281
InvMAE: 263.19820138365486
InvRMSE: 2368.036766717193
LogMAE: 24.561332148514026
LogSI: 30.79123716102223
