Ratio: 22.844927007216587
AbsRel: 58.8977748339256
SqRel: 331.86969429224587
RMSE: 7.5178277507353055
LogRMSE: 68.34383462262495
$\delta < 1.05$: 0.09531251907741749
$\delta < 1.1$: 0.18071183179613134
$\delta < 1.25$: 0.38103785205252527
$\delta < 1.25^2$: 0.6223913397608157
$\delta < 1.25^3$: 0.7593997351629228
MAE: 4.144309791865531
InvMAE: 276.41617548802253
InvRMSE: 367.395507859157
LogMAE: 50.53354457645325
LogSI: 64.36393967176727
Chamfer: 2.6482047978622556
F-Score: 29.636244532088057
IoU: 20.63117763723055
F-Score-20: 44.60953922522695
IoU-20: 34.43086034649867
