Ratio: 0.0652762984660841
AbsRel: 41.07777866952157
SqRel: 63.88965346465627
RMSE: 7.6338117152024685
LogRMSE: 73.43734648182061
$\delta < 1.05$: 0.11309289997515987
$\delta < 1.1$: 0.21077525352069376
$\delta < 1.25$: 0.4189244006908537
$\delta < 1.25^2$: 0.6480984524620791
$\delta < 1.25^3$: 0.7797545479242701
MAE: 4.03134228602123
InvMAE: 4207.535130040611
InvRMSE: 23057.063207855008
LogMAE: 49.93894769814596
LogSI: 70.0573396800675
Chamfer: 2.8596495683666845
F-Score: 28.770744592354202
IoU: 22.57956952288319
F-Score-20: 41.04268457087817
IoU-20: 32.54666157105679
