Ratio: 0.02862380139452944
AbsRel: 24.30353374481201
SqRel: 15.979775952547788
RMSE: 8.372726411223411
LogRMSE: 37.33320940375328
$\delta < 1.05$: 0.16429534003186266
$\delta < 1.1$: 0.31206885644710675
$\delta < 1.25$: 0.6129684955920286
$\delta < 1.25^2$: 0.8435195238338717
$\delta < 1.25^3$: 0.9229873795367799
MAE: 4.755300196558237
InvMAE: 316.75077748417857
InvRMSE: 4255.944663721323
LogMAE: 25.642827098369597
LogSI: 36.728976639112695
Chamfer: 2.6038543269513585
F-Score: 12.759411879181862
IoU: 7.013257532268763
F-Score-20: 25.296335772275924
IoU-20: 15.242333025932313
Ratio-Edges: 0.02383304936172116
AbsRel-Edges: 29.61528553724289
SqRel-Edges: 19.680088978037237
RMSE-Edges: 9.6351524618268
LogRMSE-Edges: 41.9061758852005
$\delta < 1.05$-Edges: 0.12793779063486338
$\delta < 1.1$-Edges: 0.24392044470212773
$\delta < 1.25$-Edges: 0.5060542575136835
$\delta < 1.25^2$-Edges: 0.7713505790211417
$\delta < 1.25^3$-Edges: 0.8861398734968974
MAE-Edges: 6.133422947973013
InvMAE-Edges: 189.03646688222886
InvRMSE-Edges: 2319.3958277964593
LogMAE-Edges: 31.147218145132065
LogSI-Edges: 41.003546454806
Chamfer-Edges: 4.106224571723836
F-Score-Edges: 6.571661752909422
IoU-Edges: 3.638585841935128
F-Score-20-Edges: 14.283738611340523
IoU-20-Edges: 8.286555935293435
DirAcc-Edges: 74.1443713168534
Dir (-)-Edges: 6.419652799191421
Dir (+)-Edges: 19.435975883955184
EdgeAcc-Edges: 4.104197001136637
EdgeComp-Edges: 46.38336117241484
