Ratio: 34.45476647407778
AbsRel: 32.36435472919095
SqRel: 45.81696226612214
RMSE: 9.505556895540607
LogRMSE: 38.20645550758608
$\delta < 1.05$: 0.14559461762204665
$\delta < 1.1$: 0.2764544487011584
$\delta < 1.25$: 0.5577867449403305
$\delta < 1.25^2$: 0.807664571473225
$\delta < 1.25^3$: 0.9067060374129187
MAE: 5.603187372895979
InvMAE: 30.555127174008277
InvRMSE: 44.810605956046814
LogMAE: 28.587845063978627
LogSI: 36.98031941495988
Chamfer: 2.659574600149863
F-Score: 11.859224097882548
IoU: 6.475969673625885
F-Score-20: 24.176542820469027
IoU-20: 14.38693969988054
Ratio-Edges: 38.49867515314638
AbsRel-Edges: 40.76941566030963
SqRel-Edges: 75.66171602669105
RMSE-Edges: 11.49421382586356
LogRMSE-Edges: 44.578440659965565
$\delta < 1.05$-Edges: 0.12749491634956742
$\delta < 1.1$-Edges: 0.23553215091002974
$\delta < 1.25$-Edges: 0.4780845464764632
$\delta < 1.25^2$-Edges: 0.7401949215288544
$\delta < 1.25^3$-Edges: 0.867474966789796
MAE-Edges: 7.465594592758643
InvMAE-Edges: 29.128703999441434
InvRMSE-Edges: 43.601174382758295
LogMAE-Edges: 33.68842111039006
LogSI-Edges: 43.14914170931806
Chamfer-Edges: 4.152116509622204
F-Score-Edges: 7.027742537953495
IoU-Edges: 4.185758986445814
F-Score-20-Edges: 14.13309614814185
IoU-20-Edges: 8.600508647553282
DirAcc-Edges: 64.64342701368301
Dir (-)-Edges: 3.002620470076771
Dir (+)-Edges: 32.35395251624022
EdgeAcc-Edges: 4.046083235622652
EdgeComp-Edges: 31.417054688644438
