Ratio: 0.03264570541781739
AbsRel: 26.784484897428943
SqRel: 26.920348032636028
RMSE: 10.065138626329361
LogRMSE: 52.16861503601074
$\delta < 1.05$: 0.1629372684088065
$\delta < 1.1$: 0.3089290363071289
$\delta < 1.25$: 0.6060189756095055
$\delta < 1.25^2$: 0.8182958303548618
$\delta < 1.25^3$: 0.9022653768462864
MAE: 5.660258449729412
InvMAE: 3164.5481728353807
InvRMSE: 21713.52603766595
LogMAE: 30.412320115489344
LogSI: 50.88797323403108
Chamfer: 2.520481969760215
F-Score: 13.78316733806364
IoU: 7.732130545050867
F-Score-20: 27.574685422528173
IoU-20: 17.033020209035566
Ratio-Edges: 0.025568958786231725
AbsRel-Edges: 31.92722117230783
SqRel-Edges: 29.375319752175045
RMSE-Edges: 11.111768567153051
LogRMSE-Edges: 49.749296434876186
$\delta < 1.05$-Edges: 0.12769505740024037
$\delta < 1.1$-Edges: 0.2430997255156282
$\delta < 1.25$-Edges: 0.4904197377038362
$\delta < 1.25^2$-Edges: 0.7447930733063488
$\delta < 1.25^3$-Edges: 0.8710443796748442
MAE-Edges: 7.135002801479662
InvMAE-Edges: 1426.541873895966
InvRMSE-Edges: 10751.767563586844
LogMAE-Edges: 34.06501890974107
LogSI-Edges: 48.46046488811081
Chamfer-Edges: 4.438276395693272
F-Score-Edges: 6.868658457160775
IoU-Edges: 3.937076445634848
F-Score-20-Edges: 14.609919813489602
IoU-20-Edges: 8.935989506445289
DirAcc-Edges: 69.10114427790509
Dir (-)-Edges: 5.1136848910485035
Dir (+)-Edges: 25.78517083104641
EdgeAcc-Edges: 4.1783909965631105
EdgeComp-Edges: 33.93645989000193
