Ratio: 31.214111021757127
AbsRel: 29.2234517455101
SqRel: 26.51715284794569
RMSE: 8.385197235643863
LogRMSE: 37.117031009197234
$\delta < 1.05$: 0.14413957040953204
$\delta < 1.1$: 0.2737839707732433
$\delta < 1.25$: 0.5596422711276968
$\delta < 1.25^2$: 0.8089506827692713
$\delta < 1.25^3$: 0.9136360461751711
MAE: 4.935464250072837
InvMAE: 28.28422347962856
InvRMSE: 38.43112381100654
LogMAE: 27.724424650669096
LogSI: 36.07223616511353
Chamfer: 2.452869518925112
F-Score: 12.008141057938337
IoU: 6.557567577809095
F-Score-20: 23.94015908718109
IoU-20: 14.204653013944625
Ratio-Edges: 34.39886042237282
AbsRel-Edges: 35.55272788882255
SqRel-Edges: 39.2415130700171
RMSE-Edges: 9.695754736289382
LogRMSE-Edges: 43.1780056142807
$\delta < 1.05$-Edges: 0.1192181781141549
$\delta < 1.1$-Edges: 0.22674337492426894
$\delta < 1.25$-Edges: 0.47620343215370314
$\delta < 1.25^2$-Edges: 0.7486623698493667
$\delta < 1.25^3$-Edges: 0.8781742976473984
MAE-Edges: 6.344400308746844
InvMAE-Edges: 30.331226803958415
InvRMSE-Edges: 41.992857786417005
LogMAE-Edges: 32.7736572098732
LogSI-Edges: 41.93839351876908
Chamfer-Edges: 3.448997357669349
F-Score-Edges: 7.139182646758854
IoU-Edges: 3.9501569614559413
F-Score-20-Edges: 15.58140679627657
IoU-20-Edges: 9.074212832897901
DirAcc-Edges: 69.13284756484052
Dir (-)-Edges: 4.298291512488436
Dir (+)-Edges: 26.56886092267105
EdgeAcc-Edges: 3.726466236248612
EdgeComp-Edges: 33.04273830594167
