Ratio: 0.0662955702693332
AbsRel: 24.790579404830932
SqRel: 15.371340062952042
RMSE: 1.5964662335038184
LogRMSE: 39.86520339317322
$\delta < 1.05$: 0.1473520397827966
$\delta < 1.1$: 0.28484837551846187
$\delta < 1.25$: 0.6042526433498161
$\delta < 1.25^2$: 0.8388131998310844
$\delta < 1.25^3$: 0.8937979203674482
MAE: 0.8852027615785599
InvMAE: 177.5251027557373
InvRMSE: 1029.5039608978273
LogMAE: 27.733859036254884
LogSI: 39.23748927446282
