Ratio: 7.4819327808380125
AbsRel: 35.449866247940065
SqRel: 25.69742098236084
RMSE: 1.7395907674908637
LogRMSE: 46.12340751190185
$\delta < 1.05$: 0.11553332580463052
$\delta < 1.1$: 0.22205326094586816
$\delta < 1.25$: 0.46802538777086794
$\delta < 1.25^2$: 0.7256563744975865
$\delta < 1.25^3$: 0.8501748029808074
MAE: 1.1108050981640816
InvMAE: 134.79840436401366
InvRMSE: 169.84037247314453
LogMAE: 34.59496072425842
LogSI: 45.35679059791211
