Ratio: 0.1846388546790177
AbsRel: 30.05078344631195
SqRel: 28.1213085064888
RMSE: 35.08941891765595
LogRMSE: 166.25607390213014
$\delta < 1.05$: 0.13525251106614486
$\delta < 1.1$: 0.26171871438017696
$\delta < 1.25$: 0.5793563132727535
$\delta < 1.25^2$: 0.8327920158957896
$\delta < 1.25^3$: 0.9009871936876149
MAE: 15.196711250305176
InvMAE: 24878.8641628809
InvRMSE: 133261.34023465728
LogMAE: 54.1623511095047
LogSI: 163.4284445025403
Chamfer: 3.7341523625720354
F-Score: 6.168540239930153
IoU: 3.24001357203722
F-Score-20: 18.45695020055771
IoU-20: 10.411018266677857
