Ratio: 7.637719475269318
AbsRel: 25.015646023750307
SqRel: 20.12099778842926
RMSE: 16.571872859954834
LogRMSE: 32.30359453773499
$\delta < 1.05$: 0.17435055483559841
$\delta < 1.1$: 0.32457917424840865
$\delta < 1.25$: 0.6108888413549222
$\delta < 1.25^2$: 0.8373732102467714
$\delta < 1.25^3$: 0.9517262513597411
MAE: 8.240816895484924
InvMAE: 13.67618265724182
InvRMSE: 22.86105058479309
LogMAE: 23.588371357917786
LogSI: 31.675881316396485
Chamfer: 2.82136437757209
F-Score: 6.272013728320599
IoU: 3.273739962428808
F-Score-20: 18.952420963644983
IoU-20: 10.679492946147919
