Ratio: 0.14436575855760445
AbsRel: 40.35050545893442
SqRel: 114.47049452852241
RMSE: 10.091881228001128
LogRMSE: 60.70201680050837
$\delta < 1.05$: 0.11270257584417308
$\delta < 1.1$: 0.2133194157015364
$\delta < 1.25$: 0.4403846388649512
$\delta < 1.25^2$: 0.6873402714161617
$\delta < 1.25^3$: 0.8143817900855888
MAE: 6.185096675371375
InvMAE: 1842.0811920834228
InvRMSE: 12731.206830301628
LogMAE: 41.84683860684724
LogSI: 57.39346990813198
