Ratio: 2.580747882953057
AbsRel: 44.87085628216083
SqRel: 67.15605720226581
RMSE: 2.1240489529187863
LogRMSE: 48.073391169034515
$\delta < 1.05$: 0.11258494193209145
$\delta < 1.1$: 0.2154160858122803
$\delta < 1.25$: 0.45531454630691226
$\delta < 1.25^2$: 0.717758614983211
$\delta < 1.25^3$: 0.8444854717915866
MAE: 1.364402151428736
InvMAE: 157.1335767540565
InvRMSE: 202.2124986061683
LogMAE: 36.81519763359657
LogSI: 46.43589006773799
