Ratio: 0.10955504636654509
AbsRel: 20.029009185937735
SqRel: 17.876002065952008
RMSE: 1.2607459493325306
LogRMSE: 28.36088381107037
$\delta < 1.05$: 0.20602509047048
$\delta < 1.1$: 0.37711365728360685
$\delta < 1.25$: 0.6920383341040086
$\delta < 1.25^2$: 0.8941055694883866
$\delta < 1.25^3$: 0.9557303375388105
MAE: 0.7511667715586149
InvMAE: 317.37733415897077
InvRMSE: 2250.5853294357885
LogMAE: 20.91236235471872
LogSI: 27.942107680278625
