Ratio: 9.016686928379162
AbsRel: 57.66966515271653
SqRel: 475.5444009330775
RMSE: 9.424304703826861
LogRMSE: 53.4699283437344
$\delta < 1.05$: 0.11027369861776116
$\delta < 1.1$: 0.21186455482651176
$\delta < 1.25$: 0.4504841922019948
$\delta < 1.25^2$: 0.7098099922023388
$\delta < 1.25^3$: 0.8335356344982277
MAE: 6.032069095447993
InvMAE: 45.741108723285485
InvRMSE: 99.20825464736185
LogMAE: 38.83992172249764
LogSI: 51.07225842690446
