Ratio: 5.399999999999999
AbsRel: 9.081015505308022
SqRel: 2.9406767847713517
RMSE: 3.9241974788026575
LogRMSE: 12.893749858704082
$\delta < 1.05$: 0.4747169185138897
$\delta < 1.1$: 0.7176958512699807
$\delta < 1.25$: 0.9209750660971225
$\delta < 1.25^2$: 0.9857004682500465
$\delta < 1.25^3$: 0.9958890157144751
MAE: 1.7759490109568725
InvMAE: 6.546273066953647
InvRMSE: 9.752494806892301
LogMAE: 8.521391897479448
LogSI: 11.790051554959541
Chamfer: 0.6945518080950884
F-Score: 46.43361543493768
IoU: 31.173518955341876
F-Score-20: 65.55548134464428
IoU-20: 49.70724121339482
