Ratio: 5.399999999999999
AbsRel: 6.162323083536966
SqRel: 1.7934118981659413
RMSE: 2.617810787430831
LogRMSE: 9.017089776992798
$\delta < 1.05$: 0.5888242750898256
$\delta < 1.1$: 0.8621174343401744
$\delta < 1.25$: 0.9754741852326272
$\delta < 1.25^2$: 0.9941816659807373
$\delta < 1.25^3$: 0.9977116941153742
MAE: 1.137405828322683
InvMAE: 4.620164519718715
InvRMSE: 7.2421568025861465
LogMAE: 5.762294103758676
LogSI: 8.02794739537136
Chamfer: 0.44227274059516136
F-Score: 53.83509094374521
IoU: 37.538261608396255
F-Score-20: 74.42457923344203
IoU-20: 59.96470097133091
