Ratio: 18.961142130970956
AbsRel: 41.25182685470581
SqRel: 52.16249160301685
RMSE: 14.172714008688926
LogRMSE: 47.08436078262329
$\delta < 1.05$: 0.10661227757163137
$\delta < 1.1$: 0.20542043229659254
$\delta < 1.25$: 0.4401618779305529
$\delta < 1.25^2$: 0.700638634834191
$\delta < 1.25^3$: 0.8393975832029114
MAE: 9.841683822154998
InvMAE: 23.335051634430886
InvRMSE: 30.956859246969223
LogMAE: 36.545819019317626
LogSI: 45.407135254715264
Chamfer: 4.376225119399625
F-Score: 8.08554649978876
IoU: 4.43320686404407
F-Score-20: 15.820244421601295
IoU-20: 9.18534978416562
