Ratio: 0.053826779326143125
AbsRel: 31.013881041765213
SqRel: 19.305891041651368
RMSE: 12.788747779905796
LogRMSE: 45.075893728733064
$\delta < 1.05$: 0.12149362135764025
$\delta < 1.1$: 0.2287583129325299
$\delta < 1.25$: 0.47188058669678473
$\delta < 1.25^2$: 0.7388540432449942
$\delta < 1.25^3$: 0.8726284529402821
MAE: 8.749764466285706
InvMAE: 1553.700525676608
InvRMSE: 4515.4436197855475
LogMAE: 34.74027542281151
LogSI: 42.743222079402926
Chamfer: 6.656066991564918
F-Score: 6.796901748906821
IoU: 3.6801529004774056
F-Score-20: 13.07885406195186
IoU-20: 7.517744480321184
