Ratio: 0.49820578831767676
AbsRel: 23.979253397075407
SqRel: 20.018441544942537
RMSE: 1.175381107386828
LogRMSE: 31.268067922796313
$\delta < 1.05$: 0.14979456248192521
$\delta < 1.1$: 0.2850629387948486
$\delta < 1.25$: 0.5879690028550507
$\delta < 1.25^2$: 0.8565674051957001
$\delta < 1.25^3$: 0.9560839296738638
MAE: 0.6951385273937056
InvMAE: 429.9919898736003
InvRMSE: 4405.707145393441
LogMAE: 23.958834460751362
LogSI: 30.914279564085813
