Ratio: 1.9321907004085155
AbsRel: 30.135993660043138
SqRel: 23.618588689999477
RMSE: 1.0883225491697635
LogRMSE: 34.00588831187024
$\delta < 1.05$: 0.13613609536936194
$\delta < 1.1$: 0.26229433814918046
$\delta < 1.25$: 0.5518383812046592
$\delta < 1.25^2$: 0.8240041420797979
$\delta < 1.25^3$: 0.9303836077115085
MAE: 0.7559132104346512
InvMAE: 114.20882525429448
InvRMSE: 154.2100428543324
LogMAE: 26.366030652224108
LogSI: 32.299334659957836
