Ratio: 4.895501219199605
AbsRel: 58.8405998116475
SqRel: 165.5863089120978
RMSE: 7.034946895615336
LogRMSE: 66.41662846159136
$\delta < 1.05$: 0.09136059679663995
$\delta < 1.1$: 0.17413932605836158
$\delta < 1.25$: 0.3787060401101817
$\delta < 1.25^2$: 0.6155046156601016
$\delta < 1.25^3$: 0.7495975975032106
MAE: 3.9790562555336497
InvMAE: 269.9590209854847
InvRMSE: 356.914241399149
LogMAE: 49.80958703448327
LogSI: 62.391902650413954
Chamfer: 2.5227355010610135
F-Score: 29.427202928258758
IoU: 20.77172604331916
F-Score-20: 44.75307999683909
IoU-20: 34.38421442463067
