Ratio: 0.3983004589965338
AbsRel: 41.28350122020576
SqRel: 63.46556040874758
RMSE: 7.540740476944372
LogRMSE: 77.72742089962846
$\delta < 1.05$: 0.10775342712425932
$\delta < 1.1$: 0.2023195219855471
$\delta < 1.25$: 0.41778597248653265
$\delta < 1.25^2$: 0.6382047989247208
$\delta < 1.25^3$: 0.7743610119717335
MAE: 3.9916467098492467
InvMAE: 6717.301592097442
InvRMSE: 31841.333546719256
LogMAE: 51.28109959055932
LogSI: 74.05904679876208
Chamfer: 2.528434424702403
F-Score: 29.887262188197607
IoU: 22.58793917095119
F-Score-20: 43.59286656184211
IoU-20: 34.396293203324596
