Ratio: 0.16470055141656673
AbsRel: 26.282918749163226
SqRel: 25.268368019576997
RMSE: 9.83332357850767
LogRMSE: 50.920392224711755
$\delta < 1.05$: 0.16981626235016026
$\delta < 1.1$: 0.321332810901108
$\delta < 1.25$: 0.6140140062361765
$\delta < 1.25^2$: 0.8250727601142722
$\delta < 1.25^3$: 0.9088383687482292
MAE: 5.529829947708114
InvMAE: 3492.969375351629
InvRMSE: 21618.63208402572
LogMAE: 29.74969882257523
LogSI: 49.77644324706752
Chamfer: 2.402575555419024
F-Score: 14.718716451833325
IoU: 8.254301895297342
F-Score-20: 29.175145225217264
IoU-20: 18.159896895424012
Ratio-Edges: 0.1471017767396459
AbsRel-Edges: 31.2372942509994
SqRel-Edges: 26.664354465765502
RMSE-Edges: 10.862789499262968
LogRMSE-Edges: 46.291375569424595
$\delta < 1.05$-Edges: 0.13267844854098404
$\delta < 1.1$-Edges: 0.25181768031799884
$\delta < 1.25$-Edges: 0.5022264576801452
$\delta < 1.25^2$-Edges: 0.7526035413222268
$\delta < 1.25^3$-Edges: 0.8786294160962647
MAE-Edges: 6.9996533253321465
InvMAE-Edges: 845.7054226564426
InvRMSE-Edges: 7824.7631096495525
LogMAE-Edges: 32.5502407407449
LogSI-Edges: 45.19912883522053
Chamfer-Edges: 4.2005987669427185
F-Score-Edges: 7.662578904862498
IoU-Edges: 4.439147580488055
F-Score-20-Edges: 15.998657046307146
IoU-20-Edges: 9.789248899365562
DirAcc-Edges: 67.75138441301762
Dir (-)-Edges: 4.877530476792538
Dir (+)-Edges: 27.37108511018985
EdgeAcc-Edges: 4.039279368408035
EdgeComp-Edges: 43.34949383491135
