Ratio: 6.661055128497462
AbsRel: 32.6101548434842
SqRel: 45.131623568842485
RMSE: 10.045641367435456
LogRMSE: 37.558852222811794
$\delta < 1.05$: 0.1483729834304078
$\delta < 1.1$: 0.28474929655483755
$\delta < 1.25$: 0.5726230067721494
$\delta < 1.25^2$: 0.8128858702491031
$\delta < 1.25^3$: 0.9087297736386984
MAE: 5.776271598012217
InvMAE: 29.449205172446465
InvRMSE: 42.93681732608426
LogMAE: 27.92876796230193
LogSI: 36.11877724102305
Chamfer: 2.5383626258822387
F-Score: 12.844052911996842
IoU: 7.10591244311102
F-Score-20: 25.972018301102423
IoU-20: 15.742870326503631
Ratio-Edges: 7.1541539577097675
AbsRel-Edges: 40.768768332051295
SqRel-Edges: 69.33085082759655
RMSE-Edges: 12.383036329149226
LogRMSE-Edges: 44.58890659762364
$\delta < 1.05$-Edges: 0.12795924923383378
$\delta < 1.1$-Edges: 0.23654941634893636
$\delta < 1.25$-Edges: 0.4771986564066871
$\delta < 1.25^2$-Edges: 0.7377101523401959
$\delta < 1.25^3$-Edges: 0.8677221282528277
MAE-Edges: 7.972328405817544
InvMAE-Edges: 28.17413902438544
InvRMSE-Edges: 42.30778267648485
LogMAE-Edges: 33.69436972842497
LogSI-Edges: 42.991117970535974
Chamfer-Edges: 4.20823523843523
F-Score-Edges: 7.682004362344742
IoU-Edges: 4.576929863712756
F-Score-20-Edges: 15.530410871864145
IoU-20-Edges: 9.491617105852544
DirAcc-Edges: 65.55899629412414
Dir (-)-Edges: 3.579160276163777
Dir (+)-Edges: 30.86184342971208
EdgeAcc-Edges: 3.935128798521355
EdgeComp-Edges: 36.53070679664011
