Ratio: 6.341834684610367
AbsRel: 27.89659484386444
SqRel: 24.674029936790465
RMSE: 8.47275616414845
LogRMSE: 35.20779942274093
$\delta < 1.05$: 0.15509026666523976
$\delta < 1.1$: 0.2935014513250481
$\delta < 1.25$: 0.5865867737858959
$\delta < 1.25^2$: 0.8319354482911052
$\delta < 1.25^3$: 0.9250203512509697
MAE: 4.874805944934487
InvMAE: 25.980434365868568
InvRMSE: 35.04974120140076
LogMAE: 25.997292237281798
LogSI: 34.11066410710031
Chamfer: 2.2857989878400895
F-Score: 13.282794524431228
IoU: 7.292362069264055
F-Score-20: 26.218134284615516
IoU-20: 15.733165264725685
Ratio-Edges: 6.771790348887444
AbsRel-Edges: 34.70910765051842
SqRel-Edges: 36.6955235080421
RMSE-Edges: 10.044591506421567
LogRMSE-Edges: 41.65996822357178
$\delta < 1.05$-Edges: 0.12113683175302277
$\delta < 1.1$-Edges: 0.2306683587340294
$\delta < 1.25$-Edges: 0.48913852383033446
$\delta < 1.25^2$-Edges: 0.7671447025721292
$\delta < 1.25^3$-Edges: 0.8894716058613057
MAE-Edges: 6.449907455556095
InvMAE-Edges: 28.161124038100244
InvRMSE-Edges: 38.95443108975887
LogMAE-Edges: 31.50596140265465
LogSI-Edges: 40.48771020499592
Chamfer-Edges: 3.286612575550911
F-Score-Edges: 7.601349953208119
IoU-Edges: 4.19281459344551
F-Score-20-Edges: 16.331117440909146
IoU-20-Edges: 9.530969961434602
DirAcc-Edges: 70.1709317290232
Dir (-)-Edges: 4.460861213896598
Dir (+)-Edges: 25.36820705708021
EdgeAcc-Edges: 3.7576485326854048
EdgeComp-Edges: 45.69567848760133
