Ratio: 0.14301837963286096
AbsRel: 23.331116498708724
SqRel: 15.561821743696928
RMSE: 8.102117354758084
LogRMSE: 35.67546377301216
$\delta < 1.05$: 0.17146381471244115
$\delta < 1.1$: 0.3296564705915557
$\delta < 1.25$: 0.6399801019049292
$\delta < 1.25^2$: 0.8569362820551208
$\delta < 1.25^3$: 0.9322505596337968
MAE: 4.5573757794871925
InvMAE: 407.62692414700985
InvRMSE: 4964.430355395674
LogMAE: 24.197306365966796
LogSI: 35.18935392566322
Chamfer: 2.3500940126668923
F-Score: 13.767640669643878
IoU: 7.558840720802546
F-Score-20: 27.50251364827156
IoU-20: 16.676494275927542
Ratio-Edges: 0.12675181135437386
AbsRel-Edges: 28.82469684958458
SqRel-Edges: 19.34853253930807
RMSE-Edges: 9.36929515313357
LogRMSE-Edges: 40.17756348252296
$\delta < 1.05$-Edges: 0.13272614865917653
$\delta < 1.1$-Edges: 0.2494736358790565
$\delta < 1.25$-Edges: 0.5223869665481589
$\delta < 1.25^2$-Edges: 0.782873788727251
$\delta < 1.25^3$-Edges: 0.8972558644434989
MAE-Edges: 5.959552683904767
InvMAE-Edges: 174.40332841485738
InvRMSE-Edges: 1911.143632134795
LogMAE-Edges: 29.911170854568482
LogSI-Edges: 39.391063984983845
Chamfer-Edges: 3.6924793688755124
F-Score-Edges: 7.439919323176145
IoU-Edges: 4.127915344536304
F-Score-20-Edges: 15.770495521128177
IoU-20-Edges: 9.174316488057375
DirAcc-Edges: 72.5500468958783
Dir (-)-Edges: 5.938443270976806
Dir (+)-Edges: 21.511509833144892
EdgeAcc-Edges: 4.151412483627586
EdgeComp-Edges: 60.96592602669885
