Ratio: 0.36316489787263895
AbsRel: 25.40020053138733
SqRel: 16.006870031404496
RMSE: 1.6026715786933898
LogRMSE: 39.93607185745239
$\delta < 1.05$: 0.15120430912215937
$\delta < 1.1$: 0.28637654175936195
$\delta < 1.25$: 0.5902956727237421
$\delta < 1.25^2$: 0.8311299001523105
$\delta < 1.25^3$: 0.8923705427166888
MAE: 0.8935816931009293
InvMAE: 276.94003154754637
InvRMSE: 1661.9839100921631
LogMAE: 28.018248067092895
LogSI: 39.304557629838094
