Ratio: 1.750662884759903
AbsRel: 33.62277730560303
SqRel: 28.763279125976563
RMSE: 1.7658228640675544
LogRMSE: 43.71792305297851
$\delta < 1.05$: 0.12750498382552336
$\delta < 1.1$: 0.24559352615820895
$\delta < 1.25$: 0.5190567508801307
$\delta < 1.25^2$: 0.7661503166938599
$\delta < 1.25^3$: 0.8639564757021979
MAE: 1.0501754018902778
InvMAE: 124.02546743927002
InvRMSE: 157.5622270111084
LogMAE: 32.0130277633667
LogSI: 42.91064540598292
