AbsRel: 0.1027415695959646
SqRel: 0.7663111951271636
RMSE: 4.583042634953043
LogRMSE: 0.19034823704206277
$\delta < 1.25$: 0.8837051238696211
$\delta < 1.25^2$: 0.9601667161018446
$\delta < 1.25^3$: 0.9805750957928779
ChamferDist: 0.8424575745717354
F-Score: 25.575671048041226
IoU: 14.869305258758441
F-Score-20: 52.754418639917795
IoU-20: 36.260591078693935
