MAE: 1.1131963895048413
RMSE: 2.752759547318731
InvMAE: 4.180532172577721
InvRMSE: 6.576734824521201
LogMAE: 5.377316872903279
LogRMSE: 8.876406232288906
LogSI: 8.153766659762393
AbsRel: 5.638753746407373
SqRel: 1.548271525220147
ChamferDist: 0.45847104879362244
F-Score: 56.349781988483656
IoU: 40.626678616092875
F-Score-20: 74.58615727986609
IoU-20: 60.74560021123716
