MAE: 1.651262394992486
RMSE: 3.7000886992625666
InvMAE: 5.961424028215233
InvRMSE: 8.926630156171834
LogMAE: 7.85629349983543
LogRMSE: 12.306551804571795
LogSI: 11.368285621603729
AbsRel: 7.985436967179819
SqRel: 2.1128075699681883
ChamferDist: 0.6711283532296953
F-Score: 49.59468889419286
IoU: 34.10285941360553
F-Score-20: 66.97625661481378
IoU-20: 51.58366256257508
