Scale: 0.7135550302882149
Shift: 0.13044230069001955
AbsRel: 16.347602303578302
SqRel: 13.945580159884233
RMSE: 1.1199395240957921
LogRMSE: 28.06109280512883
$\delta_{.05}$: 24.84416278254898
$\delta_{.1}$: 44.942523127012336
$\delta_{.25}$: 77.54796448614209
$\delta_{.25^2}$: 93.73933851542746
$\delta_{.25^3}$: 97.66641679584897
MAE: 0.592768057172115
InvMAE: 1844.3505064670856
InvRMSE: 9307.96900906636
LogMAE: 17.619807614546556
LogSI: 27.654941585688636
