Scale: 0.2942955135434632
Shift: 0.0071872744214206445
AbsRel: 37.09045426193374
SqRel: 101.22435686379805
RMSE: 9.720064937801105
LogRMSE: 56.051788345046106
$\delta_{.05}$: 15.921520554569854
$\delta_{.1}$: 28.090703833392382
$\delta_{.25}$: 51.044524128736505
$\delta_{.25^2}$: 72.20844629466595
$\delta_{.25^3}$: 83.30114926662284
MAE: 5.8360126788974345
InvMAE: 1454.5544201739701
InvRMSE: 10528.92930151208
LogMAE: 37.86181136738559
LogSI: 52.79449058585222
