Scale: 1.2082787484328923
Shift: -0.02723697668237533
AbsRel: 13.202506543664029
SqRel: 7.762279275998428
RMSE: 0.5958586578522254
LogRMSE: 18.165070481985715
$\delta_{.05}$: 28.938431801756067
$\delta_{.1}$: 51.10244195933083
$\delta_{.25}$: 83.51387071931649
$\delta_{.25^2}$: 97.00681647784596
$\delta_{.25^3}$: 99.33796259872017
MAE: 0.33612592303584293
InvMAE: 338.67446851876167
InvRMSE: 2240.8901069565286
LogMAE: 13.171052055621367
LogSI: 18.074424026379802
