Scale: 1.0238984588549886
Shift: 0.028476293769153324
AbsRel: 15.886951594924927
SqRel: 10.553170002686977
RMSE: 1.1698316917806864
LogRMSE: 25.478884965133666
$\delta_{.05}$: 28.065294311856956
$\delta_{.1}$: 49.849872518426544
$\delta_{.25}$: 78.79668213469775
$\delta_{.25^2}$: 90.57872583410304
$\delta_{.25^3}$: 95.26007778734059
MAE: 0.6071106295824051
InvMAE: 140.45935163345337
InvRMSE: 910.8529895820618
LogMAE: 16.93458714771271
LogSI: 25.220293124278925
