Scale: 16.023863839996235
Shift: 0.0
AbsRel: 42.83478006653721
SqRel: 346.77629671904003
RMSE: 7.19423251034433
LogRMSE: 42.29481797154174
$\delta_{.05}$: 19.01457882360023
$\delta_{.1}$: 34.291125897009174
$\delta_{.25}$: 61.512135056659275
$\delta_{.25^2}$: 82.15418503444515
$\delta_{.25^3}$: 89.96663391568588
MAE: 4.324935687897986
InvMAE: 36.99204276762735
InvRMSE: 91.87132030912579
LogMAE: 28.39935356619112
LogSI: 40.24152006613898
