Scale: 5.058382828052228
Shift: 0.0
AbsRel: 20.180618918492243
SqRel: 10.036694059371948
RMSE: 1.0173987761139869
LogRMSE: 26.252571748586803
$\delta_{.05}$: 20.462610993094263
$\delta_{.1}$: 37.75652626849747
$\delta_{.25}$: 68.99810784156742
$\delta_{.25^2}$: 89.92395281404269
$\delta_{.25^3}$: 96.31702233156288
MAE: 0.6875778508644838
InvMAE: 93.95335718888502
InvRMSE: 131.69044273963343
LogMAE: 19.902714198185848
LogSI: 24.86586097023094
