Scale: 0.22735911285578736
Shift: 0.11201491092176295
AbsRel: 15.398720748607928
SqRel: 15.455090112869556
RMSE: 1.106683588188428
LogRMSE: 26.451897355593168
$\delta_{.05}$: 27.28933560210549
$\delta_{.1}$: 48.31028171021628
$\delta_{.25}$: 80.17396706426712
$\delta_{.25^2}$: 94.40495304353942
$\delta_{.25^3}$: 97.93896343104294
MAE: 0.550587204855222
InvMAE: 1475.908343809568
InvRMSE: 8683.26045557609
LogMAE: 16.335677229807928
LogSI: 26.14172702751128
