Scale: 0.08709459499298333
Shift: 0.011726845930301995
AbsRel: 33.564250371915875
SqRel: 123.15876493232133
RMSE: 8.910303344841495
LogRMSE: 52.694722576526246
$\delta_{.05}$: 19.6515582365082
$\delta_{.1}$: 33.72804564801
$\delta_{.25}$: 57.04601075338047
$\delta_{.25^2}$: 77.30131897765224
$\delta_{.25^3}$: 86.702039139061
MAE: 5.174511281965559
InvMAE: 2711.7454437942247
InvRMSE: 13912.528687466955
LogMAE: 33.92420256191305
LogSI: 49.75045503900959
