Scale: 3.1790950261853888
Shift: 0.0
AbsRel: 13.812805348580037
SqRel: 4.447050182872227
RMSE: 0.439687882279493
LogRMSE: 17.33728461090578
$\delta_{.05}$: 29.94420377503412
$\delta_{.1}$: 51.77512646545428
$\delta_{.25}$: 82.25622401413159
$\delta_{.25^2}$: 96.47933836763467
$\delta_{.25^3}$: 99.25694623341438
MAE: 0.31109444457547747
InvMAE: 68.63933525464586
InvRMSE: 96.08664823234628
LogMAE: 13.1668981525147
LogSI: 16.381064130867234
