Scale: 0.3685961068231271
Shift: -0.027765464111236537
AbsRel: 12.22028964849058
SqRel: 6.048700527017452
RMSE: 0.5713436832190106
LogRMSE: 16.593777235859395
$\delta_{.05}$: 31.738268928488694
$\delta_{.1}$: 55.0192836200619
$\delta_{.25}$: 85.94686126597573
$\delta_{.25^2}$: 97.59616855448837
$\delta_{.25^3}$: 99.37741643995574
MAE: 0.31646965747693445
InvMAE: 243.4853213219832
InvRMSE: 1571.803673948352
LogMAE: 12.083890182162644
LogSI: 16.528591939574394
