Scale: 3.31762706823349
Shift: 0.0
AbsRel: 16.844060533714295
SqRel: 7.738022852230072
RMSE: 1.1461680734157562
LogRMSE: 26.49589310798645
$\delta_{.05}$: 26.74958482798817
$\delta_{.1}$: 47.9150354017232
$\delta_{.25}$: 76.58022903450522
$\delta_{.25^2}$: 90.17086228815323
$\delta_{.25^3}$: 94.60842290122376
MAE: 0.6111026896476746
InvMAE: 68.86876645126343
InvRMSE: 92.61430281219482
LogMAE: 17.774782209587098
LogSI: 25.531894750413258
