Scale: 0.32531646433134703
Shift: -0.010821064297850843
AbsRel: 16.14377772102356
SqRel: 24.794809143161775
RMSE: 1.3526976564526558
LogRMSE: 26.117522959327697
$\delta_{.05}$: 26.40973307952159
$\delta_{.1}$: 48.659927241931186
$\delta_{.25}$: 80.02323919315188
$\delta_{.25^2}$: 91.92609144590173
$\delta_{.25^3}$: 95.72289958862504
MAE: 0.612486825093627
InvMAE: 314.51686636123657
InvRMSE: 3549.9542029304503
LogMAE: 16.574334851741792
LogSI: 25.921091406941393
