MAE: 1.2573488464525768
RMSE: 2.9974273119653976
InvMAE: 4.937740505252566
InvRMSE: 7.593769250256675
LogMAE: 6.251128299576895
LogRMSE: 10.034792991706302
LogSI: 8.966289697464026
AbsRel: 6.670972808599472
SqRel: 2.310620784461498
ChamferDist: 0.5048519424881254
F-Score: 52.81346640950867
IoU: 37.36681184358895
F-Score-20: 71.64791750899383
IoU-20: 57.4170247308697
