AbsRel: 0.11138965640553786
SqRel: 0.8890483604484857
RMSE: 4.871023273792979
LogRMSE: 0.19817845057829722
$\delta < 1.25$: 0.8677804777506674
$\delta < 1.25^2$: 0.9561057482100973
$\delta < 1.25^3$: 0.9795524536141982
ChamferDist: 0.8821048984996216
F-Score: 25.149389393189374
IoU: 14.529948080629325
F-Score-20: 51.41097487746558
IoU-20: 34.95637328997575
