MAE: 1.873464111535827
RMSE: 4.0927178771035075
InvMAE: 6.868709611380758
InvRMSE: 10.31737179990195
LogMAE: 9.053010084512044
LogRMSE: 14.034473710264896
LogSI: 12.987464555489849
AbsRel: 9.378369970190013
SqRel: 3.0823124297008926
ChamferDist: 0.7314277036698318
F-Score: 46.789355039025196
IoU: 31.59216311240306
F-Score-20: 64.31642502180638
IoU-20: 48.59165372393248
