Ratio: 7.38068106508255
AbsRel: 29.272534009933473
SqRel: 20.863124053001403
RMSE: 18.586879187107087
LogRMSE: 36.82517470550537
$\delta < 1.05$: 0.11802442257730707
$\delta < 1.1$: 0.22861843765895765
$\delta < 1.25$: 0.48782718487385646
$\delta < 1.25^2$: 0.7796169929757494
$\delta < 1.25^3$: 0.9378257575198491
MAE: 9.813909175395965
InvMAE: 15.677768724441528
InvRMSE: 23.310929698944094
LogMAE: 28.63903987312317
LogSI: 36.164408182686834
Chamfer: 3.04922969673961
F-Score: 4.267799079358578
IoU: 2.2121232063770293
F-Score-20: 12.763166284799576
IoU-20: 6.924714419007302
