Ratio: 0.21727635152838531
AbsRel: 26.746181928634645
SqRel: 22.03908993268013
RMSE: 34.46311210823059
LogRMSE: 189.35935155296326
$\delta < 1.05$: 0.14822655434164514
$\delta < 1.1$: 0.28420471496902544
$\delta < 1.25$: 0.6151487760927493
$\delta < 1.25^2$: 0.8523881285935213
$\delta < 1.25^3$: 0.907592045629964
MAE: 14.390751098155976
InvMAE: 32271.623529977798
InvRMSE: 155529.24528380204
LogMAE: 60.520864338874816
LogSI: 184.55487789757115
Chamfer: 3.2372252030464033
F-Score: 6.975796438694
IoU: 3.665383150100708
F-Score-20: 19.309418119430543
IoU-20: 10.832149665355683
