Ratio: 0.13085724009976596
AbsRel: 39.35745590577746
SqRel: 106.11943352569914
RMSE: 9.623845569087786
LogRMSE: 54.46264862693479
$\delta < 1.05$: 0.11747474866952987
$\delta < 1.1$: 0.22204829714297308
$\delta < 1.25$: 0.45344814608049766
$\delta < 1.25^2$: 0.6941688641924787
$\delta < 1.25^3$: 0.8137123368771544
MAE: 6.016682280686939
InvMAE: 380.4997354708445
InvRMSE: 3825.37049886464
LogMAE: 40.197597879999954
LogSI: 51.262626654104615
