Ratio: 8.91956126048426
AbsRel: 55.94445054306578
SqRel: 454.09414927895295
RMSE: 9.50912312100821
LogRMSE: 54.83539593273214
$\delta < 1.05$: 0.1138408180698994
$\delta < 1.1$: 0.2152144841655141
$\delta < 1.25$: 0.4434809241897146
$\delta < 1.25^2$: 0.694781315356397
$\delta < 1.25^3$: 0.8250549528945661
MAE: 6.093049814080978
InvMAE: 47.29296909319446
InvRMSE: 99.92321983794994
LogMAE: 39.805157158941434
LogSI: 52.11541952764582
