Ratio: 0.11437386167888987
AbsRel: 18.604879516454844
SqRel: 9.746359429176037
RMSE: 1.0702373956716977
LogRMSE: 26.098094153771033
$\delta < 1.05$: 0.2214229128629042
$\delta < 1.1$: 0.3963250527736559
$\delta < 1.25$: 0.7164841448076709
$\delta < 1.25^2$: 0.9095062461101735
$\delta < 1.25^3$: 0.9617604342289955
MAE: 0.6804857804683538
InvMAE: 128.0849327674279
InvRMSE: 564.0765392200764
LogMAE: 19.482749383632953
LogSI: 25.74423912820687
