Ratio: 2.9162766922437227
AbsRel: 33.331765213012694
SqRel: 40.32822998560392
RMSE: 1.6882300816132472
LogRMSE: 41.57652710547814
$\delta < 1.05$: 0.11485445120110116
$\delta < 1.1$: 0.21940760589119607
$\delta < 1.25$: 0.47002290383120376
$\delta < 1.25^2$: 0.7524642644582007
$\delta < 1.25^3$: 0.8922929581594391
MAE: 1.151178425550461
InvMAE: 153.0037873018705
InvRMSE: 203.2728907599816
LogMAE: 32.53518006251409
LogSI: 40.10160266261149
