Ratio: 5.399999999999999
AbsRel: 7.812404428888684
SqRel: 2.1651910772215737
RMSE: 3.7547460126182055
LogRMSE: 12.588124738149116
$\delta < 1.05$: 0.5423086162320646
$\delta < 1.1$: 0.7562809194436926
$\delta < 1.25$: 0.9280651666222157
$\delta < 1.25^2$: 0.9836321243441439
$\delta < 1.25^3$: 0.9954118699026818
MAE: 1.646484204048028
InvMAE: 5.936649749798278
InvRMSE: 9.329535300380613
LogMAE: 7.793296945972677
LogSI: 11.775081592159655
Chamfer: 0.6305971001173694
F-Score: 51.48594589878811
IoU: 35.68198765146952
F-Score-20: 68.66991672742586
IoU-20: 53.38106059726396
