Ratio: 5.399999999999999
AbsRel: 4.250305105618068
SqRel: 2.37048927359283
RMSE: 2.4910482587133136
LogRMSE: 8.236030831336976
$\delta < 1.05$: 0.794405861650858
$\delta < 1.1$: 0.9310183069530606
$\delta < 1.25$: 0.9823168666361578
$\delta < 1.25^2$: 0.993708287519218
$\delta < 1.25^3$: 0.996756032553641
MAE: 0.8842731006869248
InvMAE: 3.0101839728014808
InvRMSE: 6.09351195539747
LogMAE: 4.04981007031032
LogSI: 8.003772851515548
Chamfer: 0.3522983175727916
F-Score: 65.70410656792777
IoU: 49.69148353304182
F-Score-20: 81.08072829655238
IoU-20: 68.80062471934727
