Ratio: 0.04748814096661098
AbsRel: 27.192092411518097
SqRel: 15.347103849112987
RMSE: 11.770026467204094
LogRMSE: 39.83322411775589
$\delta < 1.05$: 0.14499268997954856
$\delta < 1.1$: 0.2706320732038483
$\delta < 1.25$: 0.5380677559460015
$\delta < 1.25^2$: 0.7918814354620609
$\delta < 1.25^3$: 0.9007197206534368
MAE: 7.76316477778554
InvMAE: 504.3709123533368
InvRMSE: 3003.4415955159666
LogMAE: 29.51678469324112
LogSI: 38.88543160042418
Chamfer: 5.770210634267841
F-Score: 7.36616257742513
IoU: 4.027870303592179
F-Score-20: 13.98739648732869
IoU-20: 8.068632241304964
