Ratio: 24.09642354810238
AbsRel: 36.092790706634524
SqRel: 36.553212007284166
RMSE: 13.392150975465775
LogRMSE: 44.52882879447937
$\delta < 1.05$: 0.11173693068695068
$\delta < 1.1$: 0.21326909924562024
$\delta < 1.25$: 0.45419578781417164
$\delta < 1.25^2$: 0.7245053780144753
$\delta < 1.25^3$: 0.8639787715216619
MAE: 9.198689391434193
InvMAE: 23.08110088825226
InvRMSE: 31.428355643630027
LogMAE: 34.38712969779968
LogSI: 42.33089489393793
Chamfer: 4.522433268557581
F-Score: 7.743436033666134
IoU: 4.236791409678757
F-Score-20: 15.06717795908451
IoU-20: 8.703634069502353
