Ratio: 0.4233722824875433
AbsRel: 22.422467516832032
SqRel: 14.415095565652628
RMSE: 0.9656832722736244
LogRMSE: 28.731398949200226
$\delta < 1.05$: 0.15805219312818808
$\delta < 1.1$: 0.299228468414975
$\delta < 1.25$: 0.6050266879052091
$\delta < 1.25^2$: 0.8733657295454685
$\delta < 1.25^3$: 0.9637567184452279
MAE: 0.6553600257894862
InvMAE: 286.5629012489902
InvRMSE: 1864.6414365447624
LogMAE: 22.707664984081863
LogSI: 28.409140909924425
