Ratio: 1.937319850520621
AbsRel: 28.2720024097221
SqRel: 17.51314951465764
RMSE: 1.0149819601201866
LogRMSE: 32.75788941660423
$\delta < 1.05$: 0.13433488930525048
$\delta < 1.1$: 0.25594235007394006
$\delta < 1.25$: 0.5375577817055237
$\delta < 1.25^2$: 0.8285336060706748
$\delta < 1.25^3$: 0.9416583599456064
MAE: 0.7401647321446956
InvMAE: 113.97759855194559
InvRMSE: 150.99515038819854
LogMAE: 26.017197005245663
LogSI: 31.36044230392058
