Ratio: 6.355242984759751
AbsRel: 59.06488011191336
SqRel: 175.83094135108962
RMSE: 7.533602758186856
LogRMSE: 66.96730774156215
$\delta < 1.05$: 0.08584959910079855
$\delta < 1.1$: 0.16706409141153586
$\delta < 1.25$: 0.3679009869723737
$\delta < 1.25^2$: 0.6149697034856948
$\delta < 1.25^3$: 0.7478384002922112
MAE: 4.227916056794698
InvMAE: 274.199669977495
InvRMSE: 372.94704058646585
LogMAE: 50.464993262062805
LogSI: 62.59114376323945
Chamfer: 2.788046398194231
F-Score: 28.73115296639395
IoU: 20.116306825436688
F-Score-20: 42.995150684925356
IoU-20: 33.13231087499543
