Ratio: 0.34711097917614114
AbsRel: 39.01230111521397
SqRel: 50.581721782926735
RMSE: 7.108884446978855
LogRMSE: 68.89798656627892
$\delta < 1.05$: 0.1208308564916983
$\delta < 1.1$: 0.22612288860285654
$\delta < 1.25$: 0.44222605832387957
$\delta < 1.25^2$: 0.6654686106801998
$\delta < 1.25^3$: 0.7928971246730934
MAE: 3.772075380092603
InvMAE: 3545.024756307009
InvRMSE: 19796.960319451995
LogMAE: 46.83273663087325
LogSI: 65.7438234504876
Chamfer: 2.758956309919547
F-Score: 30.190040715725015
IoU: 22.674638106663263
F-Score-20: 42.87300348259758
IoU-20: 34.00386656945188
