Ratio: 7.315661217570305
AbsRel: 29.80503214597702
SqRel: 39.6826955935359
RMSE: 8.271432885527611
LogRMSE: 36.60578664064408
$\delta < 1.05$: 0.14518338149902227
$\delta < 1.1$: 0.2785434606253184
$\delta < 1.25$: 0.5676435745863633
$\delta < 1.25^2$: 0.8188140973945492
$\delta < 1.25^3$: 0.9195569158043128
MAE: 4.827681507319212
InvMAE: 28.28449748635292
InvRMSE: 38.31898911237717
LogMAE: 27.209263005256652
LogSI: 35.650785352633214
Chamfer: 2.4610399707116604
F-Score: 11.49666321232915
IoU: 6.24744030341506
F-Score-20: 23.404752761125565
IoU-20: 13.855150590240955
Ratio-Edges: 7.99738750576973
AbsRel-Edges: 36.81358018398285
SqRel-Edges: 57.408580152988435
RMSE-Edges: 9.941305100508034
LogRMSE-Edges: 43.32153517127037
$\delta < 1.05$-Edges: 0.12525427739964556
$\delta < 1.1$-Edges: 0.23472198153033547
$\delta < 1.25$-Edges: 0.485821103173074
$\delta < 1.25^2$-Edges: 0.7495140894830464
$\delta < 1.25^3$-Edges: 0.8787941119108581
MAE-Edges: 6.363806373607368
InvMAE-Edges: 30.09867928504944
InvRMSE-Edges: 41.75140048712492
LogMAE-Edges: 32.59026069283485
LogSI-Edges: 42.03746417031249
Chamfer-Edges: 3.465463519223618
F-Score-Edges: 7.115120150744915
IoU-Edges: 3.936067014783621
F-Score-20-Edges: 15.31647190451622
IoU-20-Edges: 8.882864100039006
DirAcc-Edges: 69.0490693630726
Dir (-)-Edges: 4.226285996333984
Dir (+)-Edges: 26.724644640593414
EdgeAcc-Edges: 3.8835687178481777
EdgeComp-Edges: 44.73095197741103
