Ratio: 0.11088163665367619
AbsRel: 23.50492685198784
SqRel: 15.898495415747165
RMSE: 8.155490877926349
LogRMSE: 36.61926448583603
$\delta < 1.05$: 0.17443471793587256
$\delta < 1.1$: 0.32991092568935315
$\delta < 1.25$: 0.6381347509915224
$\delta < 1.25^2$: 0.8490924444116921
$\delta < 1.25^3$: 0.9247783446836378
MAE: 4.586743585467339
InvMAE: 325.1342221707106
InvRMSE: 3903.2091957974435
LogMAE: 24.757758102416993
LogSI: 36.0218991234773
Chamfer: 2.7320775465374836
F-Score: 12.771955190598964
IoU: 7.017544859945774
F-Score-20: 25.3529350823164
IoU-20: 15.315091373026371
Ratio-Edges: 0.09466489568957082
AbsRel-Edges: 29.0331094288826
SqRel-Edges: 19.032731300108136
RMSE-Edges: 9.4334441556409
LogRMSE-Edges: 40.28636201262474
$\delta < 1.05$-Edges: 0.136730686299927
$\delta < 1.1$-Edges: 0.25288557424546776
$\delta < 1.25$-Edges: 0.5165525470831941
$\delta < 1.25^2$-Edges: 0.7764647204694236
$\delta < 1.25^3$-Edges: 0.8888670562622994
MAE-Edges: 5.976367804259062
InvMAE-Edges: 59.359973180294034
InvRMSE-Edges: 633.6295467966795
LogMAE-Edges: 30.414424467086793
LogSI-Edges: 39.39693402197249
Chamfer-Edges: 4.2485639746008825
F-Score-Edges: 6.85437364846468
IoU-Edges: 3.8457878386974333
F-Score-20-Edges: 14.360886704623699
IoU-20-Edges: 8.368622632324696
DirAcc-Edges: 71.99207748740876
Dir (-)-Edges: 5.8972198667214855
Dir (+)-Edges: 22.110702645869736
EdgeAcc-Edges: 4.277286064529991
EdgeComp-Edges: 60.33101405358092
