Ratio: 7.389498624493999
AbsRel: 32.57638924321821
SqRel: 54.091630568427426
RMSE: 9.773972900567516
LogRMSE: 38.088248804153935
$\delta < 1.05$: 0.15350154775461028
$\delta < 1.1$: 0.29044410979812474
$\delta < 1.25$: 0.5735677086203252
$\delta < 1.25^2$: 0.811760227292631
$\delta < 1.25^3$: 0.9091756380088493
MAE: 5.612928705465409
InvMAE: 30.397059654728057
InvRMSE: 44.60999674027966
LogMAE: 28.079206614340507
LogSI: 36.76651819353894
Chamfer: 2.614504299329195
F-Score: 12.443847415370326
IoU: 6.866175612249682
F-Score-20: 25.198864365546935
IoU-20: 15.226483123071732
Ratio-Edges: 8.133762191167843
AbsRel-Edges: 41.64856830453561
SqRel-Edges: 83.9044852264956
RMSE-Edges: 12.184392834391469
LogRMSE-Edges: 45.50534643410078
$\delta < 1.05$-Edges: 0.12896089410598946
$\delta < 1.1$-Edges: 0.23542894728023894
$\delta < 1.25$-Edges: 0.476156081599581
$\delta < 1.25^2$-Edges: 0.7358307878818319
$\delta < 1.25^3$-Edges: 0.8647418617542619
MAE-Edges: 7.769250324874921
InvMAE-Edges: 29.75909731762082
InvRMSE-Edges: 44.38097272043914
LogMAE-Edges: 34.171127625384365
LogSI-Edges: 43.95964774759397
Chamfer-Edges: 4.285993872610158
F-Score-Edges: 7.150868446219201
IoU-Edges: 4.252762951628835
F-Score-20-Edges: 14.436942867165298
IoU-20-Edges: 8.789795098195668
DirAcc-Edges: 65.42402848120896
Dir (-)-Edges: 3.6418319911877677
Dir (+)-Edges: 30.934139527603282
EdgeAcc-Edges: 4.071335481751887
EdgeComp-Edges: 35.62173563539962
