Ratio: 0.13574216450935161
AbsRel: 26.0999376087804
SqRel: 25.275434254561702
RMSE: 9.689777725387005
LogRMSE: 47.32533583487234
$\delta < 1.05$: 0.17058373544621644
$\delta < 1.1$: 0.32446888565426285
$\delta < 1.25$: 0.619215519004141
$\delta < 1.25^2$: 0.8250934683512844
$\delta < 1.25^3$: 0.9047407666011884
MAE: 5.456013685022631
InvMAE: 2195.435833188026
InvRMSE: 15607.849092206032
LogMAE: 28.749549404882615
LogSI: 46.16264687736941
Chamfer: 2.753946388061619
F-Score: 14.071967644922195
IoU: 7.931973247412713
F-Score-20: 28.027168198862384
IoU-20: 17.534292589772132
Ratio-Edges: 0.07413026810658514
AbsRel-Edges: 31.578246341655458
SqRel-Edges: 29.299021456025393
RMSE-Edges: 10.883646518298809
LogRMSE-Edges: 46.12360348015829
$\delta < 1.05$-Edges: 0.12916654367949912
$\delta < 1.1$-Edges: 0.2448665834797813
$\delta < 1.25$-Edges: 0.49811029790495565
$\delta < 1.25^2$-Edges: 0.7499030446655287
$\delta < 1.25^3$-Edges: 0.8747406907137579
MAE-Edges: 7.00031493921685
InvMAE-Edges: 751.7171443999204
InvRMSE-Edges: 6100.551834825519
LogMAE-Edges: 32.98045955389933
LogSI-Edges: 44.86894271124529
Chamfer-Edges: 4.777451312456887
F-Score-Edges: 6.786917381129818
IoU-Edges: 3.9261682490946033
F-Score-20-Edges: 14.258038777541492
IoU-20-Edges: 8.735692861832046
DirAcc-Edges: 67.60738172223242
Dir (-)-Edges: 4.892524225688265
Dir (+)-Edges: 27.500094052079326
EdgeAcc-Edges: 4.15756556196924
EdgeComp-Edges: 42.02934158753148
