Ratio: 1.9692779745578766
AbsRel: 29.099907750701906
SqRel: 17.147359548282623
RMSE: 1.4906977198123932
LogRMSE: 40.49632235794068
$\delta < 1.05$: 0.13085104408737538
$\delta < 1.1$: 0.24993758501628854
$\delta < 1.25$: 0.5226579366394731
$\delta < 1.25^2$: 0.7833503453599585
$\delta < 1.25^3$: 0.8880413008486489
MAE: 0.9188479511022568
InvMAE: 125.76158183135986
InvRMSE: 162.76257632446288
LogMAE: 30.113426392364502
LogSI: 39.323866044593004
