Ratio: 0.28066813559511505
AbsRel: 23.99622393913269
SqRel: 12.035402669477463
RMSE: 1.4973369262754916
LogRMSE: 37.12369118347168
$\delta < 1.05$: 0.15857475473477908
$\delta < 1.1$: 0.2991040077623324
$\delta < 1.25$: 0.61236687385845
$\delta < 1.25^2$: 0.8398620019341292
$\delta < 1.25^3$: 0.9026851619026667
MAE: 0.8387046230018139
InvMAE: 119.34088352813721
InvRMSE: 325.67992845458986
LogMAE: 26.293044073486328
LogSI: 36.535114354916175
