MAE: 1.1170877159706183
RMSE: 2.6938950111610547
InvMAE: 4.346618677888598
InvRMSE: 6.615309188706534
LogMAE: 5.552849116495677
LogRMSE: 8.88577493429184
LogSI: 7.877981658876618
AbsRel: 5.89231686762401
SqRel: 1.801601432540587
ChamferDist: 0.4524056875918593
F-Score: 54.27644127415759
IoU: 38.68292527185487
F-Score-20: 74.28085666034903
IoU-20: 60.46752594270877
