MAE: 1.6682777064709575
RMSE: 3.732793254172144
InvMAE: 6.16797653553676
InvRMSE: 9.111898720264435
LogMAE: 8.018444675609379
LogRMSE: 12.46772848609035
LogSI: 11.498543888435117
AbsRel: 8.170674995410662
SqRel: 2.178131719696924
ChamferDist: 0.6734431663905185
F-Score: 48.964679226462096
IoU: 33.566767148010754
F-Score-20: 66.98528904600377
IoU-20: 51.62387776191981
