AbsRel: 0.10143927827883656
SqRel: 0.7748954002364636
RMSE: 4.611723112923172
LogRMSE: 0.19076511675927527
$\delta < 1.25$: 0.8839700442294952
$\delta < 1.25^2$: 0.9581708063674627
$\delta < 1.25^3$: 0.9803238085723628
ChamferDist: 0.8312728719270042
F-Score: 26.805171925676092
IoU: 15.641666930580413
F-Score-20: 53.879064866938926
IoU-20: 37.26731051511025
