Scale: 0.3131318687753958
Shift: -0.0009017033233070335
AbsRel: 37.22664497999867
SqRel: 103.834066812233
RMSE: 9.779039447884923
LogRMSE: 58.84562575763651
$\delta_{.05}$: 15.673986594362319
$\delta_{.1}$: 27.988229228417854
$\delta_{.25}$: 50.966660332146915
$\delta_{.25^2}$: 72.08070501958673
$\delta_{.25^3}$: 83.29131546761535
MAE: 5.867261741393885
InvMAE: 2148.487166031594
InvRMSE: 14144.012188442084
LogMAE: 38.576875688783794
LogSI: 55.47654005732546
