Scale: 0.8013281029173703
Shift: 0.08075595948686022
AbsRel: 16.974075822096605
SqRel: 14.527602245257452
RMSE: 1.2293672538032898
LogRMSE: 28.483589423252987
$\delta_{.05}$: 23.15334986695665
$\delta_{.1}$: 42.83270285562531
$\delta_{.25}$: 76.28631479356046
$\delta_{.25^2}$: 93.60879732100528
$\delta_{.25^3}$: 97.44402110207207
MAE: 0.6328799148362416
InvMAE: 1844.1245434981126
InvRMSE: 9659.406544075013
LogMAE: 18.176585578918456
LogSI: 28.07337549649103
