Scale: 1.1818821485781272
Shift: -0.019798462277085305
AbsRel: 13.135706985397805
SqRel: 5.970262273280263
RMSE: 0.5992009655290514
LogRMSE: 18.099098939778973
$\delta_{.05}$: 29.05112887849217
$\delta_{.1}$: 51.244224727890455
$\delta_{.25}$: 83.1530079167735
$\delta_{.25^2}$: 97.09383680824627
$\delta_{.25^3}$: 99.35715087842239
MAE: 0.33620465043875236
InvMAE: 298.37361910437954
InvRMSE: 2085.679803588704
LogMAE: 13.159494838218805
LogSI: 18.015606664578474
