Scale: 1.0453344035145524
Shift: 0.011687255806910159
AbsRel: 15.729853808784485
SqRel: 9.930339015305043
RMSE: 1.1699117323696613
LogRMSE: 25.305375415992735
$\delta_{.05}$: 28.642467405797074
$\delta_{.1}$: 50.26697009557811
$\delta_{.25}$: 79.18386375539323
$\delta_{.25^2}$: 90.78660096709002
$\delta_{.25^3}$: 95.3643556476418
MAE: 0.5999689229905605
InvMAE: 142.49923562927245
InvRMSE: 1184.2377818786622
LogMAE: 16.710608114242554
LogSI: 25.048597441837156
