Ratio: 44.51146100616455
AbsRel: 34.07293339920044
SqRel: 90.99444737410545
RMSE: 21.887151945114137
LogRMSE: 41.247893926620485
$\delta < 1.05$: 0.135487237895171
$\delta < 1.1$: 0.25224472416768046
$\delta < 1.25$: 0.5128047792467346
$\delta < 1.25^2$: 0.7666001611252975
$\delta < 1.25^3$: 0.9042641044760276
MAE: 10.864201926231384
InvMAE: 16.080614721775056
InvRMSE: 25.062568550109862
LogMAE: 30.044186845779418
LogSI: 40.215257670197936
Chamfer: 3.589578279856447
F-Score: 5.375710112765431
IoU: 2.785788036815822
F-Score-20: 16.24008198726177
IoU-20: 8.978385783433914
