Ratio: 0.03228343883813584
AbsRel: 32.42080051612854
SqRel: 56.91244269514084
RMSE: 28.656918474197386
LogRMSE: 108.63339947509766
$\delta < 1.05$: 0.11500090534143632
$\delta < 1.1$: 0.2222573960362007
$\delta < 1.25$: 0.5049958064487063
$\delta < 1.25^2$: 0.8007943930799614
$\delta < 1.25^3$: 0.9080738582436337
MAE: 12.846204647541047
InvMAE: 10853.914569663048
InvRMSE: 77469.73337358188
LogMAE: 41.446288717269894
LogSI: 107.16017497053103
Chamfer: 3.173957074584564
F-Score: 5.432034173607827
IoU: 2.8472172266244886
F-Score-20: 15.78392606830597
IoU-20: 8.753104063987731
