Ratio: 14.179439907073975
AbsRel: 82.603079393827
SqRel: 2133.2488464340795
RMSE: 6.530760926145773
LogRMSE: 54.97980452904334
$\delta < 1.05$: 0.12108486975947297
$\delta < 1.1$: 0.22983088046453062
$\delta < 1.25$: 0.47641838265713954
$\delta < 1.25^2$: 0.7293579509186584
$\delta < 1.25^3$: 0.8514885765880992
MAE: 2.3037842084352786
InvMAE: 144.231303622906
InvRMSE: 188.49263841188872
LogMAE: 37.95032827524039
LogSI: 52.4403813244101
