Ratio: 0.02641493659672372
AbsRel: 40.28058832108707
SqRel: 107.12388253639632
RMSE: 9.83787918318013
LogRMSE: 57.80337395261756
$\delta < 1.05$: 0.11225844714391844
$\delta < 1.1$: 0.2124662432488896
$\delta < 1.25$: 0.44004860439025034
$\delta < 1.25^2$: 0.6770713208910399
$\delta < 1.25^3$: 0.8073203951617246
MAE: 6.167102583187043
InvMAE: 1241.3966805726423
InvRMSE: 6814.3034965852985
LogMAE: 42.06918164432851
LogSI: 54.377137235498374
