Ratio: 0.03272838088073442
AbsRel: 19.94119739825909
SqRel: 22.391022485769714
RMSE: 1.2151746310408298
LogRMSE: 28.245475279001088
$\delta < 1.05$: 0.2051849815307138
$\delta < 1.1$: 0.37695919297643565
$\delta < 1.25$: 0.6972529427176367
$\delta < 1.25^2$: 0.8990187669555922
$\delta < 1.25^3$: 0.9579986773535465
MAE: 0.7348284038901329
InvMAE: 448.19863008499146
InvRMSE: 3212.325320686927
LogMAE: 20.661396691248967
LogSI: 27.848659389065936
