Ratio: 41.9902853495337
AbsRel: 58.48279152002035
SqRel: 447.300572880715
RMSE: 10.08519697777359
LogRMSE: 56.41735718389263
$\delta < 1.05$: 0.10679279348201415
$\delta < 1.1$: 0.20245422228551083
$\delta < 1.25$: 0.4238620984872196
$\delta < 1.25^2$: 0.6786130785362069
$\delta < 1.25^3$: 0.8152262589200931
MAE: 6.42637771728862
InvMAE: 48.54128360855205
InvRMSE: 100.81061180183171
LogMAE: 41.26060143286872
LogSI: 53.34191887732371
