Ratio: 0.037515676497055464
AbsRel: 9.705397476447871
SqRel: 6.142664197626655
RMSE: 4.499044597514568
LogRMSE: 16.105894211611133
$\delta < 1.05$: 0.48507545416834846
$\delta < 1.1$: 0.7102411392800261
$\delta < 1.25$: 0.9030618755207852
$\delta < 1.25^2$: 0.97367202367746
$\delta < 1.25^3$: 0.9901956884822025
MAE: 1.9475573350681117
InvMAE: 55.86869040369256
InvRMSE: 987.067682982588
LogMAE: 9.444278201442554
LogSI: 16.006084427612663
Chamfer: 0.7720058392185533
F-Score: 47.077186707338676
IoU: 31.889425827681652
F-Score-20: 65.74856648415876
IoU-20: 50.10319193301757
