Ratio: 0.037912919799357084
AbsRel: 6.9807421614442555
SqRel: 7.602824089495199
RMSE: 3.804164333343506
LogRMSE: 12.997293293476105
$\delta < 1.05$: 0.7124244511658
$\delta < 1.1$: 0.850282137701116
$\delta < 1.25$: 0.94085830353862
$\delta < 1.25^2$: 0.9772452717780751
$\delta < 1.25^3$: 0.9887678573933553
MAE: 1.4537033285626344
InvMAE: 20.32299087728773
InvRMSE: 221.01865371176174
LogMAE: 6.486822579588209
LogSI: 12.900667792119693
Chamfer: 0.6293912589545912
F-Score: 61.23292190756116
IoU: 45.72235329559871
F-Score-20: 75.84301537649972
IoU-20: 62.74914742742266
