Ratio: 26.192442749568393
AbsRel: 7.900665489605495
SqRel: 17.845300918359843
RMSE: 4.024957785776683
LogRMSE: 13.246213987895421
$\delta < 1.05$: 0.7127100561994166
$\delta < 1.1$: 0.8666209580598231
$\delta < 1.25$: 0.9548662639857057
$\delta < 1.25^2$: 0.9800196668750089
$\delta < 1.25^3$: 0.9879182250355003
MAE: 1.4051860060010637
InvMAE: 4.693577414240156
InvRMSE: 9.879548060723714
LogMAE: 6.293113396508353
LogSI: 13.108058072238912
Chamfer: 0.516962079424996
F-Score: 61.0220768906389
IoU: 45.579755202191215
F-Score-20: 77.40558292116438
IoU-20: 64.52928404995373
