Ratio: 26.485624510817733
AbsRel: 10.611535642410349
SqRel: 11.927673427376645
RMSE: 4.521022647527829
LogRMSE: 16.017808636273344
$\delta < 1.05$: 0.4479393116304025
$\delta < 1.1$: 0.6927681175078567
$\delta < 1.25$: 0.9037376222142742
$\delta < 1.25^2$: 0.975329625040077
$\delta < 1.25^3$: 0.9905353276475438
MAE: 1.960124477926939
InvMAE: 7.742890685613902
InvRMSE: 12.706121727732793
LogMAE: 9.72731343222542
LogSI: 15.64916203686236
Chamfer: 0.7209618380387073
F-Score: 44.79024974243041
IoU: 30.02530398526075
F-Score-20: 65.20692762421685
IoU-20: 49.591894924640656
