Ratio: 0.011156080944940819
AbsRel: 28.96926830291748
SqRel: 17.063509965240954
RMSE: 12.371694860458375
LogRMSE: 42.80711441707611
$\delta < 1.05$: 0.13244319273758737
$\delta < 1.1$: 0.24829455008579565
$\delta < 1.25$: 0.507744049237691
$\delta < 1.25^2$: 0.7686428337469411
$\delta < 1.25^3$: 0.8849080980261324
MAE: 8.277916913688182
InvMAE: 1343.534464856088
InvRMSE: 3742.0845741764306
LogMAE: 32.59963814663887
LogSI: 40.63837092049318
Chamfer: 6.038603872494666
F-Score: 7.131530364274047
IoU: 3.879597537375521
F-Score-20: 13.663404548016377
IoU-20: 7.895423405354842
