Ratio: 98.43592277050018
AbsRel: 37.5732328710556
SqRel: 38.66969350922108
RMSE: 13.594904928565025
LogRMSE: 45.23812001609802
$\delta < 1.05$: 0.11325914569807688
$\delta < 1.1$: 0.214713977036738
$\delta < 1.25$: 0.4533655039296417
$\delta < 1.25^2$: 0.7172460325309606
$\delta < 1.25^3$: 0.8577801360913582
MAE: 9.35940481185913
InvMAE: 22.809352758049965
InvRMSE: 30.436220175266264
LogMAE: 34.97656061077118
LogSI: 43.37155003118924
Chamfer: 4.357045028492423
F-Score: 8.102670375838876
IoU: 4.447912392713129
F-Score-20: 15.751219013810157
IoU-20: 9.15465102905035
