Ratio: 8.317388412420174
AbsRel: 35.007247000294726
SqRel: 102.89959218378097
RMSE: 1.5126514013298424
LogRMSE: 37.269632486757516
$\delta < 1.05$: 0.1157065481574462
$\delta < 1.1$: 0.22340566077402232
$\delta < 1.25$: 0.4870511742729568
$\delta < 1.25^2$: 0.786598451565663
$\delta < 1.25^3$: 0.9206271330839265
MAE: 0.9132742487600455
InvMAE: 123.51845502124284
InvRMSE: 160.08243481463978
LogMAE: 29.31464359300946
LogSI: 35.49321181124183
