Ratio: 0.08834350890771671
AbsRel: 23.333584530273345
SqRel: 11.526468872659432
RMSE: 0.9670775009928676
LogRMSE: 29.72545290795306
$\delta < 1.05$: 0.14867578303665005
$\delta < 1.1$: 0.2836014237822449
$\delta < 1.25$: 0.586614853494053
$\delta < 1.25^2$: 0.8558693714273408
$\delta < 1.25^3$: 0.9554504716884384
MAE: 0.68089089369464
InvMAE: 151.7901095410735
InvRMSE: 1000.2060413593911
LogMAE: 23.812370388515134
LogSI: 29.376818779034572
