Ratio: 0.06222655023303569
AbsRel: 40.51141423859665
SqRel: 50.08069649747078
RMSE: 7.377245536653334
LogRMSE: 66.89301199388277
$\delta < 1.05$: 0.11143982391370616
$\delta < 1.1$: 0.20305389059667034
$\delta < 1.25$: 0.4113503920856741
$\delta < 1.25^2$: 0.6471266351285245
$\delta < 1.25^3$: 0.7816276689095416
MAE: 3.9487873101847595
InvMAE: 2105.4042005690376
InvRMSE: 12323.967768768916
LogMAE: 48.32457258906661
LogSI: 63.76978253548721
Chamfer: 2.984168237123343
F-Score: 28.459126837993637
IoU: 22.31666401975463
F-Score-20: 40.53981144831796
IoU-20: 32.242870780876416
