Ratio: 28.979204298491684
AbsRel: 63.21950860890475
SqRel: 539.041908353232
RMSE: 7.76167471160729
LogRMSE: 69.485075994884
$\delta < 1.05$: 0.09211829690065841
$\delta < 1.1$: 0.17664429409019025
$\delta < 1.25$: 0.3774850127059141
$\delta < 1.25^2$: 0.6245610596371224
$\delta < 1.25^3$: 0.7559586632107088
MAE: 4.254241745737181
InvMAE: 274.3644104299363
InvRMSE: 364.7061024517534
LogMAE: 51.28059507739601
LogSI: 65.19216215854803
Chamfer: 2.8523899471099545
F-Score: 29.293642784819077
IoU: 20.526830847924977
F-Score-20: 43.875889733875766
IoU-20: 34.00994555248598
