Ratio: 0.029453607541739098
AbsRel: 26.56122444460469
SqRel: 24.557890947268856
RMSE: 9.813678145350949
LogRMSE: 46.88005635476881
$\delta < 1.05$: 0.1619340173882393
$\delta < 1.1$: 0.30510298559874854
$\delta < 1.25$: 0.5980429041127836
$\delta < 1.25^2$: 0.8186345967020547
$\delta < 1.25^3$: 0.9036357326642209
MAE: 5.572537782365276
InvMAE: 1884.2543036402426
InvRMSE: 14777.125261879582
LogMAE: 29.263699063024212
LogSI: 45.759397173252445
Chamfer: 2.720119413644745
F-Score: 13.39045645976259
IoU: 7.49786535097947
F-Score-20: 26.723765044270024
IoU-20: 16.432292109747088
Ratio-Edges: 0.02480173096202977
AbsRel-Edges: 31.630614114275165
SqRel-Edges: 27.088376984311864
RMSE-Edges: 10.928220498902736
LogRMSE-Edges: 46.80260473700131
$\delta < 1.05$-Edges: 0.1263382238747498
$\delta < 1.1$-Edges: 0.24141521735500387
$\delta < 1.25$-Edges: 0.49156110478851833
$\delta < 1.25^2$-Edges: 0.7458841824901697
$\delta < 1.25^3$-Edges: 0.8739045671768645
MAE-Edges: 7.055838518862436
InvMAE-Edges: 891.2670368055892
InvRMSE-Edges: 6801.55931403785
LogMAE-Edges: 33.408171947952965
LogSI-Edges: 45.52985272495287
Chamfer-Edges: 4.647338500288156
F-Score-Edges: 6.817227971281102
IoU-Edges: 3.9031049911103217
F-Score-20-Edges: 14.467809961122626
IoU-20-Edges: 8.764605685308867
DirAcc-Edges: 67.74481980181436
Dir (-)-Edges: 5.0634235718247735
Dir (+)-Edges: 27.19175662636087
EdgeAcc-Edges: 4.160678176895862
EdgeComp-Edges: 35.846730472114864
