Ratio: 0.025996013548218816
AbsRel: 24.530980031490326
SqRel: 15.681548147797585
RMSE: 8.469537026137113
LogRMSE: 36.22083732247353
$\delta < 1.05$: 0.15638106161390822
$\delta < 1.1$: 0.29788926684596895
$\delta < 1.25$: 0.600280627003685
$\delta < 1.25^2$: 0.8412859134532787
$\delta < 1.25^3$: 0.9224018698765835
MAE: 4.823307945914567
InvMAE: 121.07282194852829
InvRMSE: 2278.8606042683123
LogMAE: 25.913512969017027
LogSI: 35.56551451372933
Chamfer: 2.8616918062599757
F-Score: 11.952980574816465
IoU: 6.5365782978385685
F-Score-20: 23.87961025774479
IoU-20: 14.256271475553513
Ratio-Edges: 0.02169393319418776
AbsRel-Edges: 29.43683338403702
SqRel-Edges: 18.905124564096333
RMSE-Edges: 9.592468506768347
LogRMSE-Edges: 40.627782224416734
$\delta < 1.05$-Edges: 0.12868603295241396
$\delta < 1.1$-Edges: 0.2425580029613048
$\delta < 1.25$-Edges: 0.5056794720824446
$\delta < 1.25^2$-Edges: 0.7736389961840722
$\delta < 1.25^3$-Edges: 0.888058421735314
MAE-Edges: 6.126418651361019
InvMAE-Edges: 41.26104902207852
InvRMSE-Edges: 403.0356801301241
LogMAE-Edges: 30.95106855273247
LogSI-Edges: 39.70283880407288
Chamfer-Edges: 4.293725195200999
F-Score-Edges: 6.667588491365313
IoU-Edges: 3.7044860439747573
F-Score-20-Edges: 14.213077794425189
IoU-20-Edges: 8.307563086003064
DirAcc-Edges: 72.62455191951896
Dir (-)-Edges: 6.317304150820571
Dir (+)-Edges: 21.058143929660464
EdgeAcc-Edges: 4.054606101697793
EdgeComp-Edges: 52.82945997193237
