Ratio: 32.339445980787275
AbsRel: 29.540209708213805
SqRel: 26.761298160254956
RMSE: 8.559179422855378
LogRMSE: 37.970709400177
$\delta < 1.05$: 0.13987209916586565
$\delta < 1.1$: 0.26528601813907426
$\delta < 1.25$: 0.5420921781328718
$\delta < 1.25^2$: 0.8052966368543372
$\delta < 1.25^3$: 0.9129558340956159
MAE: 5.0189963737130165
InvMAE: 28.676714199185373
InvRMSE: 38.604526495933534
LogMAE: 28.35061040878296
LogSI: 36.721398300772336
Chamfer: 2.5716444783896044
F-Score: 11.798439200222493
IoU: 6.427984017208218
F-Score-20: 23.429110763072966
IoU-20: 13.81393917351961
Ratio-Edges: 35.99212191104889
AbsRel-Edges: 35.22750362038612
SqRel-Edges: 37.233204140812155
RMSE-Edges: 9.836568722054363
LogRMSE-Edges: 43.22497275352478
$\delta < 1.05$-Edges: 0.11754182041719673
$\delta < 1.1$-Edges: 0.22441642817125318
$\delta < 1.25$-Edges: 0.4759894387660421
$\delta < 1.25^2$-Edges: 0.7487899111529986
$\delta < 1.25^3$-Edges: 0.8791029234546773
MAE-Edges: 6.3815113645419475
InvMAE-Edges: 30.05038284391165
InvRMSE-Edges: 41.379568668603895
LogMAE-Edges: 32.808726830482485
LogSI-Edges: 41.796664226506806
Chamfer-Edges: 3.556060107591053
F-Score-Edges: 6.881329985298216
IoU-Edges: 3.804896851275116
F-Score-20-Edges: 15.198176722824574
IoU-20-Edges: 8.873935575038194
DirAcc-Edges: 68.80124820125398
Dir (-)-Edges: 4.477986774934045
Dir (+)-Edges: 26.720765023811975
EdgeAcc-Edges: 3.772837852498947
EdgeComp-Edges: 33.18181355921017
