Ratio: 36.08629300086729
AbsRel: 32.88365034780195
SqRel: 45.515454753137405
RMSE: 9.662795414809258
LogRMSE: 38.72637397889168
$\delta < 1.05$: 0.13940726867478698
$\delta < 1.1$: 0.2678346579545358
$\delta < 1.25$: 0.546721042812691
$\delta < 1.25^2$: 0.8006655312830276
$\delta < 1.25^3$: 0.9043425813608305
MAE: 5.708143317757115
InvMAE: 31.5476825252656
InvRMSE: 45.65861002276021
LogMAE: 29.120228596348916
LogSI: 37.3688244494492
Chamfer: 2.7386480133270807
F-Score: 11.462039563194399
IoU: 6.229598238198988
F-Score-20: 23.56659523302509
IoU-20: 13.935157788030564
Ratio-Edges: 40.006535849228406
AbsRel-Edges: 41.17365805463853
SqRel-Edges: 76.69669314772865
RMSE-Edges: 11.67433740518062
LogRMSE-Edges: 44.98979852464464
$\delta < 1.05$-Edges: 0.12394910480378099
$\delta < 1.1$-Edges: 0.23027091340946879
$\delta < 1.25$-Edges: 0.47190730995746843
$\delta < 1.25^2$-Edges: 0.7341740545305643
$\delta < 1.25^3$-Edges: 0.8640508069404143
MAE-Edges: 7.602784700599177
InvMAE-Edges: 29.763043447179733
InvRMSE-Edges: 44.259512772591286
LogMAE-Edges: 34.171952131059435
LogSI-Edges: 43.43084216315868
Chamfer-Edges: 4.219200377424433
F-Score-Edges: 6.877018345600249
IoU-Edges: 4.035045880512669
F-Score-20-Edges: 14.135467355040943
IoU-20-Edges: 8.471401058419858
DirAcc-Edges: 64.76491290889422
Dir (-)-Edges: 3.5113182160291165
Dir (+)-Edges: 31.723768875076665
EdgeAcc-Edges: 3.9894975365908953
EdgeComp-Edges: 31.05754750374115
