Ratio: 7.946016026592255
AbsRel: 34.99866888465881
SqRel: 24.223470114326478
RMSE: 1.7045961345911027
LogRMSE: 46.08584223098755
$\delta < 1.05$: 0.10994993536727533
$\delta < 1.1$: 0.21016614673985806
$\delta < 1.25$: 0.4472782193846916
$\delta < 1.25^2$: 0.7181193158340726
$\delta < 1.25^3$: 0.8594198104655186
MAE: 1.0952365898251533
InvMAE: 139.73806257781982
InvRMSE: 176.62637387695312
LogMAE: 34.94013460922241
LogSI: 45.2909110411665
