Ratio: 0.058109886796271625
AbsRel: 24.346585120391847
SqRel: 12.620653344631195
RMSE: 1.5735177004933356
LogRMSE: 39.243724794769285
$\delta < 1.05$: 0.15383370282116765
$\delta < 1.1$: 0.29904795175183047
$\delta < 1.25$: 0.6107432653713566
$\delta < 1.25^2$: 0.839726866897463
$\delta < 1.25^3$: 0.8949004608823139
MAE: 0.8724184222698211
InvMAE: 121.64557761383057
InvRMSE: 413.461028125
LogMAE: 27.277945337677004
LogSI: 38.626674100289875
