MAE: 1.9575532146862575
RMSE: 4.285597020047051
InvMAE: 7.745292940820966
InvRMSE: 12.728925265925271
LogMAE: 9.83597972699574
LogRMSE: 15.819119444574628
LogSI: 14.690448653019958
AbsRel: 10.3467060143607
SqRel: 4.680851814491408
ChamferDist: 0.7605778344188417
F-Score: 44.81688745413508
IoU: 30.096285516193934
F-Score-20: 62.37915229797363
IoU-20: 46.81899468575205
