MAE: 2.7435452018413073
RMSE: 5.511206666019065
InvMAE: 11.179943422964014
InvRMSE: 17.20632585352915
LogMAE: 14.181214311371551
LogRMSE: 21.6877445955218
LogSI: 19.753186969256422
AbsRel: 14.76874571417007
SqRel: 8.486176894120643
ChamferDist: 1.0564670104282035
F-Score: 39.322018197526226
IoU: 25.32869033348615
F-Score-20: 56.247300610311925
IoU-20: 40.315097356866474
