AbsRel: 0.16480862028586812
SqRel: 1.4199925347457145
RMSE: 6.068824688536536
LogRMSE: 0.26126179612178885
$\delta < 1.25$: 0.7621289077515585
$\delta < 1.25^2$: 0.9094758389712125
$\delta < 1.25^3$: 0.959613708515081
ChamferDist: 1.2297557862622495
F-Score: 18.353561031510534
IoU: 10.254127315813449
F-Score-20: 42.72901339920898
IoU-20: 27.561042649503076
