AbsRel: 0.11214558100341211
SqRel: 0.9219002104290845
RMSE: 4.907963343638087
LogRMSE: 0.1990274364500169
$\delta < 1.25$: 0.8683473991576925
$\delta < 1.25^2$: 0.9553170584758905
$\delta < 1.25^3$: 0.979089570568773
ChamferDist: 0.8832827069752528
F-Score: 25.213943257735483
IoU: 14.593406088040926
F-Score-20: 51.33247051074823
IoU-20: 34.91110271463435
