MAE: 1.8995105170307716
RMSE: 4.159957171674886
InvMAE: 6.90423086340442
InvRMSE: 10.320612557460926
LogMAE: 9.126320665599378
LogRMSE: 14.136023704259674
LogSI: 12.948692468622543
AbsRel: 9.53224478908843
SqRel: 3.2144068727281194
ChamferDist: 0.7480871789843027
F-Score: 46.75403440087759
IoU: 31.55033304928545
F-Score-20: 64.08614111486023
IoU-20: 48.37901548675598
