MAE: 1.2963133209092277
RMSE: 3.106709760895797
InvMAE: 4.974420946836472
InvRMSE: 7.667972356932504
LogMAE: 6.354671227421079
LogRMSE: 10.236189499582563
LogSI: 9.07552166066159
AbsRel: 6.827292502777917
SqRel: 2.510045523526413
ChamferDist: 0.5176837656114782
F-Score: 52.70007555101865
IoU: 37.30836821022044
F-Score-20: 71.7467168985733
IoU-20: 57.5574196685212
