Scale: 0.3140684075327929
Shift: 0.3399187221432513
AbsRel: 19.757661381501418
SqRel: 16.313607179843462
RMSE: 1.139756710781501
LogRMSE: 27.586070858882024
$\delta_{.05}$: 20.28664859377454
$\delta_{.1}$: 37.23052006225117
$\delta_{.25}$: 69.79802740110763
$\delta_{.25^2}$: 89.87236681622856
$\delta_{.25^3}$: 95.64403523644087
MAE: 0.7273473113546005
InvMAE: 190.2160274226849
InvRMSE: 1204.6255891301082
LogMAE: 20.605921115875244
LogSI: 27.19911553464165
