Scale: 0.24416975858310422
Shift: 0.05344896535191192
AbsRel: 41.217911076652626
SqRel: 108.09789001620939
RMSE: 9.880987642859129
LogRMSE: 56.598964834427086
$\delta_{.05}$: 10.441682832880549
$\delta_{.1}$: 19.896552590448536
$\delta_{.25}$: 42.11050047359644
$\delta_{.25^2}$: 66.85651347601554
$\delta_{.25^3}$: 80.04534697788957
MAE: 6.243531626970778
InvMAE: 371.69790192195654
InvRMSE: 2845.208599433771
LogMAE: 42.553975736079195
LogSI: 53.18050870639667
