Scale: 0.8915264470770488
Shift: 0.24260881483966817
AbsRel: 20.767080551258285
SqRel: 9.120167243006762
RMSE: 0.7086440894969195
LogRMSE: 26.424467121060108
$\delta_{.05}$: 16.450062362138436
$\delta_{.1}$: 31.404907093985273
$\delta_{.25}$: 63.30191083920052
$\delta_{.25^2}$: 89.4295133855571
$\delta_{.25^3}$: 97.31911993011579
MAE: 0.5016136708518416
InvMAE: 167.15751365055002
InvRMSE: 667.7642389933268
LogMAE: 21.10264148770487
LogSI: 26.152581714956682
