Scale: 0.4455114753016266
Shift: 0.30961926501076487
AbsRel: 25.95632123298645
SqRel: 13.122851427459716
RMSE: 1.570891668945551
LogRMSE: 40.194973720932005
$\delta_{.05}$: 13.971718515354754
$\delta_{.1}$: 26.775389802061166
$\delta_{.25}$: 57.38242597609359
$\delta_{.25^2}$: 82.15110043115325
$\delta_{.25^3}$: 89.34429950844294
MAE: 0.8977707281887531
InvMAE: 146.90048025512695
InvRMSE: 506.79826531524657
LogMAE: 28.684563312530518
LogSI: 39.50210170702116
