Ratio: 0.1979924104434846
AbsRel: 28.580039424896242
SqRel: 26.511579788208007
RMSE: 36.86271221828461
LogRMSE: 210.11731987953186
$\delta < 1.05$: 0.13899760958469845
$\delta < 1.1$: 0.27211739466296325
$\delta < 1.25$: 0.6054052379995817
$\delta < 1.25^2$: 0.8461156718539863
$\delta < 1.25^3$: 0.8986895421944782
MAE: 15.561363205909728
InvMAE: 38989.05258907318
InvRMSE: 173980.01764015103
LogMAE: 68.52758550071717
LogSI: 204.27831744911813
Chamfer: 3.463954028557077
F-Score: 6.406525136828423
IoU: 3.340896650612354
F-Score-20: 19.206852548599244
IoU-20: 10.759964255332946
