Ratio: 8.137403638362885
AbsRel: 27.86375368499756
SqRel: 24.1987314786911
RMSE: 17.83656089735031
LogRMSE: 35.194302816390994
$\delta < 1.05$: 0.133431215985013
$\delta < 1.1$: 0.2544938793084116
$\delta < 1.25$: 0.5365209868064289
$\delta < 1.25^2$: 0.8002673608074511
$\delta < 1.25^3$: 0.9426521194247791
MAE: 9.166023471355437
InvMAE: 15.345604118347168
InvRMSE: 24.221475378990174
LogMAE: 26.795781414031982
LogSI: 34.609397063885204
Chamfer: 3.021034968369823
F-Score: 4.572913924872875
IoU: 2.350496307551861
F-Score-20: 14.495983302116395
IoU-20: 7.892428672075272
