Ratio: 3.275391888985267
AbsRel: 30.06658626262958
SqRel: 19.860802070911113
RMSE: 1.4745975438448098
LogRMSE: 37.815661556537336
$\delta < 1.05$: 0.11958470890242386
$\delta < 1.1$: 0.23012978322846528
$\delta < 1.25$: 0.5029550638970917
$\delta < 1.25^2$: 0.7954269746218173
$\delta < 1.25^3$: 0.9165155181272407
MAE: 1.0551909089317688
InvMAE: 134.85084185086762
InvRMSE: 178.40568574465237
LogMAE: 29.602349319458007
LogSI: 36.516815996642435
