Ratio: 9.962338408814418
AbsRel: 58.705642358069994
SqRel: 463.01829875424306
RMSE: 9.768832568363225
LogRMSE: 56.48894978424893
$\delta < 1.05$: 0.1005978056869381
$\delta < 1.1$: 0.1922428656509201
$\delta < 1.25$: 0.41106730571719835
$\delta < 1.25^2$: 0.6720392318067774
$\delta < 1.25^3$: 0.8121630929386885
MAE: 6.382299254961612
InvMAE: 48.88632519255839
InvRMSE: 101.20701202255728
LogMAE: 41.69337176848955
LogSI: 53.884096500035824
