Ratio: 0.1276456863483318
AbsRel: 19.544125393353976
SqRel: 11.858623592670147
RMSE: 1.135933942955274
LogRMSE: 27.607455695225642
$\delta < 1.05$: 0.2116552643962171
$\delta < 1.1$: 0.3803332671376976
$\delta < 1.25$: 0.6965991774314714
$\delta < 1.25^2$: 0.8991865618641934
$\delta < 1.25^3$: 0.9588814002736278
MAE: 0.7221475369655169
InvMAE: 312.3140446648231
InvRMSE: 1672.2036823654175
LogMAE: 20.457543739172127
LogSI: 27.2162632055406
