Ratio: 0.1142720562884515
AbsRel: 40.195338700384305
SqRel: 100.74884920269919
RMSE: 9.725469211692767
LogRMSE: 56.70114398964852
$\delta < 1.05$: 0.10847877510636865
$\delta < 1.1$: 0.20632524793458196
$\delta < 1.25$: 0.4296992177040698
$\delta < 1.25^2$: 0.6813079982962101
$\delta < 1.25^3$: 0.8091112879993752
MAE: 6.11684366846833
InvMAE: 723.1774043138786
InvRMSE: 5327.370662336392
LogMAE: 41.61144560441843
LogSI: 53.34251182376008
