Ratio: 5.399999999999999
AbsRel: 7.5833033886423875
SqRel: 2.020517159641886
RMSE: 3.6914206874882516
LogRMSE: 12.25703909426379
$\delta < 1.05$: 0.5478657220099203
$\delta < 1.1$: 0.7614044634096829
$\delta < 1.25$: 0.9318196187507538
$\delta < 1.25^2$: 0.986276922160121
$\delta < 1.25^3$: 0.9958680423990629
MAE: 1.6131604954691752
InvMAE: 5.669162311254103
InvRMSE: 8.944385665691703
LogMAE: 7.5882845948810225
LogSI: 11.481769491998401
Chamfer: 0.6097902431998412
F-Score: 52.43374362313674
IoU: 36.501152152481254
F-Score-20: 69.49858604618377
IoU-20: 54.285592063073
