Ratio: 5.399999999999999
AbsRel: 3.8752866172790528
SqRel: 1.908228541479579
RMSE: 2.371644724841629
LogRMSE: 7.674950951508113
$\delta < 1.05$: 0.8162240130543689
$\delta < 1.1$: 0.936090802794571
$\delta < 1.25$: 0.984396879227631
$\delta < 1.25^2$: 0.9946987325622454
$\delta < 1.25^3$: 0.9972955123735687
MAE: 0.8267595851847104
InvMAE: 2.6979122625078475
InvRMSE: 5.608663746459143
LogMAE: 3.700336102417537
LogSI: 7.538085781589551
Chamfer: 0.32279298270962903
F-Score: 68.72572143554687
IoU: 53.06466461999076
F-Score-20: 83.12008231026786
IoU-20: 71.65711839948382
