Ratio: 24.660371082782746
AbsRel: 35.46264044189453
SqRel: 32.2059462441206
RMSE: 12.999160299003124
LogRMSE: 43.70744387435913
$\delta < 1.05$: 0.11069151436231058
$\delta < 1.1$: 0.21264813434785731
$\delta < 1.25$: 0.4596675123839885
$\delta < 1.25^2$: 0.732430898996179
$\delta < 1.25^3$: 0.8664439841328563
MAE: 9.018645433604718
InvMAE: 22.24503707587719
InvRMSE: 29.613459726810454
LogMAE: 33.956166501045224
LogSI: 41.74792667724649
Chamfer: 4.527562385794841
F-Score: 7.998442753851414
IoU: 4.389187370076775
F-Score-20: 15.58065835571289
IoU-20: 9.047757968008519
