Ratio: 0.048651816396274375
AbsRel: 28.403427131414414
SqRel: 16.518482087209822
RMSE: 12.215273651480675
LogRMSE: 42.74221333360672
$\delta < 1.05$: 0.13604084949900297
$\delta < 1.1$: 0.2547688870586741
$\delta < 1.25$: 0.5162519876227316
$\delta < 1.25^2$: 0.7762717358903033
$\delta < 1.25^3$: 0.890192245809573
MAE: 8.169709661632776
InvMAE: 1564.6582569332122
InvRMSE: 4716.344282492578
LogMAE: 32.04609780097008
LogSI: 40.58478335955384
Chamfer: 5.979943648441691
F-Score: 7.372987859603017
IoU: 3.9953315816354005
F-Score-20: 14.130460053589195
IoU-20: 8.144813418198376
