Ratio: 0.34289781513725587
AbsRel: 24.226478468022943
SqRel: 11.95384894047126
RMSE: 0.9514858602611661
LogRMSE: 30.42490491444182
$\delta < 1.05$: 0.13826118023123452
$\delta < 1.1$: 0.2642728824527183
$\delta < 1.25$: 0.5587410420730294
$\delta < 1.25^2$: 0.8460582108861119
$\delta < 1.25^3$: 0.9517382070198972
MAE: 0.6994967837490438
InvMAE: 126.05438663471
InvRMSE: 443.09684818746115
LogMAE: 24.80490586517054
LogSI: 29.994251420727537
