Ratio: 2.141559484446085
AbsRel: 29.579959900007335
SqRel: 17.87140138360703
RMSE: 0.9906460186665941
LogRMSE: 34.26958349210407
$\delta < 1.05$: 0.11574196709307835
$\delta < 1.1$: 0.2241487405575143
$\delta < 1.25$: 0.4958710725104962
$\delta < 1.25^2$: 0.8095186562801888
$\delta < 1.25^3$: 0.9347431300340268
MAE: 0.7678295035792417
InvMAE: 122.0631587293899
InvRMSE: 159.91809220270278
LogMAE: 27.785238588257304
LogSI: 33.04966585259222
