Ratio: 0.3606501999376829
AbsRel: 40.439264586325464
SqRel: 59.19081317370303
RMSE: 7.44041798601738
LogRMSE: 71.48634031959698
$\delta < 1.05$: 0.11036709760293548
$\delta < 1.1$: 0.2017141407778173
$\delta < 1.25$: 0.4153148756010197
$\delta < 1.25^2$: 0.6607322424526398
$\delta < 1.25^3$: 0.7916648917808545
MAE: 3.9260602539806273
InvMAE: 4424.432905660377
InvRMSE: 20904.207073897094
LogMAE: 49.17768802597192
LogSI: 68.16169415214684
Chamfer: 2.8867964554451144
F-Score: 28.301570859868036
IoU: 21.077008842219907
F-Score-20: 42.20806658495314
IoU-20: 33.21112522451785
