Ratio: 6.442358886225942
AbsRel: 54.151871058587254
SqRel: 133.6667441821412
RMSE: 7.491333579403932
LogRMSE: 66.4070308986463
$\delta < 1.05$: 0.09422536909613825
$\delta < 1.1$: 0.1798336082431857
$\delta < 1.25$: 0.39479185131041544
$\delta < 1.25^2$: 0.6429377707587872
$\delta < 1.25^3$: 0.7716111140753026
MAE: 4.209039625824924
InvMAE: 258.23399981944755
InvRMSE: 348.6996574290061
LogMAE: 49.140145332391185
LogSI: 61.93596347548528
Chamfer: 3.0648726868627003
F-Score: 30.497773293202574
IoU: 21.592497725549496
F-Score-20: 45.66095805784162
IoU-20: 35.83485878875666
