Ratio: 0.1204160914976526
AbsRel: 23.67715428352356
SqRel: 16.08668748602271
RMSE: 8.266583853289484
LogRMSE: 38.12778419733048
$\delta < 1.05$: 0.17271221795718586
$\delta < 1.1$: 0.32686266206783443
$\delta < 1.25$: 0.6336615696788607
$\delta < 1.25^2$: 0.849670765636295
$\delta < 1.25^3$: 0.9244006366598712
MAE: 4.668371402397752
InvMAE: 501.202981517911
InvRMSE: 6432.664123642445
LogMAE: 25.037602639198305
LogSI: 37.528024414957
Chamfer: 2.5802322924569414
F-Score: 13.284794367700815
IoU: 7.340154265612364
F-Score-20: 26.217981242537498
IoU-20: 15.918841253519059
Ratio-Edges: 0.10347870976493823
AbsRel-Edges: 29.14844887137413
SqRel-Edges: 19.395121482089163
RMSE-Edges: 9.492734138499946
LogRMSE-Edges: 41.02701154112816
$\delta < 1.05$-Edges: 0.13380938865322484
$\delta < 1.1$-Edges: 0.2500383010391039
$\delta < 1.25$-Edges: 0.5181798797685848
$\delta < 1.25^2$-Edges: 0.7754170284284335
$\delta < 1.25^3$-Edges: 0.8879892294043696
MAE-Edges: 6.036419643890112
InvMAE-Edges: 174.13595807880162
InvRMSE-Edges: 1632.1230980700254
LogMAE-Edges: 30.592739545106888
LogSI-Edges: 40.145785597333244
Chamfer-Edges: 4.0218429839864545
F-Score-Edges: 7.162113200947642
IoU-Edges: 4.057620077561587
F-Score-20-Edges: 14.942340784966946
IoU-20-Edges: 8.751621310561895
DirAcc-Edges: 72.60200174735328
Dir (-)-Edges: 6.027990843526227
Dir (+)-Edges: 21.3700074091205
EdgeAcc-Edges: 4.125480666110189
EdgeComp-Edges: 52.993419376868445
