Ratio: 7.320907289443477
AbsRel: 31.270219355552427
SqRel: 47.764111135851955
RMSE: 9.532519140128166
LogRMSE: 37.17062692826794
$\delta < 1.05$: 0.1531674867273035
$\delta < 1.1$: 0.29261233970489786
$\delta < 1.25$: 0.5822117717758701
$\delta < 1.25^2$: 0.8207998223706824
$\delta < 1.25^3$: 0.9137290807791639
MAE: 5.475991383252605
InvMAE: 29.561218120205787
InvRMSE: 43.52785347046391
LogMAE: 27.42984568934287
LogSI: 35.92887113625051
Chamfer: 2.505152846251522
F-Score: 12.70395248170822
IoU: 6.9800241790087
F-Score-20: 25.880200271606444
IoU-20: 15.631506665137506
Ratio-Edges: 8.078711534481423
AbsRel-Edges: 40.81605714879005
SqRel-Edges: 84.41626573384198
RMSE-Edges: 12.024090451196907
LogRMSE-Edges: 44.67227044760012
$\delta < 1.05$-Edges: 0.13004663559035487
$\delta < 1.1$-Edges: 0.2395093059751073
$\delta < 1.25$-Edges: 0.4823067606204005
$\delta < 1.25^2$-Edges: 0.744473808193732
$\delta < 1.25^3$-Edges: 0.8708810399865224
MAE-Edges: 7.6691462028503805
InvMAE-Edges: 28.916357805526335
InvRMSE-Edges: 43.4049360555761
LogMAE-Edges: 33.49830236497268
LogSI-Edges: 43.196552587552446
Chamfer-Edges: 4.179908530141954
F-Score-Edges: 7.4706051453071485
IoU-Edges: 4.468276002740159
F-Score-20-Edges: 14.964461241048925
IoU-20-Edges: 9.148579308702276
DirAcc-Edges: 65.5012998221296
Dir (-)-Edges: 3.328984544332231
Dir (+)-Edges: 31.169715633538164
EdgeAcc-Edges: 4.070932409785854
EdgeComp-Edges: 29.608111917790396
