Ratio: 0.14247216018920383
AbsRel: 26.037655333549747
SqRel: 26.14657441667972
RMSE: 9.790182860926274
LogRMSE: 48.24409672583303
$\delta < 1.05$: 0.16972269177238342
$\delta < 1.1$: 0.3232575883632335
$\delta < 1.25$: 0.6202982640726957
$\delta < 1.25^2$: 0.8250194399381695
$\delta < 1.25^3$: 0.9065360404593241
MAE: 5.475252675346789
InvMAE: 2262.1944324071947
InvRMSE: 17276.773455488143
LogMAE: 28.670227471628497
LogSI: 47.13733107914548
Chamfer: 2.5509591168682424
F-Score: 14.318646493419525
IoU: 8.015490818908138
F-Score-20: 28.60622734685098
IoU-20: 17.746593981635186
Ratio-Edges: 0.12286872092571344
AbsRel-Edges: 31.37525777349285
SqRel-Edges: 28.712311521581576
RMSE-Edges: 10.894653092173774
LogRMSE-Edges: 46.66095727814569
$\delta < 1.05$-Edges: 0.13014665813568793
$\delta < 1.1$-Edges: 0.2474170252433659
$\delta < 1.25$-Edges: 0.4991613541762967
$\delta < 1.25^2$-Edges: 0.7506205962924455
$\delta < 1.25^3$-Edges: 0.8764521683168743
MAE-Edges: 6.989893520321527
InvMAE-Edges: 852.2202451556336
InvRMSE-Edges: 7279.651348706242
LogMAE-Edges: 32.84494791965859
LogSI-Edges: 45.44374103709954
Chamfer-Edges: 4.4755633986112375
F-Score-Edges: 7.186459782992313
IoU-Edges: 4.148936853703915
F-Score-20-Edges: 14.983745948473613
IoU-20-Edges: 9.146933342165807
DirAcc-Edges: 68.35634894082803
Dir (-)-Edges: 4.8357643556503245
Dir (+)-Edges: 26.807886703521646
EdgeAcc-Edges: 4.150006904450323
EdgeComp-Edges: 34.77480106025854
