Ratio: 7.201535547971726
AbsRel: 28.702256619930267
SqRel: 31.327332316935063
RMSE: 8.195478490740062
LogRMSE: 36.031807446479796
$\delta < 1.05$: 0.1487230872512031
$\delta < 1.1$: 0.28384355467641453
$\delta < 1.25$: 0.5766270365380538
$\delta < 1.25^2$: 0.824868840472361
$\delta < 1.25^3$: 0.9193581226469348
MAE: 4.804771017841995
InvMAE: 27.60630369722843
InvRMSE: 37.62275992751122
LogMAE: 26.791783736944197
LogSI: 35.08382646955697
Chamfer: 2.3670555165010496
F-Score: 12.232727191448213
IoU: 6.6950449819862845
F-Score-20: 24.569613366127015
IoU-20: 14.684977909624576
Ratio-Edges: 7.857424988150597
AbsRel-Edges: 35.401010960936546
SqRel-Edges: 48.44172527946532
RMSE-Edges: 9.810546216145157
LogRMSE-Edges: 42.59901831269264
$\delta < 1.05$-Edges: 0.12365809021168532
$\delta < 1.1$-Edges: 0.23650277611558163
$\delta < 1.25$-Edges: 0.49017460202200824
$\delta < 1.25^2$-Edges: 0.7571829239416508
$\delta < 1.25^3$-Edges: 0.8807803113888495
MAE-Edges: 6.292572732903063
InvMAE-Edges: 29.895467140078544
InvRMSE-Edges: 41.596298085451124
LogMAE-Edges: 32.15063811540604
LogSI-Edges: 41.383900744772966
Chamfer-Edges: 3.348010381055471
F-Score-Edges: 7.537904108539224
IoU-Edges: 4.2445813234522936
F-Score-20-Edges: 15.961387474536895
IoU-20-Edges: 9.363457494080066
DirAcc-Edges: 69.3707638460616
Dir (-)-Edges: 4.159107115325316
Dir (+)-Edges: 26.47012903861308
EdgeAcc-Edges: 3.8231389982132873
EdgeComp-Edges: 34.59078295468086
