Ratio: 2.0994582099199297
AbsRel: 29.098378588867188
SqRel: 16.5553484205246
RMSE: 1.5581342455148697
LogRMSE: 42.12430506439209
$\delta < 1.05$: 0.1287909329581962
$\delta < 1.1$: 0.24652347700005356
$\delta < 1.25$: 0.5240155243606556
$\delta < 1.25^2$: 0.7926615995356027
$\delta < 1.25^3$: 0.8842200367758849
MAE: 0.9506358233094215
InvMAE: 124.77730128631592
InvRMSE: 161.6327025817871
LogMAE: 30.755584157180785
LogSI: 41.16562396293492
