Ratio: 0.2541293495868898
AbsRel: 24.27386115951538
SqRel: 12.072970080041886
RMSE: 1.529120770740509
LogRMSE: 38.69601274871826
$\delta < 1.05$: 0.1549288241204144
$\delta < 1.1$: 0.29802442687817127
$\delta < 1.25$: 0.6155508271743708
$\delta < 1.25^2$: 0.8359695664578478
$\delta < 1.25^3$: 0.8961388636349926
MAE: 0.8595548001110553
InvMAE: 111.45591239013672
InvRMSE: 217.44711242370605
LogMAE: 27.056706589126588
LogSI: 38.06059590618494
