Ratio: 8.061139357089996
AbsRel: 26.210202552795412
SqRel: 20.60386515188217
RMSE: 17.393581292629243
LogRMSE: 33.20812441635132
$\delta < 1.05$: 0.14305826054498347
$\delta < 1.1$: 0.27188155620075954
$\delta < 1.25$: 0.5610248384460076
$\delta < 1.25^2$: 0.823874243146434
$\delta < 1.25^3$: 0.9550135359755026
MAE: 8.779050648212433
InvMAE: 14.493470163345338
InvRMSE: 23.139982924461364
LogMAE: 25.189692384719848
LogSI: 32.63597580469461
Chamfer: 2.7970684702587127
F-Score: 4.905413387686014
IoU: 2.5276281841397283
F-Score-20: 15.556523463964462
IoU-20: 8.530954431533813
