Ratio: 0.19943512569343955
AbsRel: 28.23950680732727
SqRel: 28.909723871707918
RMSE: 38.723146553993224
LogRMSE: 225.6248609352112
$\delta < 1.05$: 0.15705499873144613
$\delta < 1.1$: 0.3024862094567443
$\delta < 1.25$: 0.658097530282592
$\delta < 1.25^2$: 0.8464325325862403
$\delta < 1.25^3$: 0.8944695569553489
MAE: 16.053638529300688
InvMAE: 42928.10350827122
InvRMSE: 188950.7306067648
LogMAE: 71.6793166103363
LogSI: 219.35430491578654
Chamfer: 3.486278175960875
F-Score: 7.66358078622818
IoU: 4.026755171775818
F-Score-20: 22.560508249282837
IoU-20: 12.858690993785858
