Ratio: 0.12493203193647022
AbsRel: 19.214787747309757
SqRel: 9.410726534403288
RMSE: 1.080577684021913
LogRMSE: 26.675047958080587
$\delta < 1.05$: 0.20805550296700814
$\delta < 1.1$: 0.3806084437605269
$\delta < 1.25$: 0.7023415037135189
$\delta < 1.25^2$: 0.9013619208658007
$\delta < 1.25^3$: 0.9601512439097538
MAE: 0.7122080547305254
InvMAE: 132.04202843666076
InvRMSE: 618.4347145447364
LogMAE: 20.123422865500817
LogSI: 26.29917783534828
