Ratio: 9.089258436932157
AbsRel: 57.344575142112014
SqRel: 466.3539351048491
RMSE: 9.586582517811001
LogRMSE: 55.205052333027794
$\delta < 1.05$: 0.10572913485437252
$\delta < 1.1$: 0.20209265032957738
$\delta < 1.25$: 0.4290925003276953
$\delta < 1.25^2$: 0.6860565813049037
$\delta < 1.25^3$: 0.820527196905239
MAE: 6.167389564049084
InvMAE: 47.8845147808571
InvRMSE: 100.55521328246112
LogMAE: 40.44453660896541
LogSI: 52.678383774015465
