Ratio: 2.9764501192019535
AbsRel: 30.086372624910794
SqRel: 20.42069771546584
RMSE: 1.469202065697083
LogRMSE: 38.694426028911884
$\delta < 1.05$: 0.12344448352631135
$\delta < 1.1$: 0.23528845015063798
$\delta < 1.25$: 0.4980305490749683
$\delta < 1.25^2$: 0.7821793319403804
$\delta < 1.25^3$: 0.9097712859333067
MAE: 1.0474193878357227
InvMAE: 142.08625093019927
InvRMSE: 189.65154082371637
LogMAE: 30.219127555260293
LogSI: 37.26092223027238
