Ratio: 0.1264538279202145
AbsRel: 39.578807884267626
SqRel: 99.60113065178619
RMSE: 9.654011061506955
LogRMSE: 56.22926311535686
$\delta < 1.05$: 0.11122714806431684
$\delta < 1.1$: 0.21116909471785697
$\delta < 1.25$: 0.4394226051458883
$\delta < 1.25^2$: 0.6909324484558802
$\delta < 1.25^3$: 0.8139399087387726
MAE: 6.022962862066089
InvMAE: 765.4323490740472
InvRMSE: 6277.050162481086
LogMAE: 40.84814553410483
LogSI: 52.94194686712835
