Ratio: 5.399999999999999
AbsRel: 7.607388301495394
SqRel: 2.4263386764317936
RMSE: 3.7494257275312224
LogRMSE: 12.086360573768616
$\delta < 1.05$: 0.5533213309503758
$\delta < 1.1$: 0.768149781621541
$\delta < 1.25$: 0.9353923667113339
$\delta < 1.25^2$: 0.9866724531359746
$\delta < 1.25^3$: 0.9957680294154543
MAE: 1.6031294642416245
InvMAE: 5.548487894922678
InvRMSE: 8.666216128808589
LogMAE: 7.442343257321902
LogSI: 11.326912391129499
Chamfer: 0.5856480776740675
F-Score: 53.75414638650929
IoU: 37.777895905854514
F-Score-20: 70.61102490483617
IoU-20: 55.603821792485526
