Ratio: 5.399999999999999
AbsRel: 4.3590303170681
SqRel: 2.6836809833028488
RMSE: 2.568181739066328
LogRMSE: 7.870852307932718
$\delta < 1.05$: 0.7781395286184971
$\delta < 1.1$: 0.9244555524372094
$\delta < 1.25$: 0.984035212128784
$\delta < 1.25^2$: 0.9952630496393567
$\delta < 1.25^3$: 0.997514271604439
MAE: 0.9164962617201464
InvMAE: 2.870470628057207
InvRMSE: 5.466395439761025
LogMAE: 4.014034398623875
LogSI: 7.558782298775382
Chamfer: 0.35132743151010126
F-Score: 68.04029044560023
IoU: 52.29190924235753
F-Score-20: 82.60211964198521
IoU-20: 70.94161888395037
