Ratio: 23.166202085256575
AbsRel: 34.834854218482974
SqRel: 32.139229331493375
RMSE: 12.96207357507944
LogRMSE: 43.71137133216858
$\delta < 1.05$: 0.10972489541352021
$\delta < 1.1$: 0.2110660370709628
$\delta < 1.25$: 0.45800697163755083
$\delta < 1.25^2$: 0.7332462920067548
$\delta < 1.25^3$: 0.8671833665521265
MAE: 8.97041928768158
InvMAE: 22.577381686806678
InvRMSE: 30.12985523569584
LogMAE: 33.94791392230987
LogSI: 41.39175545668068
Chamfer: 4.250336490201587
F-Score: 9.35198238313198
IoU: 5.168873298123479
F-Score-20: 17.671383979320527
IoU-20: 10.376391545414924
