Ratio: 0.04999575230378344
AbsRel: 27.782247047424317
SqRel: 15.876637289956212
RMSE: 11.949719833135605
LogRMSE: 40.401316873550414
$\delta < 1.05$: 0.14108459372660925
$\delta < 1.1$: 0.2633648445279413
$\delta < 1.25$: 0.5284612345322669
$\delta < 1.25^2$: 0.7822495772154534
$\delta < 1.25^3$: 0.8958291426421316
MAE: 7.94163453796506
InvMAE: 452.45648978456853
InvRMSE: 3098.8217645914556
LogMAE: 30.138678073644638
LogSI: 39.42157172008207
Chamfer: 5.593615458714543
F-Score: 9.116300622288138
IoU: 5.051832377528772
F-Score-20: 16.671406073853372
IoU-20: 9.78869108018279
