Ratio: 1.995015489490025
AbsRel: 26.358738181787892
SqRel: 14.316060146242835
RMSE: 0.9280193150499181
LogRMSE: 31.582899991889978
$\delta < 1.05$: 0.1328376412911721
$\delta < 1.1$: 0.2560010867960054
$\delta < 1.25$: 0.5471590949878682
$\delta < 1.25^2$: 0.840965928086357
$\delta < 1.25^3$: 0.9496148399058982
MAE: 0.6983597403454853
InvMAE: 113.27758303767679
InvRMSE: 149.8811188269099
LogMAE: 25.303778024259326
LogSI: 30.36024822852823
