Ratio: 0.40748548989543737
AbsRel: 22.13446662039567
SqRel: 9.738120775430575
RMSE: 0.8825439005315486
LogRMSE: 27.977384506015603
$\delta < 1.05$: 0.15289179008813328
$\delta < 1.1$: 0.29166909586981626
$\delta < 1.25$: 0.6026970115801845
$\delta < 1.25^2$: 0.8745433354459069
$\delta < 1.25^3$: 0.9648978927079295
MAE: 0.6430620713677793
InvMAE: 128.71091184411938
InvRMSE: 574.5525847968705
LogMAE: 22.620020103017126
LogSI: 27.63361679265289
