Ratio: 0.3805152817352312
AbsRel: 39.59266937805705
SqRel: 56.13302971914268
RMSE: 7.297242637541876
LogRMSE: 65.2669966404518
$\delta < 1.05$: 0.11829141259978809
$\delta < 1.1$: 0.21559069848006676
$\delta < 1.25$: 0.4317314917048236
$\delta < 1.25^2$: 0.6655009363790279
$\delta < 1.25^3$: 0.7925394927760738
MAE: 3.8746048640370656
InvMAE: 2454.881822349894
InvRMSE: 14007.96671086253
LogMAE: 46.350641181138144
LogSI: 62.31732923775079
Chamfer: 2.83296006806117
F-Score: 31.18366496052045
IoU: 22.90495779944526
F-Score-20: 44.768048291527734
IoU-20: 35.128977699678515
