Ratio: 6.276769420276418
AbsRel: 53.68344102590278
SqRel: 129.46721297826207
RMSE: 7.398923541812235
LogRMSE: 66.020288442995
$\delta < 1.05$: 0.09076827062252006
$\delta < 1.1$: 0.17461980197120877
$\delta < 1.25$: 0.3825214972873193
$\delta < 1.25^2$: 0.6300924613310201
$\delta < 1.25^3$: 0.7620410536045423
MAE: 4.157523035425604
InvMAE: 266.35674203380444
InvRMSE: 362.6750905243118
LogMAE: 49.30018573640066
LogSI: 61.22895326460758
Chamfer: 2.9907021706572663
F-Score: 30.57473114053028
IoU: 21.487377945358674
F-Score-20: 45.29012254704699
IoU-20: 34.91864686343088
