Ratio: 0.1434503205571008
AbsRel: 26.135004481038738
SqRel: 26.17346189579656
RMSE: 9.787442185513434
LogRMSE: 47.58719249602287
$\delta < 1.05$: 0.17058605675994223
$\delta < 1.1$: 0.32456794275407835
$\delta < 1.25$: 0.621643593088686
$\delta < 1.25^2$: 0.8255999738206082
$\delta < 1.25^3$: 0.9062311444751415
MAE: 5.471360948220376
InvMAE: 2133.463692639874
InvRMSE: 16920.061355054917
LogMAE: 28.507120070611276
LogSI: 46.49688842584146
Chamfer: 2.481081437389375
F-Score: 15.513289548966192
IoU: 8.733076552402588
F-Score-20: 30.336604227712076
IoU-20: 18.976145754975658
Ratio-Edges: 0.11956177473668025
AbsRel-Edges: 31.645162281958886
SqRel-Edges: 29.706685676839616
RMSE-Edges: 10.980793983148398
LogRMSE-Edges: 46.44081371469435
$\delta < 1.05$-Edges: 0.1306582230895321
$\delta < 1.1$-Edges: 0.24700457868856437
$\delta < 1.25$-Edges: 0.4992432118619783
$\delta < 1.25^2$-Edges: 0.7494691477795682
$\delta < 1.25^3$-Edges: 0.8746144092700987
MAE-Edges: 7.045634010122493
InvMAE-Edges: 771.3425978001426
InvRMSE-Edges: 6721.9657796562105
LogMAE-Edges: 32.89509931046978
LogSI-Edges: 45.23235304142522
Chamfer-Edges: 4.4411797215586475
F-Score-Edges: 7.905935739906005
IoU-Edges: 4.617192392801147
F-Score-20-Edges: 16.038908014227363
IoU-20-Edges: 9.852388988094392
DirAcc-Edges: 67.6729662525464
Dir (-)-Edges: 4.8891176369818155
Dir (+)-Edges: 27.437916110471782
EdgeAcc-Edges: 3.9581364301140973
EdgeComp-Edges: 25.455018331022938
