Ratio: 7.188724517053173
AbsRel: 31.646913933292513
SqRel: 49.4361538087168
RMSE: 9.638203045591231
LogRMSE: 37.330144010974514
$\delta < 1.05$: 0.1540662419023198
$\delta < 1.1$: 0.2930840721582113
$\delta < 1.25$: 0.5815205731351296
$\delta < 1.25^2$: 0.819384863457737
$\delta < 1.25^3$: 0.9128218777640412
MAE: 5.506378312053219
InvMAE: 29.814418815797374
InvRMSE: 43.80231565783101
LogMAE: 27.53191245540496
LogSI: 36.077695689387795
Chamfer: 2.418513426731843
F-Score: 13.965903934701796
IoU: 7.746278919942918
F-Score-20: 27.583430968715298
IoU-20: 16.823561559184906
Ratio-Edges: 7.945964634652231
AbsRel-Edges: 41.609989699818726
SqRel-Edges: 86.95166455117706
RMSE-Edges: 12.221493200061758
LogRMSE-Edges: 45.157376389098324
$\delta < 1.05$-Edges: 0.1264349194080252
$\delta < 1.1$-Edges: 0.23630670458541067
$\delta < 1.25$-Edges: 0.479114347740339
$\delta < 1.25^2$-Edges: 0.73936742232607
$\delta < 1.25^3$-Edges: 0.8677317850874716
MAE-Edges: 7.801761650980688
InvMAE-Edges: 29.333427555888306
InvRMSE-Edges: 44.03045912100599
LogMAE-Edges: 33.90566507102617
LogSI-Edges: 43.654027549637156
Chamfer-Edges: 4.156734719085331
F-Score-Edges: 8.038935806996681
IoU-Edges: 4.8198602975973115
F-Score-20-Edges: 15.984952929810762
IoU-20-Edges: 9.784255405802742
DirAcc-Edges: 65.45935651358795
Dir (-)-Edges: 3.487387840096238
Dir (+)-Edges: 31.05325564631581
EdgeAcc-Edges: 3.895294280337852
EdgeComp-Edges: 18.812919030388368
