Ratio: 6.993966506421566
AbsRel: 28.969527003765105
SqRel: 33.89773028582334
RMSE: 8.271197638213634
LogRMSE: 36.11033029556275
$\delta < 1.05$: 0.15023515934810397
$\delta < 1.1$: 0.28460594859022775
$\delta < 1.25$: 0.5774347940958161
$\delta < 1.25^2$: 0.8256769812769796
$\delta < 1.25^3$: 0.9194049074033072
MAE: 4.8086433292925355
InvMAE: 27.73676653802395
InvRMSE: 37.725115263462065
LogMAE: 26.757041647434235
LogSI: 35.110205889765645
Chamfer: 2.199266256032281
F-Score: 13.613326790332794
IoU: 7.494176740646362
F-Score-20: 26.54486515939236
IoU-20: 15.947765445113182
Ratio-Edges: 7.636481086313725
AbsRel-Edges: 36.00119912147522
SqRel-Edges: 50.594416234344244
RMSE-Edges: 9.975162006244064
LogRMSE-Edges: 42.95786273598671
$\delta < 1.05$-Edges: 0.1214117883008393
$\delta < 1.1$-Edges: 0.23063312487442814
$\delta < 1.25$-Edges: 0.4840074581316255
$\delta < 1.25^2$-Edges: 0.7527696974742832
$\delta < 1.25^3$-Edges: 0.878336089294098
MAE-Edges: 6.379673812761903
InvMAE-Edges: 30.627394856810568
InvRMSE-Edges: 42.413924092054366
LogMAE-Edges: 32.528836424350736
LogSI-Edges: 41.62567342016256
Chamfer-Edges: 3.2086075459197114
F-Score-Edges: 8.106477137692274
IoU-Edges: 4.484864435065537
F-Score-20-Edges: 17.385018593519927
IoU-20-Edges: 10.282458173185587
DirAcc-Edges: 69.0592777820605
Dir (-)-Edges: 4.147720410628019
Dir (+)-Edges: 26.793001807311477
EdgeAcc-Edges: 3.667944197740013
EdgeComp-Edges: 19.373522295145097
