Ratio: 0.11927805178150316
AbsRel: 23.512339423894883
SqRel: 15.64651438832283
RMSE: 8.151902896761895
LogRMSE: 37.28509598970413
$\delta < 1.05$: 0.17259870382627615
$\delta < 1.1$: 0.3277518594938954
$\delta < 1.25$: 0.6384500319906056
$\delta < 1.25^2$: 0.8510322459190928
$\delta < 1.25^3$: 0.9254404369157581
MAE: 4.600996070690453
InvMAE: 389.5787336474657
InvRMSE: 5402.889233807326
LogMAE: 24.712929829359055
LogSI: 36.69393409431608
Chamfer: 2.450410653726847
F-Score: 14.756194356866182
IoU: 8.219678144548089
F-Score-20: 28.175938020944596
IoU-20: 17.26823214262724
Ratio-Edges: 0.10025916548520943
AbsRel-Edges: 28.964956126213075
SqRel-Edges: 18.76506125330925
RMSE-Edges: 9.367716017104685
LogRMSE-Edges: 40.59252591013908
$\delta < 1.05$-Edges: 0.1330762057142298
$\delta < 1.1$-Edges: 0.25234471575758965
$\delta < 1.25$-Edges: 0.5201562413460082
$\delta < 1.25^2$-Edges: 0.7765659306979864
$\delta < 1.25^3$-Edges: 0.8899462472837095
MAE-Edges: 5.973374232780189
InvMAE-Edges: 129.88808985352517
InvRMSE-Edges: 1411.0081838661433
LogMAE-Edges: 30.35207572579384
LogSI-Edges: 39.70986470229035
Chamfer-Edges: 3.881720477382876
F-Score-Edges: 7.736137737184763
IoU-Edges: 4.308908049277961
F-Score-20-Edges: 16.340887983739375
IoU-20-Edges: 9.614736732915043
DirAcc-Edges: 72.41295728834756
Dir (-)-Edges: 6.152493511666153
Dir (+)-Edges: 21.434549199986296
EdgeAcc-Edges: 3.872566036492446
EdgeComp-Edges: 38.38694864631688
