Ratio: 0.2606529854100332
AbsRel: 23.650975853347777
SqRel: 11.408626872491837
RMSE: 1.5019597568273544
LogRMSE: 37.70361292190552
$\delta < 1.05$: 0.16927655623786
$\delta < 1.1$: 0.3172130886457412
$\delta < 1.25$: 0.6254437441217187
$\delta < 1.25^2$: 0.8361240913756155
$\delta < 1.25^3$: 0.8964635334002728
MAE: 0.8396858726501465
InvMAE: 104.74709384155274
InvRMSE: 178.66429478149414
LogMAE: 26.275191330337524
LogSI: 37.09315944875998
