Ratio: 1.9293071029901505
AbsRel: 27.598613386917116
SqRel: 14.717963283729553
RMSE: 1.5224766908407212
LogRMSE: 41.43728812942505
$\delta < 1.05$: 0.13952503524373325
$\delta < 1.1$: 0.26389037653922953
$\delta < 1.25$: 0.5412463206682424
$\delta < 1.25^2$: 0.7899262462412955
$\delta < 1.25^3$: 0.8818864965803673
MAE: 0.9162327384710311
InvMAE: 125.64185746765136
InvRMSE: 166.14215963745116
LogMAE: 30.06350312690735
LogSI: 39.97589688900211
