Scale: 0.1562277223641012
Shift: 0.2105034093284468
AbsRel: 16.843186143728403
SqRel: 11.884978932784154
RMSE: 1.0696670400867094
LogRMSE: 25.761534190544715
$\delta_{.05}$: 24.795991635785214
$\delta_{.1}$: 44.33464616822202
$\delta_{.25}$: 76.3220845489787
$\delta_{.25^2}$: 92.77432594626956
$\delta_{.25^3}$: 97.0277651200757
MAE: 0.6009175602289346
InvMAE: 973.5107762190012
InvRMSE: 4393.775802292457
LogMAE: 17.812753635553214
LogSI: 25.406937305822233
