Scale: 0.08129879244227385
Shift: 0.01429462299030602
AbsRel: 35.68532704665522
SqRel: 129.51552495039633
RMSE: 9.391905738967951
LogRMSE: 54.889164901100465
$\delta_{.05}$: 15.749467447626243
$\delta_{.1}$: 28.730762141234077
$\delta_{.25}$: 53.07458085798328
$\delta_{.25^2}$: 74.4252025985518
$\delta_{.25^3}$: 85.1559479959077
MAE: 5.544784996073877
InvMAE: 2229.5220958758896
InvRMSE: 12556.668608166177
LogMAE: 36.302840655160054
LogSI: 51.97148303773863
