Scale: 0.31121375016472663
Shift: 0.030439645385131095
AbsRel: 14.358582626424434
SqRel: 7.894749771746656
RMSE: 0.6480290639450609
LogRMSE: 19.59077921555312
$\delta_{.05}$: 26.700122782600253
$\delta_{.1}$: 47.98244382980041
$\delta_{.25}$: 80.60531621883034
$\delta_{.25^2}$: 96.14956257861336
$\delta_{.25^3}$: 99.14258735310403
MAE: 0.36524214330115085
InvMAE: 329.43888851480745
InvRMSE: 2392.076565255448
LogMAE: 14.302566241051444
LogSI: 19.492676904948812
