Scale: 0.2808845805323415
Shift: 0.04357924644865824
AbsRel: 17.156154825782775
SqRel: 11.658571104240417
RMSE: 1.2258315925955772
LogRMSE: 26.999215761375428
$\delta_{.05}$: 23.639675167145768
$\delta_{.1}$: 43.72332407724368
$\delta_{.25}$: 76.43414005924703
$\delta_{.25^2}$: 90.64381369280486
$\delta_{.25^3}$: 94.99799322451325
MAE: 0.6399583484709263
InvMAE: 137.03010215148925
InvRMSE: 1014.7465523345948
LogMAE: 18.25969707069397
LogSI: 26.725583879688628
