MAE: 1.7535186994112342
RMSE: 3.856304060187808
InvMAE: 6.380929415759865
InvRMSE: 9.410114282479315
LogMAE: 8.41183865070343
LogRMSE: 12.983302081289468
LogSI: 11.987119967968487
AbsRel: 8.583153180183809
SqRel: 2.3972456492483616
ChamferDist: 0.6938462748986446
F-Score: 47.72670249110716
IoU: 32.4495281185612
F-Score-20: 65.63420507586075
IoU-20: 50.07263806224601
