AbsRel: 0.10552247375292621
SqRel: 0.803266107699322
RMSE: 4.698916750624669
LogRMSE: 0.1925449776950919
$\delta < 1.25$: 0.8763988968619636
$\delta < 1.25^2$: 0.9593689662878578
$\delta < 1.25^3$: 0.9805811966587458
ChamferDist: 0.8531801016036544
F-Score: 25.75943896726009
IoU: 14.962815210501125
F-Score-20: 52.475927428159345
IoU-20: 35.99706282506201
