MAE: 1.2782499725903784
RMSE: 3.0993901661038397
InvMAE: 4.828697351557868
InvRMSE: 7.4132507140295845
LogMAE: 6.2155592244012015
LogRMSE: 10.068248699051994
LogSI: 9.135855175648462
AbsRel: 6.603231904506683
SqRel: 2.2776347387901374
ChamferDist: 0.5115601260321481
F-Score: 52.64214708105794
IoU: 37.168392710089684
F-Score-20: 71.68443734501089
IoU-20: 57.33977581481849
