MAE: 1.3405590168493136
RMSE: 3.2605595164213863
InvMAE: 4.995626783541271
InvRMSE: 8.481795281682695
LogMAE: 6.460970753601619
LogRMSE: 11.03717241355351
LogSI: 10.35534257941484
AbsRel: 6.825368584224156
SqRel: 2.6013324500407493
ChamferDist: 0.5297235405445099
F-Score: 53.21636729644877
IoU: 37.499046946998156
F-Score-20: 71.21386299814496
IoU-20: 56.47057401384626
