MAE: 2.110670252537435
RMSE: 4.455631975930161
InvMAE: 8.214158496242359
InvRMSE: 12.585127558079234
LogMAE: 10.535075983386829
LogRMSE: 16.302217953044213
LogSI: 15.133605808265408
AbsRel: 10.637640722690184
SqRel: 3.862286268430619
ChamferDist: 0.837234367485061
F-Score: 44.0103904434874
IoU: 29.101998068620823
F-Score-20: 61.915993161728046
IoU-20: 45.92579836640621
