AbsRel: 0.12681505406326166
SqRel: 0.9910579800199573
RMSE: 5.209393726359823
LogRMSE: 0.2195059324760348
$\delta < 1.25$: 0.8334345206450804
$\delta < 1.25^2$: 0.9422760914138791
$\delta < 1.25^3$: 0.9743534604711516
ChamferDist: 1.0162438902913071
F-Score: 21.81329496844085
IoU: 12.41334021561799
F-Score-20: 48.12233638421364
IoU-20: 32.083172698616124
