MAE: 1.09294402969735
RMSE: 2.6148888781028132
InvMAE: 4.38674906049456
InvRMSE: 6.616873539175306
LogMAE: 5.5043313368729185
LogRMSE: 8.75479026385716
LogSI: 7.686607551479284
AbsRel: 5.850646068709238
SqRel: 1.7760987300425768
ChamferDist: 0.448758455067873
F-Score: 55.52807419562446
IoU: 40.07921912475888
F-Score-20: 74.68852429962584
IoU-20: 61.19098871471626
