MAE: 1.6506296341404594
RMSE: 3.611090554872905
InvMAE: 6.1718683802277035
InvRMSE: 9.098796221010524
LogMAE: 8.034012589352262
LogRMSE: 12.331849747640224
LogSI: 11.280942147343351
AbsRel: 8.26918862165849
SqRel: 2.194539283682232
ChamferDist: 0.6662541608686096
F-Score: 48.72566022506795
IoU: 33.423480067664954
F-Score-20: 66.33704470673953
IoU-20: 50.96608225553314
