AbsRel: 0.1003898424677647
SqRel: 0.7524318743759026
RMSE: 4.501242786945196
LogRMSE: 0.18692250968821592
$\delta < 1.25$: 0.8859276118436596
$\delta < 1.25^2$: 0.9610642433379305
$\delta < 1.25^3$: 0.981052061887726
ChamferDist: 0.8154938809327792
F-Score: 27.148678112919395
IoU: 15.8851206784953
F-Score-20: 53.71683094730678
IoU-20: 37.150429514935574
