AbsRel: 0.10085430713250186
SqRel: 0.7722705558070665
RMSE: 4.630881757099967
LogRMSE: 0.19114029651756267
$\delta < 1.25$: 0.8833949332031068
$\delta < 1.25^2$: 0.9579337743799652
$\delta < 1.25^3$: 0.9800583933343944
ChamferDist: 0.8328001218255999
F-Score: 27.115256857153675
IoU: 15.858620057360856
F-Score-20: 53.92846241469363
IoU-20: 37.33368675130683
