MAE: 1.6790379644628683
RMSE: 3.7887136175588596
InvMAE: 6.200479544379228
InvRMSE: 9.16739053155747
LogMAE: 8.056413170384483
LogRMSE: 12.57572402105741
LogSI: 11.633798538862154
AbsRel: 8.175658881664276
SqRel: 2.227105257884125
ChamferDist: 0.6756677048200844
F-Score: 48.90342153252268
IoU: 33.560525536857135
F-Score-20: 66.911672069434
IoU-20: 51.533523689749785
