MAE: 1.077738919449704
RMSE: 2.623299380668572
InvMAE: 4.311608431850161
InvRMSE: 6.583728155749185
LogMAE: 5.418245305674417
LogRMSE: 8.708663197926112
LogSI: 7.747156950183523
AbsRel: 5.723865698746272
SqRel: 1.6582834510718074
ChamferDist: 0.4382219458903585
F-Score: 55.1113544746169
IoU: 39.58005782454141
F-Score-20: 75.13799819835594
IoU-20: 61.56377118587494
