AbsRel: 0.16425602816825619
SqRel: 1.42635053203814
RMSE: 6.08685562053062
LogRMSE: 0.2616383518751075
$\delta < 1.25$: 0.7605977250183039
$\delta < 1.25^2$: 0.9081336340598057
$\delta < 1.25^3$: 0.958975612681549
ChamferDist: 1.2300656328840953
F-Score: 18.58474032565887
IoU: 10.377884571102463
F-Score-20: 42.88787281017221
IoU-20: 27.672653038156255
