MAE: 2.746267718862902
RMSE: 5.49820498564492
InvMAE: 11.076844297303744
InvRMSE: 17.07041022272929
LogMAE: 14.15598755599531
LogRMSE: 21.711463291952214
LogSI: 19.732997255454077
AbsRel: 14.635385552066968
SqRel: 7.8125176960888085
ChamferDist: 1.0557833429585937
F-Score: 39.93612866389331
IoU: 25.849919289956155
F-Score-20: 56.55041397120689
IoU-20: 40.637783982408195
