MAE: 1.9352261169041907
RMSE: 4.215359830004829
InvMAE: 7.682785106386457
InvRMSE: 12.800250345979418
LogMAE: 9.7751700091362
LogRMSE: 15.832155620711191
LogSI: 14.752116919509218
AbsRel: 10.192829364027295
SqRel: 4.637316409562315
ChamferDist: 0.7535504507592746
F-Score: 45.380714668205805
IoU: 30.574387815083774
F-Score-20: 62.66421424933842
IoU-20: 47.113320399863376
