Scale: 17.2043042867173
Shift: 0.0
AbsRel: 43.52846257996666
SqRel: 330.7746057714849
RMSE: 7.706930711531318
LogRMSE: 44.601626400455764
$\delta_{.05}$: 19.14812200320383
$\delta_{.1}$: 34.71287751460721
$\delta_{.25}$: 60.72750334742995
$\delta_{.25^2}$: 79.98827749428587
$\delta_{.25^3}$: 88.34478564136121
MAE: 4.59047681540919
InvMAE: 37.30555196246759
InvRMSE: 92.54405162259602
LogMAE: 29.859691035052585
LogSI: 42.29570206062405
