Scale: 0.23717838213782172
Shift: 0.10904729096277568
AbsRel: 14.907414504564725
SqRel: 12.764890018609854
RMSE: 1.0870938731156863
LogRMSE: 24.99910206281222
$\delta_{.05}$: 27.785487602312067
$\delta_{.1}$: 48.94942868823389
$\delta_{.25}$: 80.72585486989247
$\delta_{.25^2}$: 94.94383290298593
$\delta_{.25^3}$: 98.06452751752599
MAE: 0.5410905726597859
InvMAE: 1334.9190626628583
InvRMSE: 7270.024346596644
LogMAE: 15.773268149449276
LogSI: 24.703393275724533
