Scale: 0.0917541656990737
Shift: 0.0040026800487615215
AbsRel: 34.37516197816139
SqRel: 118.9222066757925
RMSE: 9.316534147134277
LogRMSE: 56.84768545467223
$\delta_{.05}$: 18.485738830154517
$\delta_{.1}$: 32.161873102943055
$\delta_{.25}$: 55.29318208368525
$\delta_{.25^2}$: 75.92585546373373
$\delta_{.25^3}$: 86.30202654601885
MAE: 5.384679705038199
InvMAE: 3182.6041672301935
InvRMSE: 17448.087117900228
LogMAE: 35.440720468358606
LogSI: 53.867559926816966
