Scale: 4.676464184981126
Shift: 0.0
AbsRel: 18.84459236585177
SqRel: 9.232398670269893
RMSE: 1.080468584367862
LogRMSE: 25.06588488652156
$\delta_{.05}$: 22.393954936732836
$\delta_{.1}$: 40.66830761550218
$\delta_{.25}$: 71.93972480350453
$\delta_{.25^2}$: 91.01981667654091
$\delta_{.25^3}$: 96.46615240813362
MAE: 0.679541798050587
InvMAE: 87.77397894052359
InvRMSE: 125.2670393694364
LogMAE: 18.670677127838136
LogSI: 23.771668691840187
