Scale: 0.33969484214961326
Shift: 0.02349880357103099
AbsRel: 11.744271207657794
SqRel: 4.799105936894906
RMSE: 0.5032236213690462
LogRMSE: 16.10856056213379
$\delta_{.05}$: 32.88140901709852
$\delta_{.1}$: 56.517580771499325
$\delta_{.25}$: 86.58415880741853
$\delta_{.25^2}$: 97.71408686940082
$\delta_{.25^3}$: 99.44762878798765
MAE: 0.29774004312670743
InvMAE: 216.44965317781546
InvRMSE: 1497.0061446577765
LogMAE: 11.71120112678691
LogSI: 16.04432295967593
