Scale: 3.0763889851920103
Shift: 0.0
AbsRel: 13.916303974408258
SqRel: 4.611014634416373
RMSE: 0.4555304830705901
LogRMSE: 17.518480037695042
$\delta_{.05}$: 28.850443385894224
$\delta_{.1}$: 50.9342024703669
$\delta_{.25}$: 82.52541692320932
$\delta_{.25^2}$: 96.45939121904459
$\delta_{.25^3}$: 99.14371143337928
MAE: 0.31752611488240573
InvMAE: 69.20544788815559
InvRMSE: 96.65688069369814
LogMAE: 13.28854909584792
LogSI: 16.493252848500276
