Scale: 0.31153886348790394
Shift: 0.031737708029975394
AbsRel: 15.34772216911316
SqRel: 8.30244323413372
RMSE: 1.1290717801570893
LogRMSE: 24.69327065525055
$\delta_{.05}$: 27.541306982060124
$\delta_{.1}$: 49.78059893093456
$\delta_{.25}$: 80.32921426865148
$\delta_{.25^2}$: 91.43452117071321
$\delta_{.25^3}$: 95.59821900878255
MAE: 0.5917435376822948
InvMAE: 77.79895829620361
InvRMSE: 365.1441527656555
LogMAE: 16.493749306297303
LogSI: 24.44172332788483
