Scale: 3.070607217502594
Shift: 0.0
AbsRel: 16.60432839450836
SqRel: 7.277611824655533
RMSE: 1.1463857278883458
LogRMSE: 26.56766930618286
$\delta_{.05}$: 26.171905639708815
$\delta_{.1}$: 47.35813873706243
$\delta_{.25}$: 76.84050597070672
$\delta_{.25^2}$: 89.72286000489328
$\delta_{.25^3}$: 94.97396417527312
MAE: 0.6242351169407367
InvMAE: 71.26824136428833
InvRMSE: 96.78587971191406
LogMAE: 18.086960287666322
LogSI: 25.269865788580567
