MAE: 1.6411049300176235
RMSE: 3.6400478580978017
InvMAE: 6.045470897771098
InvRMSE: 9.01790308879197
LogMAE: 7.9165098359979735
LogRMSE: 12.288798182288561
LogSI: 11.271919044424498
AbsRel: 8.118306600243036
SqRel: 2.1920702032333503
ChamferDist: 0.6619380912486396
F-Score: 49.577033154620715
IoU: 34.158941301557185
F-Score-20: 66.81060883677078
IoU-20: 51.4832633645988
