MAE: 1.0468507892744883
RMSE: 2.5970896698321613
InvMAE: 4.109560451337269
InvRMSE: 6.369217697722571
LogMAE: 5.173645026683808
LogRMSE: 8.497061017240798
LogSI: 7.6143954247808665
AbsRel: 5.479256474631173
SqRel: 1.6716541148349642
ChamferDist: 0.43326557844877245
F-Score: 57.453120008275974
IoU: 41.86812189905239
F-Score-20: 75.78889669177788
IoU-20: 62.479329457527825
