AbsRel: 0.10031403451783842
SqRel: 0.7560982547240757
RMSE: 4.518355632444023
LogRMSE: 0.18746160447511986
$\delta < 1.25$: 0.886227567132738
$\delta < 1.25^2$: 0.9609695111372369
$\delta < 1.25^3$: 0.9809389126096615
ChamferDist: 0.8132149781951603
F-Score: 27.14906739196613
IoU: 15.899429814203227
F-Score-20: 54.070649364586366
IoU-20: 37.49297064175052
