Scale: 0.36580340876138506
Shift: 0.33114412857356085
AbsRel: 19.380875464219315
SqRel: 8.969501295548218
RMSE: 1.0802400450523082
LogRMSE: 27.115441364875206
$\delta_{.05}$: 20.811781557468002
$\delta_{.1}$: 37.809489010912856
$\delta_{.25}$: 69.80878851579531
$\delta_{.25^2}$: 89.74544775103817
$\delta_{.25^3}$: 95.66643173954263
MAE: 0.7172612610688577
InvMAE: 115.98987843733568
InvRMSE: 459.55112817177405
LogMAE: 20.46676826990568
LogSI: 26.712522913672835
