Scale: 0.2612624591338018
Shift: 0.05008489947522969
AbsRel: 40.93710794149493
SqRel: 98.80537734919065
RMSE: 9.905520151281571
LogRMSE: 56.531190656225775
$\delta_{.05}$: 10.466251477293541
$\delta_{.1}$: 20.079808909653963
$\delta_{.25}$: 42.36815560980445
$\delta_{.25^2}$: 66.96607471863146
$\delta_{.25^3}$: 79.93375888339803
MAE: 6.247864514990238
InvMAE: 329.8592884642126
InvRMSE: 2286.8878073414344
LogMAE: 42.62241331237314
LogSI: 53.068795333684804
