Scale: 1.2243750735220809
Shift: 0.16447190885579643
AbsRel: 20.547749378630144
SqRel: 10.169858149022136
RMSE: 0.7325040354572852
LogRMSE: 25.95158935541042
$\delta_{.05}$: 16.69402448652426
$\delta_{.1}$: 31.83759266160755
$\delta_{.25}$: 63.64107017507445
$\delta_{.25^2}$: 90.0089552034465
$\delta_{.25^3}$: 97.58352288079624
MAE: 0.49976001390532254
InvMAE: 170.54160077272934
InvRMSE: 817.384365315102
LogMAE: 20.80189216610853
LogSI: 25.698104228102654
