Scale: 0.5753573925774057
Shift: 0.2857428838956107
AbsRel: 25.538153674316405
SqRel: 11.803688212537766
RMSE: 1.5439229709506035
LogRMSE: 39.67560210647583
$\delta_{.05}$: 14.580392161082488
$\delta_{.1}$: 27.807613521221082
$\delta_{.25}$: 57.766670083760495
$\delta_{.25^2}$: 82.22237955337468
$\delta_{.25^3}$: 89.23683441225756
MAE: 0.8845618765234947
InvMAE: 114.58047380065918
InvRMSE: 151.2119310546875
LogMAE: 28.36322191925049
LogSI: 38.97618567353292
