MAE: 1.6606107190525605
RMSE: 3.7299388601370382
InvMAE: 6.127787244466185
InvRMSE: 9.052731315782465
LogMAE: 7.965485219209472
LogRMSE: 12.439089334815558
LogSI: 11.476189341424474
AbsRel: 8.089941849372138
SqRel: 2.1749542841882064
ChamferDist: 0.6660645969577728
F-Score: 49.354292188639654
IoU: 33.938713728753065
F-Score-20: 67.2402129431078
IoU-20: 51.94197568077983
