MAE: 1.0623578120768071
RMSE: 2.6150825199910575
InvMAE: 4.190416437898364
InvRMSE: 6.475632559912546
LogMAE: 5.2835459642750875
LogRMSE: 8.601315157754081
LogSI: 7.6706350693285845
AbsRel: 5.598268029008593
SqRel: 1.7279047778780972
ChamferDist: 0.43642021277121135
F-Score: 55.922375505843334
IoU: 40.39430262028905
F-Score-20: 75.39133281988757
IoU-20: 61.9223270990806
