AbsRel: 0.1010481633481114
SqRel: 0.7755766754630563
RMSE: 4.60182137554311
LogRMSE: 0.1905635030541991
$\delta < 1.25$: 0.885067971989345
$\delta < 1.25^2$: 0.9586011278811098
$\delta < 1.25^3$: 0.9802446474244941
ChamferDist: 0.8239207088177652
F-Score: 26.79607826291745
IoU: 15.647217047778913
F-Score-20: 53.90052892624733
IoU-20: 37.328304518735735
