AbsRel: 0.12646542803799918
SqRel: 1.004336514551636
RMSE: 5.257660852614229
LogRMSE: 0.22103079531336448
$\delta < 1.25$: 0.83445649458993
$\delta < 1.25^2$: 0.94111198396497
$\delta < 1.25^3$: 0.9735655138395113
ChamferDist: 1.0041666462739536
F-Score: 22.08916655383801
IoU: 12.577857843002938
F-Score-20: 48.39999277861936
IoU-20: 32.323340395430755
