MAE: 2.129489113216751
RMSE: 4.544379458105637
InvMAE: 8.163389623530803
InvRMSE: 12.575975931495245
LogMAE: 10.534025767098175
LogRMSE: 16.44320343315967
LogSI: 15.268769405737585
AbsRel: 10.6313493178666
SqRel: 3.956328454238871
ChamferDist: 0.833606961543209
F-Score: 44.29522949914259
IoU: 29.343702856565546
F-Score-20: 62.29303330146462
IoU-20: 46.315769350601855
