MAE: 1.3635449922297682
RMSE: 3.3376785412005017
InvMAE: 5.0143185368606025
InvRMSE: 8.42395951475416
LogMAE: 6.52436938217708
LogRMSE: 11.122941001483373
LogSI: 10.449176243691959
AbsRel: 6.88773948601314
SqRel: 2.4607176796559775
ChamferDist: 0.534768828536783
F-Score: 53.217800821555514
IoU: 37.49572339184582
F-Score-20: 71.51662180968694
IoU-20: 56.82998340300151
