Ratio: 7.736208409786224
AbsRel: 23.31647355365753
SqRel: 16.554119898319243
RMSE: 16.552927159309387
LogRMSE: 30.616974931716918
$\delta < 1.05$: 0.15211447648301976
$\delta < 1.1$: 0.29178779106866326
$\delta < 1.25$: 0.5937847820210321
$\delta < 1.25^2$: 0.8758403124147351
$\delta < 1.25^3$: 0.9644261235773965
MAE: 8.252992805242538
InvMAE: 12.881225108146667
InvRMSE: 19.660784799575804
LogMAE: 23.070301995277404
LogSI: 30.070274248933544
Chamfer: 2.8552245488516754
F-Score: 4.929101709276438
IoU: 2.553712573453784
F-Score-20: 15.571743681550027
IoU-20: 8.591977933228016
