Ratio: 0.1873527023841493
AbsRel: 24.095477596282958
SqRel: 22.052673723697662
RMSE: 34.672958593845365
LogRMSE: 180.24919355773926
$\delta < 1.05$: 0.19829741090025993
$\delta < 1.1$: 0.37925360877354297
$\delta < 1.25$: 0.7326510171771567
$\delta < 1.25^2$: 0.8642096811104417
$\delta < 1.25^3$: 0.910627328620821
MAE: 14.092540047168733
InvMAE: 30297.79540577555
InvRMSE: 146590.2744945364
LogMAE: 55.03272251224518
LogSI: 176.1986525921481
Chamfer: 3.3508267052016145
F-Score: 8.937606006383897
IoU: 4.731040235459805
F-Score-20: 26.357028560638426
IoU-20: 15.353534891605378
