Ratio: 0.13887635585493066
AbsRel: 18.62154206569378
SqRel: 9.477353677291136
RMSE: 1.0540660730921305
LogRMSE: 25.89671511723445
$\delta < 1.05$: 0.21508413433140203
$\delta < 1.1$: 0.3933058325523774
$\delta < 1.25$: 0.7168313818457609
$\delta < 1.25^2$: 0.911060733757634
$\delta < 1.25^3$: 0.9642950230816919
MAE: 0.6811137587061296
InvMAE: 137.50071783652672
InvRMSE: 508.34884113458486
LogMAE: 19.37788977109469
LogSI: 25.56262678383921
