Ratio: 10.16168085448945
AbsRel: 55.292364257333524
SqRel: 441.8978630480745
RMSE: 9.384763523201237
LogRMSE: 52.75906070786207
$\delta < 1.05$: 0.1223356707124842
$\delta < 1.1$: 0.23106046395863925
$\delta < 1.25$: 0.4748745151903878
$\delta < 1.25^2$: 0.7177494061800954
$\delta < 1.25^3$: 0.8366666987032269
MAE: 5.949406933757756
InvMAE: 44.30646173943319
InvRMSE: 97.74852451936012
LogMAE: 37.82100252613358
LogSI: 50.01400968623115
