Ratio: 0.12934679136482427
AbsRel: 38.740977847522686
SqRel: 108.66122380233132
RMSE: 9.704706402236571
LogRMSE: 56.401059772936215
$\delta < 1.05$: 0.11957565196625622
$\delta < 1.1$: 0.22908998126891858
$\delta < 1.25$: 0.4708379859190157
$\delta < 1.25^2$: 0.7027249612461124
$\delta < 1.25^3$: 0.8237812940727174
MAE: 5.96153369813222
InvMAE: 1391.4073516221324
InvRMSE: 8956.778070418824
LogMAE: 39.7820414438376
LogSI: 53.26914442748474
