Ratio: 3.177946166441991
AbsRel: 29.75384217775785
SqRel: 22.49656485887674
RMSE: 1.5559410795340172
LogRMSE: 37.01764344142033
$\delta < 1.05$: 0.1387125529738314
$\delta < 1.1$: 0.2625752716505498
$\delta < 1.25$: 0.5372018154482812
$\delta < 1.25^2$: 0.8058002733702581
$\delta < 1.25^3$: 0.9162219197034882
MAE: 1.0491014884068415
InvMAE: 128.3493302007822
InvRMSE: 171.39898992098296
LogMAE: 28.379219278188852
LogSI: 35.76543632085823
