Ratio: 5.399999999999999
AbsRel: 5.432258628266198
SqRel: 1.5624743511155248
RMSE: 2.4314897858883655
LogRMSE: 8.185719938618796
$\delta < 1.05$: 0.6892602761572864
$\delta < 1.1$: 0.8849773412511227
$\delta < 1.25$: 0.9696551075894688
$\delta < 1.25^2$: 0.992019999658094
$\delta < 1.25^3$: 0.99799413569166
MAE: 0.996162010963474
InvMAE: 4.197627528394972
InvRMSE: 6.35905930025237
LogMAE: 5.122008396727698
LogSI: 7.176809437746568
Chamfer: 0.4213961222403152
F-Score: 58.340075399777184
IoU: 42.96624409128246
F-Score-20: 76.71362482870263
IoU-20: 64.01449547091765
