Ratio: 5.399999999999999
AbsRel: 8.050929275758428
SqRel: 2.0679250480435742
RMSE: 3.6064995924936483
LogRMSE: 12.049316072025182
$\delta < 1.05$: 0.523005013580517
$\delta < 1.1$: 0.7483851884639781
$\delta < 1.25$: 0.926481820745592
$\delta < 1.25^2$: 0.9865973389920589
$\delta < 1.25^3$: 0.9966460083687352
MAE: 1.6344246617946887
InvMAE: 6.0202888078484795
InvRMSE: 8.808462586505282
LogMAE: 7.8755486464939235
LogSI: 10.934589756117239
Chamfer: 0.6635456392360967
F-Score: 49.19972422475601
IoU: 33.94659061060841
F-Score-20: 66.85841754855919
IoU-20: 51.67216875264707
