Ratio: 0.04817347606348599
AbsRel: 26.806618061542512
SqRel: 16.187275645568967
RMSE: 11.68061034965515
LogRMSE: 41.596744517803195
$\delta < 1.05$: 0.15020975153061136
$\delta < 1.1$: 0.2788890315442153
$\delta < 1.25$: 0.545739658798356
$\delta < 1.25^2$: 0.7999884189869596
$\delta < 1.25^3$: 0.9044831874476265
MAE: 7.7098554100990295
InvMAE: 1956.5158891603946
InvRMSE: 6088.994313981652
LogMAE: 30.35987953186035
LogSI: 39.54139435378956
Chamfer: 5.31105998592025
F-Score: 8.055238021120429
IoU: 4.408009365577251
F-Score-20: 15.558722732767462
IoU-20: 9.096386250105686
