Ratio: 25.71318126654625
AbsRel: 35.03219473361969
SqRel: 31.857183871030806
RMSE: 13.002827710747718
LogRMSE: 42.36784154224396
$\delta < 1.05$: 0.11988731015010126
$\delta < 1.1$: 0.22787094558988577
$\delta < 1.25$: 0.4750303414752748
$\delta < 1.25^2$: 0.7426374217486866
$\delta < 1.25^3$: 0.8753833526689015
MAE: 8.912566024720668
InvMAE: 21.197814194858076
InvRMSE: 28.512632643580435
LogMAE: 32.75747343492508
LogSI: 40.47066844087548
Chamfer: 4.079750581990748
F-Score: 8.289078303962945
IoU: 4.569184253677726
F-Score-20: 16.27649666774273
IoU-20: 9.546819692060351
