Ratio: 2.02998804234948
AbsRel: 29.11669973641725
SqRel: 19.262492314208902
RMSE: 1.090451709561574
LogRMSE: 33.27026033838955
$\delta < 1.05$: 0.13217237933205758
$\delta < 1.1$: 0.2527341098066483
$\delta < 1.25$: 0.5346614665054548
$\delta < 1.25^2$: 0.8222115375740684
$\delta < 1.25^3$: 0.9393618079527113
MAE: 0.7727920550180867
InvMAE: 113.98733598668277
InvRMSE: 150.22633545551824
LogMAE: 26.35537791908334
LogSI: 31.757309595831817
