Ratio: 0.37996037872416333
AbsRel: 22.34070003579516
SqRel: 14.927093983380074
RMSE: 0.9782925718990853
LogRMSE: 28.172140453933576
$\delta < 1.05$: 0.15672326517719978
$\delta < 1.1$: 0.2982763169229444
$\delta < 1.25$: 0.6109911892353099
$\delta < 1.25^2$: 0.8768389965173303
$\delta < 1.25^3$: 0.9643241456896323
MAE: 0.6579413256673455
InvMAE: 192.54224098858847
InvRMSE: 1298.908052397795
LogMAE: 22.472365635979795
LogSI: 27.88048971307822
