Ratio: 0.3567630389312479
AbsRel: 39.44673823791258
SqRel: 66.23740955421692
RMSE: 7.343473001163114
LogRMSE: 69.59303738968224
$\delta < 1.05$: 0.11352154638624898
$\delta < 1.1$: 0.21007793498997498
$\delta < 1.25$: 0.4314042613280173
$\delta < 1.25^2$: 0.6748388274849955
$\delta < 1.25^3$: 0.8003281685567706
MAE: 3.856565549759346
InvMAE: 4538.2136257689535
InvRMSE: 21207.555959850735
LogMAE: 47.47117239088533
LogSI: 66.46453342749186
Chamfer: 2.772896079904406
F-Score: 30.076085198075294
IoU: 22.543704382715184
F-Score-20: 43.92310312678369
IoU-20: 34.57906439551754
