Ratio: 6.242822650616819
AbsRel: 52.404871852831405
SqRel: 120.05720848913202
RMSE: 7.052078558640047
LogRMSE: 63.82062628987874
$\delta < 1.05$: 0.09419112721988969
$\delta < 1.1$: 0.18237517136007023
$\delta < 1.25$: 0.3967952138992041
$\delta < 1.25^2$: 0.6413664664326897
$\delta < 1.25^3$: 0.7726898156264326
MAE: 3.9873136030144667
InvMAE: 253.023133489404
InvRMSE: 342.6300183299911
LogMAE: 47.69869015399349
LogSI: 59.525946679627914
Chamfer: 2.698746656443886
F-Score: 30.746229775513758
IoU: 21.89764095762985
F-Score-20: 45.32886534159263
IoU-20: 35.29997679086393
