Ratio: 6.857586471140385
AbsRel: 27.190599608421326
SqRel: 22.276325987875463
RMSE: 7.961770903840661
LogRMSE: 35.22095277547837
$\delta < 1.05$: 0.1483737966973736
$\delta < 1.1$: 0.2826854140716001
$\delta < 1.25$: 0.5826279366327815
$\delta < 1.25^2$: 0.8340440915069552
$\delta < 1.25^3$: 0.9255702220671895
MAE: 4.679091696962714
InvMAE: 26.522695108652115
InvRMSE: 35.96072514891625
LogMAE: 26.146199724674226
LogSI: 34.157164804971764
Chamfer: 2.4392641499064704
F-Score: 12.02209172040224
IoU: 6.553612372800708
F-Score-20: 24.298664261698722
IoU-20: 14.417159586250783
Ratio-Edges: 7.622982428669929
AbsRel-Edges: 34.11609457731247
SqRel-Edges: 36.3104985306412
RMSE-Edges: 9.458588828109205
LogRMSE-Edges: 41.915933557748794
$\delta < 1.05$-Edges: 0.1253464167544514
$\delta < 1.1$-Edges: 0.23610345279356415
$\delta < 1.25$-Edges: 0.49462668676082866
$\delta < 1.25^2$-Edges: 0.7634900508325612
$\delta < 1.25^3$-Edges: 0.886757022103954
MAE-Edges: 6.144294627904892
InvMAE-Edges: 28.86054508626461
InvRMSE-Edges: 39.85400699973106
LogMAE-Edges: 31.62651516675949
LogSI-Edges: 40.66791698286763
Chamfer-Edges: 3.401307135113906
F-Score-Edges: 7.24261130373925
IoU-Edges: 3.9832554898038506
F-Score-20-Edges: 15.674730245620012
IoU-20-Edges: 9.119578468129038
DirAcc-Edges: 69.73439052489123
Dir (-)-Edges: 3.7049499777298114
Dir (+)-Edges: 26.56065949737897
EdgeAcc-Edges: 3.8371792372561724
EdgeComp-Edges: 34.81251599953714
