Ratio: 7.176227202261648
AbsRel: 30.204797023650137
SqRel: 37.16820673973329
RMSE: 9.300121514624164
LogRMSE: 36.44556667697045
$\delta < 1.05$: 0.15866349634136367
$\delta < 1.1$: 0.2985035729153815
$\delta < 1.25$: 0.5873317629521992
$\delta < 1.25^2$: 0.8243415488523982
$\delta < 1.25^3$: 0.9158519506242887
MAE: 5.406827667067128
InvMAE: 28.607957726140175
InvRMSE: 42.187280116542695
LogMAE: 26.981391960267096
LogSI: 35.25846348290529
Chamfer: 2.579406755372865
F-Score: 12.840967765392795
IoU: 7.074346786314441
F-Score-20: 25.898854616380508
IoU-20: 15.632297871574279
Ratio-Edges: 7.991305468129177
AbsRel-Edges: 39.65088567359775
SqRel-Edges: 64.88127202025426
RMSE-Edges: 11.547864846320323
LogRMSE-Edges: 44.25869999617533
$\delta < 1.05$-Edges: 0.12526509535629857
$\delta < 1.1$-Edges: 0.23511127685654715
$\delta < 1.25$-Edges: 0.4789345104391677
$\delta < 1.25^2$-Edges: 0.7403904765441203
$\delta < 1.25^3$-Edges: 0.8702278584690084
MAE-Edges: 7.512540966593752
InvMAE-Edges: 28.940649916767295
InvRMSE-Edges: 43.18812950047013
LogMAE-Edges: 33.49537028393714
LogSI-Edges: 42.68609709668218
Chamfer-Edges: 4.1800338010203575
F-Score-Edges: 6.896128240110827
IoU-Edges: 4.09694421883502
F-Score-20-Edges: 14.080678897784427
IoU-20-Edges: 8.541619775702362
DirAcc-Edges: 67.13235741984691
Dir (-)-Edges: 3.0195224124985365
Dir (+)-Edges: 29.84812016765455
EdgeAcc-Edges: 3.9834278652323656
EdgeComp-Edges: 31.99993848694387
