Ratio: 0.1312509971327334
AbsRel: 23.029984184503554
SqRel: 14.586218308731913
RMSE: 8.117755984440446
LogRMSE: 36.46816895604134
$\delta < 1.05$: 0.16992369775393038
$\delta < 1.1$: 0.3250792180829625
$\delta < 1.25$: 0.6415822931813716
$\delta < 1.25^2$: 0.8587598978824221
$\delta < 1.25^3$: 0.9299501949244106
MAE: 4.553111029304564
InvMAE: 412.10522040128706
InvRMSE: 4995.642434314489
LogMAE: 24.35502917408943
LogSI: 35.91288231102983
Chamfer: 2.4600321767700084
F-Score: 13.012640110552312
IoU: 7.1227155855298045
F-Score-20: 26.0842954403162
IoU-20: 15.637836202979088
Ratio-Edges: 0.11366687515614898
AbsRel-Edges: 28.56910466015339
SqRel-Edges: 18.125779936462642
RMSE-Edges: 9.378997053131462
LogRMSE-Edges: 40.422531815767286
$\delta < 1.05$-Edges: 0.13343137299147514
$\delta < 1.1$-Edges: 0.2516730084401794
$\delta < 1.25$-Edges: 0.5226152089315496
$\delta < 1.25^2$-Edges: 0.7829679856223701
$\delta < 1.25^3$-Edges: 0.8943427109605754
MAE-Edges: 5.950329219568521
InvMAE-Edges: 120.26406013011932
InvRMSE-Edges: 1726.4506439948082
LogMAE-Edges: 30.047053391337396
LogSI-Edges: 39.5845749810645
Chamfer-Edges: 3.972642275229689
F-Score-Edges: 7.197579333633184
IoU-Edges: 4.046225765049457
F-Score-20-Edges: 15.023989128768443
IoU-20-Edges: 8.844022873789072
DirAcc-Edges: 72.90207701630862
Dir (-)-Edges: 5.587365522321582
Dir (+)-Edges: 21.51055746136979
EdgeAcc-Edges: 3.934567009819586
EdgeComp-Edges: 47.950122729723624
