Ratio: 0.15315363737290155
AbsRel: 25.404540392660326
SqRel: 23.440031783753827
RMSE: 9.748189706379367
LogRMSE: 50.24406476759142
$\delta < 1.05$: 0.172395646120225
$\delta < 1.1$: 0.3257027825173638
$\delta < 1.25$: 0.6277170580854943
$\delta < 1.25^2$: 0.833989675430256
$\delta < 1.25^3$: 0.9114056356819807
MAE: 5.448500451570557
InvMAE: 3145.6008027439734
InvRMSE: 20434.390123135352
LogMAE: 29.00491720476458
LogSI: 49.0983598118116
Chamfer: 2.4868352188448615
F-Score: 14.336787240659037
IoU: 8.019808317922777
F-Score-20: 28.71365159019347
IoU-20: 17.758548036390735
Ratio-Edges: 0.12355475364752397
AbsRel-Edges: 30.949546933329962
SqRel-Edges: 25.34383546858052
RMSE-Edges: 10.845633029324167
LogRMSE-Edges: 46.71185165324242
$\delta < 1.05$-Edges: 0.1285839169849543
$\delta < 1.1$-Edges: 0.24559628752249557
$\delta < 1.25$-Edges: 0.5015699948395184
$\delta < 1.25^2$-Edges: 0.7528706914268033
$\delta < 1.25^3$-Edges: 0.8784894038450018
MAE-Edges: 6.965993000961402
InvMAE-Edges: 970.0997135330649
InvRMSE-Edges: 7525.71193262362
LogMAE-Edges: 32.88438726157145
LogSI-Edges: 45.510994625857585
Chamfer-Edges: 4.554055090100309
F-Score-Edges: 6.919459055529701
IoU-Edges: 4.007060733943983
F-Score-20-Edges: 14.766046762739132
IoU-20-Edges: 9.04507309993108
DirAcc-Edges: 69.03187576123403
Dir (-)-Edges: 4.63399241447587
Dir (+)-Edges: 26.334131824290115
EdgeAcc-Edges: 4.0482491772507885
EdgeComp-Edges: 37.13685073454719
