Ratio: 2.1038894340991976
AbsRel: 28.384047831726075
SqRel: 16.438730204200745
RMSE: 1.4773402177214623
LogRMSE: 39.13709852371216
$\delta < 1.05$: 0.1412590267403486
$\delta < 1.1$: 0.26775194406789526
$\delta < 1.25$: 0.5405627236058238
$\delta < 1.25^2$: 0.7919570152092592
$\delta < 1.25^3$: 0.8938886899929195
MAE: 0.9108915033578873
InvMAE: 117.66983997802734
InvRMSE: 151.54761499938965
LogMAE: 29.02267649345398
LogSI: 38.170493803668485
