Ratio: 0.2930977832609668
AbsRel: 23.031982522583007
SqRel: 12.373158428692818
RMSE: 1.4672785808444022
LogRMSE: 35.99596549377441
$\delta < 1.05$: 0.17254741511212368
$\delta < 1.1$: 0.324179208944643
$\delta < 1.25$: 0.6308809840777179
$\delta < 1.25^2$: 0.8489513834134563
$\delta < 1.25^3$: 0.9067102425884859
MAE: 0.8176187768697739
InvMAE: 118.33446739349365
InvRMSE: 428.2067799209595
LogMAE: 25.23271245098114
LogSI: 35.48448075298481
