MAE: 1.0517740581291062
RMSE: 2.5826433671372278
InvMAE: 4.080318072353091
InvRMSE: 6.31916652406965
LogMAE: 5.193532273258482
LogRMSE: 8.484648343154362
LogSI: 7.667803008234435
AbsRel: 5.47126291172845
SqRel: 1.5876894075104169
ChamferDist: 0.4308112401195935
F-Score: 56.594453407377
IoU: 40.86318784118763
F-Score-20: 75.83776938813074
IoU-20: 62.33549265214375
