MAE: 1.6303298407079982
RMSE: 3.6283670406034387
InvMAE: 5.990958722456833
InvRMSE: 8.888415525295983
LogMAE: 7.838095744328996
LogRMSE: 12.142306076237029
LogSI: 11.198125233355
AbsRel: 8.0311908264833
SqRel: 2.0976204356075794
ChamferDist: 0.6662508983370716
F-Score: 49.42466973764765
IoU: 33.99392655354702
F-Score-20: 67.06512714456196
IoU-20: 51.68136537952657
