AbsRel: 0.0987135231056634
SqRel: 0.7577941008393186
RMSE: 4.52490105365578
LogRMSE: 0.18718125141483638
$\delta < 1.25$: 0.8888082738501009
$\delta < 1.25^2$: 0.9610082833043332
$\delta < 1.25^3$: 0.9804430106893227
ChamferDist: 0.8142237642317626
F-Score: 27.547642046273012
IoU: 16.140847211588746
F-Score-20: 54.50519112569188
IoU-20: 37.85119826687631
