Scale: 0.10007192440616669
Shift: 0.249233272571495
AbsRel: 17.508214920484104
SqRel: 21.441665075558884
RMSE: 1.1485714797102489
LogRMSE: 26.98010241288405
$\delta_{.05}$: 24.582453739146576
$\delta_{.1}$: 44.22603922708622
$\delta_{.25}$: 75.77237916804302
$\delta_{.25^2}$: 92.31913683581072
$\delta_{.25^3}$: 96.51741961149833
MAE: 0.6253121737104196
InvMAE: 1027.751382582738
InvRMSE: 5542.6956667973445
LogMAE: 18.404606613746058
LogSI: 26.59867801640355
