Scale: 0.06569049631420268
Shift: 0.005779914431910968
AbsRel: 35.970089478343056
SqRel: 117.28026123311487
RMSE: 9.571735567041577
LogRMSE: 56.40102685406604
$\delta_{.05}$: 16.488504589530738
$\delta_{.1}$: 29.414441301428102
$\delta_{.25}$: 52.799339618754395
$\delta_{.25^2}$: 73.67108253004476
$\delta_{.25^3}$: 84.78347853111039
MAE: 5.658508310136239
InvMAE: 2634.6380319985574
InvRMSE: 14711.794083924036
LogMAE: 36.995997494111684
LogSI: 53.35382932429268
