Scale: 0.1715582598343746
Shift: 0.17147195167197313
AbsRel: 20.980027899465064
SqRel: 97.87850547502165
RMSE: 1.0917432519410728
LogRMSE: 29.359147768866396
$\delta_{.05}$: 21.412443662243625
$\delta_{.1}$: 39.22701835312017
$\delta_{.25}$: 72.5577942891253
$\delta_{.25^2}$: 92.66451731506645
$\delta_{.25^3}$: 97.49152723345529
MAE: 0.48036583285174966
InvMAE: 819.0439673490845
InvRMSE: 8507.462629076173
LogMAE: 18.71227108083369
LogSI: 29.12993189814514
