Scale: 0.22955561404431338
Shift: 0.027815816478364862
AbsRel: 17.678834908103944
SqRel: 14.241194392299652
RMSE: 1.3229540957331658
LogRMSE: 28.518165724563598
$\delta_{.05}$: 24.02362661979417
$\delta_{.1}$: 43.77660636579897
$\delta_{.25}$: 75.764329742295
$\delta_{.25^2}$: 89.90107639066576
$\delta_{.25^3}$: 94.43652338005873
MAE: 0.6701664694964886
InvMAE: 224.1548795967102
InvRMSE: 2168.655383769226
LogMAE: 18.911728089141846
LogSI: 28.227812376519758
