Scale: 0.07597202937398706
Shift: 0.008865321815791673
AbsRel: 35.82359647964683
SqRel: 120.41203498492861
RMSE: 9.485586460128493
LogRMSE: 55.359919379110295
$\delta_{.05}$: 16.302429822812588
$\delta_{.1}$: 29.098867881387168
$\delta_{.25}$: 52.99239646595438
$\delta_{.25^2}$: 73.99767868761651
$\delta_{.25^3}$: 85.28044495736897
MAE: 5.598723353158198
InvMAE: 2201.107455766789
InvRMSE: 13556.220255349783
LogMAE: 36.29869538679251
LogSI: 52.46975785879864
