Scale: 0.11475966777549439
Shift: 0.2597159610289182
AbsRel: 17.94784499315115
SqRel: 18.19255189382113
RMSE: 1.1548860448140363
LogRMSE: 27.401513734964222
$\delta_{.05}$: 23.672216803194438
$\delta_{.1}$: 42.98760932650827
$\delta_{.25}$: 74.60702758477521
$\delta_{.25^2}$: 91.91598435129274
$\delta_{.25^3}$: 96.38925487489041
MAE: 0.6403922624083666
InvMAE: 1002.6919936238802
InvRMSE: 4963.878330933498
LogMAE: 18.93065227288466
LogSI: 27.006162829736525
