Scale: 0.18340861983217016
Shift: 0.20464632306398123
AbsRel: 21.996011616622273
SqRel: 105.64015060089051
RMSE: 1.0948810885782818
LogRMSE: 29.752218546852788
$\delta_{.05}$: 19.896095158010908
$\delta_{.1}$: 37.16936968056539
$\delta_{.25}$: 70.2294028531378
$\delta_{.25^2}$: 91.60953631899699
$\delta_{.25^3}$: 97.24139689061226
MAE: 0.5002801027889463
InvMAE: 723.8705735541994
InvRMSE: 7594.437757241252
LogMAE: 19.594352177523692
LogSI: 29.5040376891196
