Scale: 0.25074959482810655
Shift: 0.06324754957316565
AbsRel: 18.125939799499513
SqRel: 11.243006488895416
RMSE: 1.2975046441316604
LogRMSE: 28.853454019546508
$\delta_{.05}$: 22.33369925374249
$\delta_{.1}$: 41.90359871478084
$\delta_{.25}$: 74.81897083556436
$\delta_{.25^2}$: 89.10936797020841
$\delta_{.25^3}$: 93.60932647214246
MAE: 0.6877205079674721
InvMAE: 134.68354240875243
InvRMSE: 1016.2228410949707
LogMAE: 19.511455684280396
LogSI: 28.559922940645755
