Ratio: 0.20902453634933998
AbsRel: 24.31791973209381
SqRel: 21.56714461541176
RMSE: 33.82276778459549
LogRMSE: 177.91531688308717
$\delta < 1.05$: 0.18248903384718015
$\delta < 1.1$: 0.3552618333842271
$\delta < 1.25$: 0.704501380927285
$\delta < 1.25^2$: 0.8590805001415379
$\delta < 1.25^3$: 0.9109040790536373
MAE: 13.746018639326095
InvMAE: 29031.81018247366
InvRMSE: 145359.45652942275
LogMAE: 54.47554211425781
LogSI: 173.92979395435523
Chamfer: 3.2363723369608532
F-Score: 8.488511934041977
IoU: 4.4619566450119015
F-Score-20: 25.32707158946991
IoU-20: 14.653833852291108
