Ratio: 7.182259647846222
AbsRel: 25.805931901931764
SqRel: 17.283132821559906
RMSE: 18.569178142070772
LogRMSE: 34.29601160049438
$\delta < 1.05$: 0.1300683868245391
$\delta < 1.1$: 0.24918457502212862
$\delta < 1.25$: 0.5323615170548723
$\delta < 1.25^2$: 0.835197446750881
$\delta < 1.25^3$: 0.9474025859159388
MAE: 9.461614624977113
InvMAE: 13.966587290763854
InvRMSE: 20.723180987358095
LogMAE: 26.17360864830017
LogSI: 33.71465878392474
Chamfer: 2.96605922242036
F-Score: 4.897931954830885
IoU: 2.538086998566985
F-Score-20: 14.768305852651595
IoU-20: 8.109147627353668
