Ratio: 0.11370361630967385
AbsRel: 19.277799867483285
SqRel: 9.484055795486157
RMSE: 1.0750988328686126
LogRMSE: 26.54500177383423
$\delta < 1.05$: 0.20852008061136762
$\delta < 1.1$: 0.38092752338139985
$\delta < 1.25$: 0.7045267494461319
$\delta < 1.25^2$: 0.9003889787386619
$\delta < 1.25^3$: 0.9599299462596351
MAE: 0.7157547153188633
InvMAE: 94.04300321652339
InvRMSE: 219.7164568901062
LogMAE: 20.123594482128436
LogSI: 26.165404786024514
