Ratio: 10.037598022163715
AbsRel: 58.38902013718815
SqRel: 477.49818721801176
RMSE: 9.827634320531725
LogRMSE: 55.8060897091579
$\delta < 1.05$: 0.10152710978936852
$\delta < 1.1$: 0.19677376036147365
$\delta < 1.25$: 0.424697800181388
$\delta < 1.25^2$: 0.6809244091823571
$\delta < 1.25^3$: 0.8177705372384759
MAE: 6.358811455056272
InvMAE: 47.616981774702204
InvRMSE: 100.15015899547012
LogMAE: 40.91167872475936
LogSI: 53.176261452270964
