Ratio: 3.292427252622751
AbsRel: 33.72795787517841
SqRel: 29.271247425079345
RMSE: 1.6340339978383138
LogRMSE: 40.42855718172513
$\delta < 1.05$: 0.11848066714747156
$\delta < 1.1$: 0.2295383065281963
$\delta < 1.25$: 0.4900685161516848
$\delta < 1.25^2$: 0.7667835577219733
$\delta < 1.25^3$: 0.8960805584522723
MAE: 1.1493349435237739
InvMAE: 141.30501903240497
InvRMSE: 186.38972884544958
LogMAE: 31.488435557438777
LogSI: 39.02547869842199
