Ratio: 0.12214685739861168
AbsRel: 39.470293981611995
SqRel: 100.96165197900592
RMSE: 9.722771630158874
LogRMSE: 55.987469824974845
$\delta < 1.05$: 0.11173580997689574
$\delta < 1.1$: 0.21299811912669253
$\delta < 1.25$: 0.4462644067313728
$\delta < 1.25^2$: 0.6940175601216866
$\delta < 1.25^3$: 0.8162611235665413
MAE: 6.041408657760363
InvMAE: 720.9318796321415
InvRMSE: 6093.502775302382
LogMAE: 40.580518790959246
LogSI: 52.73556788197151
