Ratio: 5.399999999999999
AbsRel: 7.594792314102313
SqRel: 2.3352054112756546
RMSE: 3.6956690917351493
LogRMSE: 12.058872858439486
$\delta < 1.05$: 0.5543679440184196
$\delta < 1.1$: 0.7680789342088561
$\delta < 1.25$: 0.9356890930690868
$\delta < 1.25^2$: 0.9868088396560388
$\delta < 1.25^3$: 0.9958481540775777
MAE: 1.5897529445634297
InvMAE: 5.559046131335885
InvRMSE: 8.746470582265795
LogMAE: 7.428520833787743
LogSI: 11.312564746445515
Chamfer: 0.605545018714414
F-Score: 52.89268009977107
IoU: 36.97854464167466
F-Score-20: 69.64901931227351
IoU-20: 54.48664038715187
