Ratio: 5.399999999999999
AbsRel: 4.4686652135849
SqRel: 3.1024157362750597
RMSE: 2.6018180398004396
LogRMSE: 8.15365977866309
$\delta < 1.05$: 0.7798704270987324
$\delta < 1.1$: 0.9244349783359274
$\delta < 1.25$: 0.9830198324463549
$\delta < 1.25^2$: 0.9946501671505941
$\delta < 1.25^3$: 0.9971513034394288
MAE: 0.9255409987057959
InvMAE: 2.9607797924109867
InvRMSE: 5.726780346121107
LogMAE: 4.0955344925607955
LogSI: 7.804943109845765
Chamfer: 0.3672491427880433
F-Score: 66.40574542181832
IoU: 50.45629944256374
F-Score-20: 81.30388930729457
IoU-20: 69.12538493292672
