Ratio: 0.04826490116356374
AbsRel: 27.312647688150406
SqRel: 16.25451871457696
RMSE: 11.853372381865979
LogRMSE: 40.7826111664772
$\delta < 1.05$: 0.1461762986868227
$\delta < 1.1$: 0.270564532076387
$\delta < 1.25$: 0.5388195945696116
$\delta < 1.25^2$: 0.7913511508111876
$\delta < 1.25^3$: 0.9001319493005318
MAE: 7.87408208104968
InvMAE: 1441.0063577290773
InvRMSE: 4131.038656100452
LogMAE: 30.494149298906326
LogSI: 38.741571832828164
Chamfer: 5.612876827282997
F-Score: 8.763707426229491
IoU: 4.808674588271416
F-Score-20: 16.240000685200094
IoU-20: 9.493835905332118
