Ratio: 24.520032326459884
AbsRel: 34.63991177654266
SqRel: 31.979991829395296
RMSE: 12.87238243162632
LogRMSE: 42.8787918510437
$\delta < 1.05$: 0.11335017893180312
$\delta < 1.1$: 0.21811489477310048
$\delta < 1.25$: 0.4701644083159723
$\delta < 1.25^2$: 0.7429520844758376
$\delta < 1.25^3$: 0.8731716550461711
MAE: 8.872834303975106
InvMAE: 21.747446512699128
InvRMSE: 29.227030012249948
LogMAE: 33.12418112373352
LogSI: 40.78148159928852
Chamfer: 4.231988548955443
F-Score: 8.977347358733416
IoU: 4.951940451912582
F-Score-20: 17.062011059165002
IoU-20: 9.978762818932534
