Ratio: 2.12442425558691
AbsRel: 26.982895178896936
SqRel: 14.747567704693623
RMSE: 0.9349209720479603
LogRMSE: 31.833717818653913
$\delta < 1.05$: 0.12879007608341178
$\delta < 1.1$: 0.2481974607584344
$\delta < 1.25$: 0.5386285090768874
$\delta < 1.25^2$: 0.8388974007141728
$\delta < 1.25^3$: 0.9483258431834637
MAE: 0.7118840899534911
InvMAE: 113.39137286148305
InvRMSE: 149.4027346048151
LogMAE: 25.603110206965642
LogSI: 30.517406516122186
