Ratio: 0.3748530371313673
AbsRel: 22.13853594724556
SqRel: 9.53306104479762
RMSE: 0.8750082546053312
LogRMSE: 27.869969044985755
$\delta < 1.05$: 0.15331270241223074
$\delta < 1.1$: 0.2930656761670943
$\delta < 1.25$: 0.603878725974604
$\delta < 1.25^2$: 0.8742958707904922
$\delta < 1.25^3$: 0.9653555315070853
MAE: 0.643948945054494
InvMAE: 117.93062193167684
InvRMSE: 415.96305934661024
LogMAE: 22.56600720583481
LogSI: 27.537824469384546
