Ratio: 6.9287305381452065
AbsRel: 53.08431994184923
SqRel: 128.69934747345994
RMSE: 7.160649280742025
LogRMSE: 64.24001564089761
$\delta < 1.05$: 0.1015503313502835
$\delta < 1.1$: 0.19394589403205217
$\delta < 1.25$: 0.40601205549583785
$\delta < 1.25^2$: 0.6415136977983574
$\delta < 1.25^3$: 0.7651914739203701
MAE: 4.040622501581479
InvMAE: 255.2635345709381
InvRMSE: 359.09146713315016
LogMAE: 47.59793121540946
LogSI: 59.668573174322354
Chamfer: 2.949519325767169
F-Score: 31.03753660778252
IoU: 21.819310074274618
F-Score-20: 45.38253311586152
IoU-20: 34.84776077022393
