Ratio: 0.39997524733720885
AbsRel: 38.99456153286701
SqRel: 66.96890335260181
RMSE: 7.17067546633442
LogRMSE: 67.06377170080204
$\delta < 1.05$: 0.12341674626889527
$\delta < 1.1$: 0.22748411233139484
$\delta < 1.25$: 0.4464515847966441
$\delta < 1.25^2$: 0.6763722410116577
$\delta < 1.25^3$: 0.799804551638796
MAE: 3.773564174906774
InvMAE: 3691.638028787996
InvRMSE: 19537.817211465645
LogMAE: 45.974258250140686
LogSI: 64.13358723234235
Chamfer: 2.5148525286060477
F-Score: 32.200971501074626
IoU: 24.430503837910422
F-Score-20: 44.937653263116424
IoU-20: 35.492992436982085
