Ratio: 0.14753066712825336
AbsRel: 25.84999399554345
SqRel: 24.885281495894155
RMSE: 9.660016289603325
LogRMSE: 48.0846308975835
$\delta < 1.05$: 0.17264581566094736
$\delta < 1.1$: 0.3279810744779686
$\delta < 1.25$: 0.6248221088639697
$\delta < 1.25^2$: 0.8271862227538513
$\delta < 1.25^3$: 0.9075689492314912
MAE: 5.408845234647874
InvMAE: 2338.658268203735
InvRMSE: 17315.450518818518
LogMAE: 28.550614755999657
LogSI: 46.967099710046746
Chamfer: 2.5527206813050203
F-Score: 14.788390524656542
IoU: 8.274293389435737
F-Score-20: 29.33239556989362
IoU-20: 18.253471008577655
Ratio-Edges: 0.12331562159525136
AbsRel-Edges: 31.385570704703238
SqRel-Edges: 28.25847928841519
RMSE-Edges: 10.83598353339761
LogRMSE-Edges: 47.43039626857035
$\delta < 1.05$-Edges: 0.1292662382535145
$\delta < 1.1$-Edges: 0.24651601961100705
$\delta < 1.25$-Edges: 0.5006127728539872
$\delta < 1.25^2$-Edges: 0.7500585658903847
$\delta < 1.25^3$-Edges: 0.8768679513741509
MAE-Edges: 6.970505117853872
InvMAE-Edges: 1060.4447429743857
InvRMSE-Edges: 8400.779432932457
LogMAE-Edges: 33.06279470998477
LogSI-Edges: 46.14581411094439
Chamfer-Edges: 4.599203243198494
F-Score-Edges: 7.413161735635957
IoU-Edges: 4.309272931038944
F-Score-20-Edges: 15.190316949229615
IoU-20-Edges: 9.312982926366766
DirAcc-Edges: 67.55759962074619
Dir (-)-Edges: 4.778680341839
Dir (+)-Edges: 27.663720037414816
EdgeAcc-Edges: 4.0623158104955825
EdgeComp-Edges: 36.55476246537932
