Ratio: 7.101301382280165
AbsRel: 31.336194953918458
SqRel: 44.364805868056514
RMSE: 9.637632996728343
LogRMSE: 37.35675971492644
$\delta < 1.05$: 0.1533913513774424
$\delta < 1.1$: 0.29243145532402154
$\delta < 1.25$: 0.5813285568295861
$\delta < 1.25^2$: 0.8180420805365224
$\delta < 1.25^3$: 0.9112540886389008
MAE: 5.509437559496972
InvMAE: 29.89753690196622
InvRMSE: 43.7665542510248
LogMAE: 27.60002687023532
LogSI: 36.08255168137448
Chamfer: 2.559011791613877
F-Score: 13.059795599214493
IoU: 7.2217908337423875
F-Score-20: 26.255686439391106
IoU-20: 15.944465430628869
Ratio-Edges: 7.745994999829461
AbsRel-Edges: 40.41389310749528
SqRel-Edges: 76.02048350241449
RMSE-Edges: 12.011860635759783
LogRMSE-Edges: 44.791805509180804
$\delta < 1.05$-Edges: 0.12971492276759297
$\delta < 1.1$-Edges: 0.23908252610248779
$\delta < 1.25$-Edges: 0.48026617986386627
$\delta < 1.25^2$-Edges: 0.7389522706098551
$\delta < 1.25^3$-Edges: 0.8687959471401692
MAE-Edges: 7.664093563306371
InvMAE-Edges: 29.183131629189635
InvRMSE-Edges: 43.80082034753039
LogMAE-Edges: 33.688530491847615
LogSI-Edges: 43.32473162603782
Chamfer-Edges: 4.242289910172975
F-Score-Edges: 7.784331534968482
IoU-Edges: 4.650410014293552
F-Score-20-Edges: 15.341224088213023
IoU-20-Edges: 9.467240934210276
DirAcc-Edges: 65.61015782610711
Dir (-)-Edges: 3.5624727500895177
Dir (+)-Edges: 30.827369423803372
EdgeAcc-Edges: 3.951427583958323
EdgeComp-Edges: 28.613587435191835
