Ratio: 6.908689407110214
AbsRel: 28.483277974128722
SqRel: 32.896129173338416
RMSE: 8.214077382311224
LogRMSE: 35.97976437568664
$\delta < 1.05$: 0.15182150605769673
$\delta < 1.1$: 0.28804787398201287
$\delta < 1.25$: 0.5827507040030919
$\delta < 1.25^2$: 0.8250549888376174
$\delta < 1.25^3$: 0.9187636884663499
MAE: 4.78756170630455
InvMAE: 27.237067256569862
InvRMSE: 37.05840935468674
LogMAE: 26.64270626425743
LogSI: 34.98301144816947
Chamfer: 2.4004686962552335
F-Score: 12.95242701753974
IoU: 7.107349189892411
F-Score-20: 25.620365667939186
IoU-20: 15.3643262347579
Ratio-Edges: 7.540586560070515
AbsRel-Edges: 35.48205661058426
SqRel-Edges: 52.24224807418883
RMSE-Edges: 9.891976737454534
LogRMSE-Edges: 42.69897736668587
$\delta < 1.05$-Edges: 0.12638837808626302
$\delta < 1.1$-Edges: 0.23718259497439415
$\delta < 1.25$-Edges: 0.48823117695600315
$\delta < 1.25^2$-Edges: 0.7558503811692364
$\delta < 1.25^3$-Edges: 0.8804423242045156
MAE-Edges: 6.325909479316324
InvMAE-Edges: 29.627003147602082
InvRMSE-Edges: 41.207761140465735
LogMAE-Edges: 32.15820813775063
LogSI-Edges: 41.48955111804194
Chamfer-Edges: 3.4192021043279333
F-Score-Edges: 7.858286031857133
IoU-Edges: 4.405273031629622
F-Score-20-Edges: 16.560160438716412
IoU-20-Edges: 9.758011906072497
DirAcc-Edges: 69.39020154520848
Dir (-)-Edges: 4.387122263336417
Dir (+)-Edges: 26.222676191455097
EdgeAcc-Edges: 3.727795386737559
EdgeComp-Edges: 31.434392902700946
