Ratio: 0.12283309501452892
AbsRel: 23.449610027074815
SqRel: 15.259722620546817
RMSE: 8.107982773594559
LogRMSE: 37.00507034540176
$\delta < 1.05$: 0.17206329225024938
$\delta < 1.1$: 0.32778040452569795
$\delta < 1.25$: 0.6389906369454355
$\delta < 1.25^2$: 0.8493410390360246
$\delta < 1.25^3$: 0.9243744250299621
MAE: 4.588827322013676
InvMAE: 433.1207078701258
InvRMSE: 5053.3242347645755
LogMAE: 24.81394380927086
LogSI: 36.372640386961685
Chamfer: 2.617599693874603
F-Score: 13.7542125120759
IoU: 7.593021625727415
F-Score-20: 26.808176804184914
IoU-20: 16.2604291254282
Ratio-Edges: 0.10343166976220683
AbsRel-Edges: 28.989175777435303
SqRel-Edges: 18.98773742571473
RMSE-Edges: 9.410256744250654
LogRMSE-Edges: 40.77891218781471
$\delta < 1.05$-Edges: 0.13611237010768304
$\delta < 1.1$-Edges: 0.25233415404744247
$\delta < 1.25$-Edges: 0.5176261485259309
$\delta < 1.25^2$-Edges: 0.7772142992614195
$\delta < 1.25^3$-Edges: 0.8894885779258149
MAE-Edges: 5.993531356602907
InvMAE-Edges: 147.59666102230548
InvRMSE-Edges: 1608.4270872563125
LogMAE-Edges: 30.448794560432432
LogSI-Edges: 39.868383522256934
Chamfer-Edges: 4.062912338724582
F-Score-Edges: 7.4514864647760986
IoU-Edges: 4.1990897727757694
F-Score-20-Edges: 15.395053559690714
IoU-20-Edges: 9.006328606754542
DirAcc-Edges: 72.08313311577072
Dir (-)-Edges: 6.096104430054477
Dir (+)-Edges: 21.8207624541748
EdgeAcc-Edges: 3.9984295661042824
EdgeComp-Edges: 48.34096240577614
