Ratio: 2.0619589049339293
AbsRel: 27.969122129821777
SqRel: 15.751753059673309
RMSE: 1.5107841936826707
LogRMSE: 40.66985264587402
$\delta < 1.05$: 0.14155938341432575
$\delta < 1.1$: 0.26741855273346926
$\delta < 1.25$: 0.547088406509879
$\delta < 1.25^2$: 0.79314598768462
$\delta < 1.25^3$: 0.8844992653056213
MAE: 0.9155778717637062
InvMAE: 121.93026778259278
InvRMSE: 159.89853486938478
LogMAE: 29.65653121986389
LogSI: 39.382749870813065
