Ratio: 0.2696762225614978
AbsRel: 23.42732898674011
SqRel: 12.130420301818848
RMSE: 1.4847215188026428
LogRMSE: 37.09950486183166
$\delta < 1.05$: 0.16886102685846233
$\delta < 1.1$: 0.3179970088067828
$\delta < 1.25$: 0.6313272172937366
$\delta < 1.25^2$: 0.839719636355018
$\delta < 1.25^3$: 0.900076071090468
MAE: 0.8314164261043072
InvMAE: 107.10499052581787
InvRMSE: 246.06329267730712
LogMAE: 25.91308592262268
LogSI: 36.51218745795548
