MAE: 0.9315182997924941
RMSE: 2.4165424491677965
InvMAE: 3.4437493680204665
InvRMSE: 5.586551764011383
LogMAE: 4.463017807688032
LogRMSE: 7.647009924479893
LogSI: 7.014911343329714
AbsRel: 4.699831892762865
SqRel: 1.4890005917634284
ChamferDist: 0.38727146413709435
F-Score: 60.92303483792714
IoU: 45.02554734213012
F-Score-20: 78.98623293331691
IoU-20: 66.26961789608002
