MAE: 1.5596936786193059
RMSE: 3.573460687523239
InvMAE: 5.496797667507745
InvRMSE: 8.196605588760844
LogMAE: 7.33366578744233
LogRMSE: 11.551669890163867
LogSI: 10.691681520760138
AbsRel: 7.486620826955222
SqRel: 2.0182526055609156
ChamferDist: 0.6305529189530326
F-Score: 51.0494114986958
IoU: 35.40613329282568
F-Score-20: 68.50364337230752
IoU-20: 53.2021452159238
