AbsRel: 0.09578259718982526
SqRel: 0.7287632357142064
RMSE: 4.461654645640675
LogRMSE: 0.18343583288117496
$\delta < 1.25$: 0.8949059634154416
$\delta < 1.25^2$: 0.9627579845591767
$\delta < 1.25^3$: 0.9814154898091281
ChamferDist: 0.7816686726882092
F-Score: 27.94727624950655
IoU: 16.44588565142288
F-Score-20: 55.37965000787459
IoU-20: 38.72017563569494
