Scale: 0.08406840216024375
Shift: 0.012221583835795689
AbsRel: 33.48553604128115
SqRel: 131.265565561139
RMSE: 8.928875373283844
LogRMSE: 51.461634344049635
$\delta_{.05}$: 20.476302325778057
$\delta_{.1}$: 34.42752976852464
$\delta_{.25}$: 57.12786021006774
$\delta_{.25^2}$: 77.10568957791456
$\delta_{.25^3}$: 86.65425481496113
MAE: 5.20242812243946
InvMAE: 2335.1235646188525
InvRMSE: 12017.761368358082
LogMAE: 33.63044884386618
LogSI: 48.542890109472005
