Scale: 0.2488419874329869
Shift: 0.09466296993471716
AbsRel: 14.876700142346897
SqRel: 13.232538792078312
RMSE: 1.0466071336315228
LogRMSE: 26.25865690084604
$\delta_{.05}$: 28.923564680165402
$\delta_{.1}$: 50.02714402000971
$\delta_{.25}$: 80.8838438774668
$\delta_{.25^2}$: 94.55856248543908
$\delta_{.25^3}$: 97.95726733787089
MAE: 0.5194367548823356
InvMAE: 1744.6961923217773
InvRMSE: 9130.52935427739
LogMAE: 16.046777103130633
LogSI: 25.892131578969813
