Scale: 4.8768638102824875
Shift: 0.0
AbsRel: 20.372341045966515
SqRel: 53.09367322775034
RMSE: 1.152975394657025
LogRMSE: 25.78808724916898
$\delta_{.05}$: 22.020995229260887
$\delta_{.1}$: 40.101340837915494
$\delta_{.25}$: 71.05247949537073
$\delta_{.25^2}$: 90.19845792536972
$\delta_{.25^3}$: 96.23679188360035
MAE: 0.6860369237569662
InvMAE: 90.74251647949218
InvRMSE: 128.71430778503418
LogMAE: 19.189467839461106
LogSI: 24.462595401601664
