Scale: 16.94793664714146
Shift: 0.0
AbsRel: 43.805312760742254
SqRel: 364.9113910859075
RMSE: 7.361749529370813
LogRMSE: 42.79003183403357
$\delta_{.05}$: 18.945324249514123
$\delta_{.1}$: 34.44315453079129
$\delta_{.25}$: 60.9797131425082
$\delta_{.25^2}$: 81.50107880906248
$\delta_{.25^3}$: 89.69839306590042
MAE: 4.439339470836614
InvMAE: 37.28221716207239
InvRMSE: 92.16826188083186
LogMAE: 28.826200213667523
LogSI: 40.575547225189005
