Scale: 3.2275825585794014
Shift: 0.0
AbsRel: 13.464410742488477
SqRel: 4.36931577798788
RMSE: 0.43718609020159516
LogRMSE: 16.903257652889334
$\delta_{.05}$: 31.835808815032017
$\delta_{.1}$: 54.14826730779434
$\delta_{.25}$: 82.94486862493012
$\delta_{.25^2}$: 96.54830183954039
$\delta_{.25^3}$: 99.27469293751467
MAE: 0.30469690649471154
InvMAE: 66.4164821860987
InvRMSE: 93.57139669354173
LogMAE: 12.745969759944018
LogSI: 15.84526087133179
