Scale: 0.35190421147955714
Shift: -0.012337415236544417
AbsRel: 11.673747748045383
SqRel: 5.673760476758538
RMSE: 0.5582320004564907
LogRMSE: 16.028118271346486
$\delta_{.05}$: 33.95306035305371
$\delta_{.1}$: 57.80398649701552
$\delta_{.25}$: 87.09953172008636
$\delta_{.25^2}$: 97.69881314190603
$\delta_{.25^3}$: 99.4045586199238
MAE: 0.3039663404921235
InvMAE: 260.50463629935496
InvRMSE: 1506.5124317090447
LogMAE: 11.540043630366661
LogSI: 15.96418477088962
