Scale: 0.31883926422939896
Shift: 0.009703540074655206
AbsRel: 15.755799894714356
SqRel: 16.024923885536193
RMSE: 1.1965454891055822
LogRMSE: 24.968622352409362
$\delta_{.05}$: 25.936592467471073
$\delta_{.1}$: 47.48214567099497
$\delta_{.25}$: 79.72703337125455
$\delta_{.25^2}$: 92.58853201621272
$\delta_{.25^3}$: 96.5602841985559
MAE: 0.5829507301613689
InvMAE: 294.28836445770264
InvRMSE: 2481.46519863739
LogMAE: 16.41831698255539
LogSI: 24.75148210178403
