Scale: 3.248392319393158
Shift: 0.0
AbsRel: 17.581376553344725
SqRel: 7.948718872117996
RMSE: 1.104989494919777
LogRMSE: 25.89575820388794
$\delta_{.05}$: 23.63451289003839
$\delta_{.1}$: 43.24462492090459
$\delta_{.25}$: 74.91311975089404
$\delta_{.25^2}$: 90.68402106497112
$\delta_{.25^3}$: 95.84261181568463
MAE: 0.6151094962060452
InvMAE: 71.83183666305543
InvRMSE: 94.08826342315673
LogMAE: 18.22282950553894
LogSI: 24.879847634564886
