Ratio: 8.895271269798279
AbsRel: 28.703658960342405
SqRel: 21.65645498228073
RMSE: 18.016840032100678
LogRMSE: 35.794963134765624
$\delta < 1.05$: 0.1283081349845819
$\delta < 1.1$: 0.2451457456057116
$\delta < 1.25$: 0.5235803342940507
$\delta < 1.25^2$: 0.7912860877201847
$\delta < 1.25^3$: 0.9354583645239152
MAE: 9.340676842212677
InvMAE: 15.806244549751282
InvRMSE: 25.35592011833191
LogMAE: 27.4776572971344
LogSI: 35.21656386849977
Chamfer: 3.118093730635434
F-Score: 4.332046272337437
IoU: 2.231796814978123
F-Score-20: 13.451012940168381
IoU-20: 7.298911061525345
