Ratio: 0.19388653475540088
AbsRel: 29.965782663345337
SqRel: 31.684180714130402
RMSE: 39.444362660884856
LogRMSE: 239.843315700531
$\delta < 1.05$: 0.14964441588699884
$\delta < 1.1$: 0.2897992034780825
$\delta < 1.25$: 0.6249835553629395
$\delta < 1.25^2$: 0.8298627842529208
$\delta < 1.25^3$: 0.8823822044761734
MAE: 16.797177297115326
InvMAE: 49551.24855617237
InvRMSE: 201148.3082168617
LogMAE: 80.29412531852722
LogSI: 231.86570131063408
Chamfer: 3.6284846688722143
F-Score: 7.24093421292305
IoU: 3.8041690410375595
F-Score-20: 21.37672224187851
IoU-20: 12.133141350030899
