Ratio: 10.05095370681831
AbsRel: 59.00827897503772
SqRel: 454.35827539213034
RMSE: 9.592777948743025
LogRMSE: 55.36140423077639
$\delta < 1.05$: 0.11023250227571198
$\delta < 1.1$: 0.2106980880238745
$\delta < 1.25$: 0.4403041653213704
$\delta < 1.25^2$: 0.6939603939213231
$\delta < 1.25^3$: 0.8209533694043887
MAE: 6.171155156576045
InvMAE: 46.98250859628344
InvRMSE: 100.19236313387952
LogMAE: 40.32969178640254
LogSI: 52.76077035373933
