Ratio: 3.0016690672360933
AbsRel: 48.268002985440766
SqRel: 1253.3329518996752
RMSE: 5.9390401414266
LogRMSE: 42.868664298424356
$\delta < 1.05$: 0.13568198057696484
$\delta < 1.1$: 0.257378768912489
$\delta < 1.25$: 0.5347107457070059
$\delta < 1.25^2$: 0.8096877114017137
$\delta < 1.25^3$: 0.9159810782045171
MAE: 1.4087848393962934
InvMAE: 128.375582915086
InvRMSE: 171.79520593789908
LogMAE: 29.578071435781627
LogSI: 41.69919495225492
