Ratio: 0.14586566823334068
AbsRel: 20.019699068803053
SqRel: 11.121332565087538
RMSE: 1.1422977702434247
LogRMSE: 28.129850343557504
$\delta < 1.05$: 0.20046026892731897
$\delta < 1.1$: 0.3657835260837828
$\delta < 1.25$: 0.687718312223889
$\delta < 1.25^2$: 0.8924055664075146
$\delta < 1.25^3$: 0.9557846724785657
MAE: 0.742245927796914
InvMAE: 204.38843646783096
InvRMSE: 2208.9571940715496
LogMAE: 20.986617310597346
LogSI: 27.714530486986813
