Ratio: 0.1309494211218057
AbsRel: 40.9011654704141
SqRel: 107.94994619288252
RMSE: 10.052972844363328
LogRMSE: 59.842367978373986
$\delta < 1.05$: 0.10727267601759674
$\delta < 1.1$: 0.20378582744032125
$\delta < 1.25$: 0.43008779991068924
$\delta < 1.25^2$: 0.6750703744171132
$\delta < 1.25^3$: 0.8081142877421468
MAE: 6.278357702119468
InvMAE: 1403.5458950157122
InvRMSE: 10198.287949882815
LogMAE: 42.59027647437536
LogSI: 56.39010909858489
