Ratio: 5.399999999999999
AbsRel: 7.642498772934171
SqRel: 2.388769972383793
RMSE: 3.764931945987274
LogRMSE: 12.427457968881525
$\delta < 1.05$: 0.554141813609093
$\delta < 1.1$: 0.7626059312441956
$\delta < 1.25$: 0.9321859378682378
$\delta < 1.25^2$: 0.9852004352099338
$\delta < 1.25^3$: 0.9952230662785246
MAE: 1.6295593398297492
InvMAE: 5.587982193823972
InvRMSE: 8.952155200981656
LogMAE: 7.580719484142
LogSI: 11.6820258927225
Chamfer: 0.6299961352651522
F-Score: 52.383159456808876
IoU: 36.40472260208949
F-Score-20: 68.99821617266883
IoU-20: 53.615709069316374
