Ratio: 5.399999999999999
AbsRel: 4.44749734214374
SqRel: 3.4715475492392267
RMSE: 2.6373244839480945
LogRMSE: 8.642611792428152
$\delta < 1.05$: 0.7887778263086083
$\delta < 1.1$: 0.922046407120698
$\delta < 1.25$: 0.9803589596709489
$\delta < 1.25^2$: 0.9933302987728897
$\delta < 1.25^3$: 0.996510054512741
MAE: 0.9074058797955513
InvMAE: 3.003589117527008
InvRMSE: 6.2698231724330356
LogMAE: 4.080651627438409
LogSI: 8.512215827275883
Chamfer: 0.36695917731198385
F-Score: 66.09835594994681
IoU: 50.099897831508095
F-Score-20: 80.69069580078126
IoU-20: 68.27218042101178
