Ratio: 0.05866068028307731
AbsRel: 29.511782158647694
SqRel: 17.67765640759527
RMSE: 12.365530790567398
LogRMSE: 42.41490228843689
$\delta < 1.05$: 0.12939519799363267
$\delta < 1.1$: 0.2414423580594537
$\delta < 1.25$: 0.49810365714463833
$\delta < 1.25^2$: 0.7600737446536955
$\delta < 1.25^3$: 0.8825456725491133
MAE: 8.339849108606577
InvMAE: 460.9217275545299
InvRMSE: 3539.0658128636182
LogMAE: 32.043937648057934
LogSI: 41.34003751217946
Chamfer: 6.147360594495867
F-Score: 7.486156325931661
IoU: 4.122287061752751
F-Score-20: 14.032045297920703
IoU-20: 8.166543196885847
