Ratio: 19.544508850336076
AbsRel: 37.1231039352417
SqRel: 36.806417087078096
RMSE: 13.395501517772674
LogRMSE: 45.07639322948456
$\delta < 1.05$: 0.10871214839048468
$\delta < 1.1$: 0.20886312189017367
$\delta < 1.25$: 0.45011349049685767
$\delta < 1.25^2$: 0.7206704869343119
$\delta < 1.25^3$: 0.8557919896123931
MAE: 9.289889207303524
InvMAE: 22.79651304042339
InvRMSE: 30.057380138516425
LogMAE: 35.072005039215085
LogSI: 43.190831758586384
Chamfer: 4.489556812776216
F-Score: 8.232635703533887
IoU: 4.5200364760160445
F-Score-20: 15.813638298273087
IoU-20: 9.185158771753311
