Ratio: 2.045718041855261
AbsRel: 30.474140741774065
SqRel: 19.7349716920736
RMSE: 1.0098320696423178
LogRMSE: 34.33357735000984
$\delta < 1.05$: 0.1215036844409987
$\delta < 1.1$: 0.23380596396934103
$\delta < 1.25$: 0.5102403859958938
$\delta < 1.25^2$: 0.809367955951817
$\delta < 1.25^3$: 0.9315748594523305
MAE: 0.7696536873048598
InvMAE: 119.76521297769808
InvRMSE: 159.27480287581045
LogMAE: 27.52777031218969
LogSI: 32.781711171167856
