Ratio: 0.4161928927994076
AbsRel: 24.651333377995623
SqRel: 15.157333239594001
RMSE: 1.0217497042331856
LogRMSE: 31.404453565585868
$\delta < 1.05$: 0.13899714546196648
$\delta < 1.1$: 0.2656898642107487
$\delta < 1.25$: 0.5553585080821319
$\delta < 1.25^2$: 0.8406295187024286
$\delta < 1.25^3$: 0.9503410370479758
MAE: 0.7121967012888613
InvMAE: 278.2595155231814
InvRMSE: 1737.3810147364204
LogMAE: 25.139233282946666
LogSI: 30.983249442668082
