Ratio: 0.41866013415477044
AbsRel: 40.837159732654335
SqRel: 61.03551981723444
RMSE: 7.4974042678991575
LogRMSE: 75.35012102206929
$\delta < 1.05$: 0.11129887391554111
$\delta < 1.1$: 0.2040835595052768
$\delta < 1.25$: 0.4131046270464441
$\delta < 1.25^2$: 0.6504339214165774
$\delta < 1.25^3$: 0.7779256500609418
MAE: 4.001464004019659
InvMAE: 4976.524714274042
InvRMSE: 27689.425052069564
LogMAE: 50.3312075922934
LogSI: 71.8213418460063
Chamfer: 2.6058476607115137
F-Score: 29.776817451700353
IoU: 22.37162153339186
F-Score-20: 43.27331425096989
IoU-20: 34.352690575241155
