Ratio: 5.97971289722543
AbsRel: 59.725604039744326
SqRel: 338.7298591943449
RMSE: 7.629142898021702
LogRMSE: 67.55406697788878
$\delta < 1.05$: 0.09530360210856023
$\delta < 1.1$: 0.18148371368033553
$\delta < 1.25$: 0.38678412847033533
$\delta < 1.25^2$: 0.6396439291108809
$\delta < 1.25^3$: 0.7682713003411328
MAE: 4.023068908833716
InvMAE: 264.00642816900637
InvRMSE: 353.49321673053305
LogMAE: 49.54669501313752
LogSI: 63.32088794431852
Chamfer: 2.329089942736773
F-Score: 29.105765590874274
IoU: 20.382992376476743
F-Score-20: 44.39081715232733
IoU-20: 34.21109483485515
