Ratio: 0.1524605244983709
AbsRel: 26.110110050939745
SqRel: 27.496855857795286
RMSE: 9.67701579743816
LogRMSE: 50.937402267763694
$\delta < 1.05$: 0.1712885019154449
$\delta < 1.1$: 0.32625926913162945
$\delta < 1.25$: 0.6235828083942186
$\delta < 1.25^2$: 0.8269903839044995
$\delta < 1.25^3$: 0.9075433078662906
MAE: 5.399787260207438
InvMAE: 2913.2298792774445
InvRMSE: 21390.87594657221
LogMAE: 29.10810757206332
LogSI: 49.77030192637386
Chamfer: 2.5801912697498133
F-Score: 14.327247260039853
IoU: 8.02777643684418
F-Score-20: 28.562106550167645
IoU-20: 17.740098882627585
Ratio-Edges: 0.12895923164441175
AbsRel-Edges: 31.309661644268658
SqRel-Edges: 29.96230374305856
RMSE-Edges: 10.777122119273626
LogRMSE-Edges: 47.565987080530405
$\delta < 1.05$-Edges: 0.13185348065920405
$\delta < 1.1$-Edges: 0.2527690315388697
$\delta < 1.25$-Edges: 0.5055502472544754
$\delta < 1.25^2$-Edges: 0.754802772338833
$\delta < 1.25^3$-Edges: 0.8800812970262217
MAE-Edges: 6.9011321724678565
InvMAE-Edges: 1167.9833112666809
InvRMSE-Edges: 9166.461490861964
LogMAE-Edges: 32.79824207218644
LogSI-Edges: 46.31815171327324
Chamfer-Edges: 4.517317066369194
F-Score-Edges: 7.22751317310567
IoU-Edges: 4.17011299546248
F-Score-20-Edges: 15.11266163303182
IoU-20-Edges: 9.277703745380725
DirAcc-Edges: 68.25603763964214
Dir (-)-Edges: 5.127029369553237
Dir (+)-Edges: 26.616932990804614
EdgeAcc-Edges: 4.129325278438371
EdgeComp-Edges: 42.818978304360186
