Ratio: 0.12943799330656774
AbsRel: 23.6112953042984
SqRel: 16.208162051290273
RMSE: 8.124241305477916
LogRMSE: 38.75230269193649
$\delta < 1.05$: 0.16987446550776794
$\delta < 1.1$: 0.3252906291974813
$\delta < 1.25$: 0.6377080560079698
$\delta < 1.25^2$: 0.8515674213779176
$\delta < 1.25^3$: 0.9264287805557325
MAE: 4.568687697090208
InvMAE: 564.5566633015872
InvRMSE: 7542.344929067493
LogMAE: 24.883901752233506
LogSI: 38.161271638592055
Chamfer: 2.5826821160493103
F-Score: 13.169538878798484
IoU: 7.234580486416816
F-Score-20: 26.191763554811477
IoU-20: 15.84826890707016
Ratio-Edges: 0.11618365844819181
AbsRel-Edges: 29.098605905771254
SqRel-Edges: 20.777119188271463
RMSE-Edges: 9.441720183342696
LogRMSE-Edges: 41.1710730278492
$\delta < 1.05$-Edges: 0.13503769776720645
$\delta < 1.1$-Edges: 0.25246393863032796
$\delta < 1.25$-Edges: 0.5215962253200339
$\delta < 1.25^2$-Edges: 0.779816046496939
$\delta < 1.25^3$-Edges: 0.8918085531819672
MAE-Edges: 5.973742129374296
InvMAE-Edges: 191.6511047130823
InvRMSE-Edges: 2415.1510906785725
LogMAE-Edges: 30.30029472708702
LogSI-Edges: 40.285427344254096
Chamfer-Edges: 4.064969711234898
F-Score-Edges: 7.069662283286452
IoU-Edges: 3.94662806969136
F-Score-20-Edges: 14.933785959780217
IoU-20-Edges: 8.751926833242178
DirAcc-Edges: 72.50301985901257
Dir (-)-Edges: 6.447266227258711
Dir (+)-Edges: 21.049713913728716
EdgeAcc-Edges: 4.159189871122754
EdgeComp-Edges: 59.02126672963932
