Ratio: 7.371171051071536
AbsRel: 32.50350244583622
SqRel: 89.64604185227425
RMSE: 9.646125372667466
LogRMSE: 37.530193506056264
$\delta < 1.05$: 0.157496020835201
$\delta < 1.1$: 0.29730710302864105
$\delta < 1.25$: 0.5831728292246172
$\delta < 1.25^2$: 0.8180845903098276
$\delta < 1.25^3$: 0.9109775165636406
MAE: 5.46614248523789
InvMAE: 29.599653564883816
InvRMSE: 43.5711453511638
LogMAE: 27.54233713396134
LogSI: 36.25521864525991
Chamfer: 2.7516451155077988
F-Score: 12.656170200378664
IoU: 6.97448773157212
F-Score-20: 25.485845233548073
IoU-20: 15.398382126362094
Ratio-Edges: 8.075132268238692
AbsRel-Edges: 39.756227110258116
SqRel-Edges: 74.127351016449
RMSE-Edges: 11.456245435793805
LogRMSE-Edges: 43.79371219834471
$\delta < 1.05$-Edges: 0.13354643252058734
$\delta < 1.1$-Edges: 0.2438337534100566
$\delta < 1.25$-Edges: 0.4916145472516321
$\delta < 1.25^2$-Edges: 0.7518401274469586
$\delta < 1.25^3$-Edges: 0.8751838810615217
MAE-Edges: 7.364105385327651
InvMAE-Edges: 28.566618550057505
InvRMSE-Edges: 42.96813403890024
LogMAE-Edges: 32.83872588257385
LogSI-Edges: 42.2575713494773
Chamfer-Edges: 4.336084591386595
F-Score-Edges: 7.545579176527612
IoU-Edges: 4.515105307379774
F-Score-20-Edges: 14.79481608454698
IoU-20-Edges: 8.998670549651766
DirAcc-Edges: 65.43448673652945
Dir (-)-Edges: 3.5366179454502413
Dir (+)-Edges: 31.028895318020318
EdgeAcc-Edges: 4.047281711827508
EdgeComp-Edges: 38.585409253640805
