Ratio: 7.1913473650813104
AbsRel: 28.837566623687746
SqRel: 40.65836968004704
RMSE: 8.534167037755251
LogRMSE: 36.070424933433536
$\delta < 1.05$: 0.15238744430743786
$\delta < 1.1$: 0.28725260535050595
$\delta < 1.25$: 0.579275703985741
$\delta < 1.25^2$: 0.8281547081188595
$\delta < 1.25^3$: 0.9205245970510498
MAE: 4.806588436439633
InvMAE: 26.521745231747627
InvRMSE: 35.89816095948219
LogMAE: 26.560455889701842
LogSI: 35.07282685438683
Chamfer: 2.6503165838163727
F-Score: 12.118943928480148
IoU: 6.606952458769083
F-Score-20: 24.11714369535446
IoU-20: 14.312355832159518
Ratio-Edges: 7.78940833389759
AbsRel-Edges: 33.95116479337216
SqRel-Edges: 39.819995149970055
RMSE-Edges: 9.41382001567632
LogRMSE-Edges: 41.22476231813431
$\delta < 1.05$-Edges: 0.1290052153919974
$\delta < 1.1$-Edges: 0.24306345346834834
$\delta < 1.25$-Edges: 0.5027426102062842
$\delta < 1.25^2$-Edges: 0.7681150567540516
$\delta < 1.25^3$-Edges: 0.888722113398301
MAE-Edges: 6.0912321679480375
InvMAE-Edges: 28.419489774107934
InvRMSE-Edges: 39.44981221318245
LogMAE-Edges: 31.20319832265377
LogSI-Edges: 40.05418198194583
Chamfer-Edges: 3.63182935788639
F-Score-Edges: 7.5327073166519405
IoU-Edges: 4.219988203495741
F-Score-20-Edges: 15.710579319298267
IoU-20-Edges: 9.210506438463927
DirAcc-Edges: 69.49856582125604
Dir (-)-Edges: 4.667089586117108
Dir (+)-Edges: 25.83434459262686
EdgeAcc-Edges: 3.8257009923603924
EdgeComp-Edges: 44.96571102898759
