Ratio: 1.9161563181877137
AbsRel: 30.722930264282226
SqRel: 18.57996993818283
RMSE: 1.5425501648068427
LogRMSE: 41.710408542633054
$\delta < 1.05$: 0.12100027791913967
$\delta < 1.1$: 0.2349606707512975
$\delta < 1.25$: 0.508052040052838
$\delta < 1.25^2$: 0.7771048040670601
$\delta < 1.25^3$: 0.8790201486215772
MAE: 0.9692733309745789
InvMAE: 125.13228702087402
InvRMSE: 160.45961737060546
LogMAE: 31.192796797180176
LogSI: 40.92152854117325
