Ratio: 0.2976578966608097
AbsRel: 25.423118661117552
SqRel: 13.000721487665176
RMSE: 1.5459031655192375
LogRMSE: 39.2706434879303
$\delta < 1.05$: 0.14422125983963643
$\delta < 1.1$: 0.2748590546287012
$\delta < 1.25$: 0.5865578800134311
$\delta < 1.25^2$: 0.8270328695971654
$\delta < 1.25^3$: 0.8924362590780854
MAE: 0.8841197133898735
InvMAE: 130.66997768859864
InvRMSE: 400.8791847854614
LogMAE: 28.048700855636596
LogSI: 38.60626041802528
