MAE: 1.3260289068307196
RMSE: 3.2559697458148005
InvMAE: 4.918333527360644
InvRMSE: 8.041975714819772
LogMAE: 6.365588752882821
LogRMSE: 10.689915115152086
LogSI: 9.824395695141266
AbsRel: 6.784499343803951
SqRel: 2.4741021888809547
ChamferDist: 0.5192899862144674
F-Score: 52.89751665111099
IoU: 37.28890540412494
F-Score-20: 71.64378232274737
IoU-20: 57.083387447765894
