MAE: 2.0399915806354922
RMSE: 4.355712737590989
InvMAE: 7.9466056216713845
InvRMSE: 12.149153236596863
LogMAE: 10.181407592047943
LogRMSE: 15.79957515842344
LogSI: 14.735891530381801
AbsRel: 10.319604713126926
SqRel: 3.5458428799374704
ChamferDist: 0.804591566324234
F-Score: 44.168482350265506
IoU: 29.234313820882992
F-Score-20: 62.44380516362337
IoU-20: 46.47174163281552
