AbsRel: 0.12231490920315172
SqRel: 0.9554085072391858
RMSE: 5.1172297353210885
LogRMSE: 0.21544031097608454
$\delta < 1.25$: 0.8429593610055548
$\delta < 1.25^2$: 0.9452516915647786
$\delta < 1.25^3$: 0.9752885973210127
ChamferDist: 0.9708104240928525
F-Score: 22.808332827204097
IoU: 13.023564829716895
F-Score-20: 48.84580463316382
IoU-20: 32.691119583299546
