MAE: 1.067268738916942
RMSE: 2.622710471366133
InvMAE: 4.17322400706155
InvRMSE: 6.496995787790843
LogMAE: 5.280868499449321
LogRMSE: 8.660359881264823
LogSI: 7.74982064783784
AbsRel: 5.598091881445476
SqRel: 1.7316162393135683
ChamferDist: 0.44033650438700406
F-Score: 57.7432190210186
IoU: 42.126342572124145
F-Score-20: 75.74178145735924
IoU-20: 62.468052554106606
