AbsRel: 0.10251331037522389
SqRel: 0.752585372760614
RMSE: 4.550750298257196
LogRMSE: 0.189165460424153
$\delta < 1.25$: 0.8826460055270778
$\delta < 1.25^2$: 0.9604220744012666
$\delta < 1.25^3$: 0.9808737122836294
ChamferDist: 0.8242280466570232
F-Score: 26.42666482993828
IoU: 15.427327474870504
F-Score-20: 53.32810795700533
IoU-20: 36.78392461724739
