MAE: 1.6662852549754037
RMSE: 3.675686635214127
InvMAE: 6.117263099715753
InvRMSE: 9.171985488362107
LogMAE: 8.03770645301035
LogRMSE: 12.466006113707653
LogSI: 11.36774475686164
AbsRel: 8.25453825121277
SqRel: 2.2980371090623497
ChamferDist: 0.6735953688621521
F-Score: 49.4139461172916
IoU: 33.97140362614228
F-Score-20: 66.45262256804054
IoU-20: 51.0434929753648
