MAE: 1.0571464634580272
RMSE: 2.597581619960921
InvMAE: 4.098218167849949
InvRMSE: 6.36029563495091
LogMAE: 5.222112784726279
LogRMSE: 8.54839328118733
LogSI: 7.764709744246406
AbsRel: 5.489819155420576
SqRel: 1.607922621332109
ChamferDist: 0.42957111733300346
F-Score: 56.421308690075364
IoU: 40.6735596325621
F-Score-20: 75.97973891479629
IoU-20: 62.492263489280425
