AbsRel: 0.10019169413782603
SqRel: 0.766223269339699
RMSE: 4.543492741016951
LogRMSE: 0.1882264119021092
$\delta < 1.25$: 0.8862858605507684
$\delta < 1.25^2$: 0.9600944142584726
$\delta < 1.25^3$: 0.9806432000720049
ChamferDist: 0.8195020528229614
F-Score: 27.114117978122007
IoU: 15.847293376922607
F-Score-20: 53.98210396075694
IoU-20: 37.374824542397235
