MAE: 1.6408141669503018
RMSE: 3.6369169114009003
InvMAE: 6.006468719317138
InvRMSE: 8.963943112847264
LogMAE: 7.886421738226721
LogRMSE: 12.272487054573247
LogSI: 11.335563125530731
AbsRel: 8.068549256383276
SqRel: 2.1353382938798586
ChamferDist: 0.6631070053650557
F-Score: 49.47725398792811
IoU: 34.046847485600075
F-Score-20: 67.15336299600777
IoU-20: 51.742093864394114
