MAE: 1.5505406949783396
RMSE: 3.5332466690269717
InvMAE: 5.651478241923397
InvRMSE: 8.490070662249817
LogMAE: 7.397352993488312
LogRMSE: 11.680603428852338
LogSI: 10.786838798132077
AbsRel: 7.498956012945234
SqRel: 1.8499215886088236
ChamferDist: 0.633167083483715
F-Score: 51.26950777939127
IoU: 35.63025701795619
F-Score-20: 68.24917359915247
IoU-20: 53.070121326878024
