AbsRel: 0.09705556618581543
SqRel: 0.7068661651660927
RMSE: 4.4636992472658195
LogRMSE: 0.1862788953507049
$\delta < 1.25$: 0.8909517522384862
$\delta < 1.25^2$: 0.9611422254868203
$\delta < 1.25^3$: 0.9811737884989039
ChamferDist: 0.7919679613332324
F-Score: 27.104403414548383
IoU: 15.868797444886765
F-Score-20: 54.6121965877637
IoU-20: 38.002656634603035
