MAE: 0.9913726588870798
RMSE: 2.474678991649832
InvMAE: 3.946353657756533
InvRMSE: 6.140467095204762
LogMAE: 4.931442112071173
LogRMSE: 8.065624914850508
LogSI: 7.2823461471193855
AbsRel: 5.186843921457018
SqRel: 1.3802337717052018
ChamferDist: 0.41956711967076576
F-Score: 58.103482928776316
IoU: 42.48244761517804
F-Score-20: 76.48393504728163
IoU-20: 63.28535468619849
