MAE: 1.6559446080604945
RMSE: 3.6661914456292894
InvMAE: 6.10108873961162
InvRMSE: 9.094045230947389
LogMAE: 7.997479791290189
LogRMSE: 12.396080954674563
LogSI: 11.390491851725715
AbsRel: 8.232956072669818
SqRel: 2.294895869914008
ChamferDist: 0.6753624271075784
F-Score: 49.28324010556827
IoU: 33.86769061764142
F-Score-20: 66.6143042829139
IoU-20: 51.22910900020892
