AbsRel: 0.10106334404504111
SqRel: 0.7611651963031874
RMSE: 4.534919308111007
LogRMSE: 0.18848069611845947
$\delta < 1.25$: 0.8857369019336724
$\delta < 1.25^2$: 0.9602381465706327
$\delta < 1.25^3$: 0.9806363561816356
ChamferDist: 0.8200296512464198
F-Score: 26.96620154586037
IoU: 15.761399312717158
F-Score-20: 53.9102955110788
IoU-20: 37.314162080565005
