MAE: 1.0577559926680156
RMSE: 2.5835329196282797
InvMAE: 4.189927862031119
InvRMSE: 6.452456322908401
LogMAE: 5.274069906643459
LogRMSE: 8.574152289118086
LogSI: 7.6386222952299745
AbsRel: 5.580631733281272
SqRel: 1.65762129973088
ChamferDist: 0.4358129921555519
F-Score: 56.81109787150918
IoU: 41.22298528910981
F-Score-20: 75.4836178949156
IoU-20: 62.094621087153044
