MAE: 1.5931238756497945
RMSE: 3.629642186537842
InvMAE: 5.888730593985575
InvRMSE: 8.806955168949315
LogMAE: 7.643447233489686
LogRMSE: 12.077153838485296
LogSI: 11.198401219968149
AbsRel: 7.71677816316394
SqRel: 2.040245164505726
ChamferDist: 0.6500781754865969
F-Score: 50.230332149866896
IoU: 34.69380215717697
F-Score-20: 67.7973028783418
IoU-20: 52.49657490707797
