MAE: 1.048043218531779
RMSE: 2.616739758508546
InvMAE: 4.136067223719188
InvRMSE: 6.461254308223724
LogMAE: 5.199735197680337
LogRMSE: 8.578620327540806
LogSI: 7.793188094553838
AbsRel: 5.461051399878093
SqRel: 1.5370205450377294
ChamferDist: 0.432041886895895
F-Score: 56.71886404052377
IoU: 41.15398877519582
F-Score-20: 75.61101478040219
IoU-20: 62.19626525410584
