AbsRel: 0.09825829661837439
SqRel: 0.7491801098908379
RMSE: 4.536207941204438
LogRMSE: 0.188748846624255
$\delta < 1.25$: 0.8886902049461234
$\delta < 1.25^2$: 0.9595280629629078
$\delta < 1.25^3$: 0.9803990034255965
ChamferDist: 0.8141718907455461
F-Score: 27.416680962445916
IoU: 16.073298194829157
F-Score-20: 54.49534675183905
IoU-20: 37.87488527281726
