Ratio: 0.035285093298873006
AbsRel: 22.53610789680481
SqRel: 15.407683131456375
RMSE: 28.080508941173555
LogRMSE: 115.70161725234985
$\delta < 1.05$: 0.18983466297755872
$\delta < 1.1$: 0.35751785839900696
$\delta < 1.25$: 0.6777063764590381
$\delta < 1.25^2$: 0.8693596999376614
$\delta < 1.25^3$: 0.92983208448061
MAE: 11.58952068901062
InvMAE: 13677.721120966911
InvRMSE: 87650.05349300861
LogMAE: 37.284883917808536
LogSI: 113.92454724060201
Chamfer: 2.969045573301726
F-Score: 8.530297459602355
IoU: 4.531457898914814
F-Score-20: 24.37588640451431
IoU-20: 14.161956584453582
