Ratio: 39.678386095046996
AbsRel: 24.56133630180359
SqRel: 14.322600843906402
RMSE: 20.042698652267458
LogRMSE: 34.846594264984134
$\delta < 1.05$: 0.15074176717936033
$\delta < 1.1$: 0.2820770639906096
$\delta < 1.25$: 0.569208607704946
$\delta < 1.25^2$: 0.8299173293942267
$\delta < 1.25^3$: 0.9354685466748413
MAE: 9.854288849830628
InvMAE: 12.940473748207092
InvRMSE: 18.86328724861145
LogMAE: 25.753739993095397
LogSI: 33.86454450566814
Chamfer: 3.588142665516825
F-Score: 5.772460721671581
IoU: 3.016537994131446
F-Score-20: 17.3338898011446
IoU-20: 9.732458134651184
