Ratio: 36.338473717728
AbsRel: 53.60631960282946
SqRel: 401.7864067666734
RMSE: 9.08190442828854
LogRMSE: 52.890165653998544
$\delta < 1.05$: 0.12013121240796325
$\delta < 1.1$: 0.22914886869110057
$\delta < 1.25$: 0.4751347188985603
$\delta < 1.25^2$: 0.7249627477021489
$\delta < 1.25^3$: 0.8394194199929899
MAE: 5.772731053454994
InvMAE: 44.96068238517094
InvRMSE: 98.08969975266221
LogMAE: 37.80939253135647
LogSI: 50.2539192687934
