Ratio: 0.03320909755372622
AbsRel: 39.073156309769296
SqRel: 120.70962911844254
RMSE: 9.680147669908711
LogRMSE: 55.8208302703139
$\delta < 1.05$: 0.1209892039294724
$\delta < 1.1$: 0.23053704871132033
$\delta < 1.25$: 0.4675530150966739
$\delta < 1.25^2$: 0.6967591674693709
$\delta < 1.25^3$: 0.8187264045073718
MAE: 6.008617988883647
InvMAE: 1054.6436396340084
InvRMSE: 7344.9787507399315
LogMAE: 39.95621155409535
LogSI: 52.586819423317195
