Ratio: 0.04061963528972657
AbsRel: 18.7768188725985
SqRel: 9.827319991680293
RMSE: 1.0519964882731438
LogRMSE: 26.073249844771166
$\delta < 1.05$: 0.21643439565882663
$\delta < 1.1$: 0.3925732279187513
$\delta < 1.25$: 0.7134397608180666
$\delta < 1.25^2$: 0.90687365162509
$\delta < 1.25^3$: 0.9614981760791387
MAE: 0.6918949125363276
InvMAE: 125.57826838933505
InvRMSE: 598.8466013116102
LogMAE: 19.542769790062536
LogSI: 25.713010119303373
