Ratio: 10.986035775771509
AbsRel: 27.806977556668794
SqRel: 17.909170135351328
RMSE: 1.3923449928256182
LogRMSE: 35.412000509408806
$\delta < 1.05$: 0.1380732010523725
$\delta < 1.1$: 0.2634151462232766
$\delta < 1.25$: 0.5454750370784286
$\delta < 1.25^2$: 0.8159800394762841
$\delta < 1.25^3$: 0.9249016945222939
MAE: 0.9816868198376435
InvMAE: 126.53853247129
InvRMSE: 168.80349293048565
LogMAE: 27.48295062138484
LogSI: 34.21457479057417
