Ratio: 0.03957904149220682
AbsRel: 6.227314246382032
SqRel: 2.1581565046629736
RMSE: 3.506871805829661
LogRMSE: 10.677146660259792
$\delta < 1.05$: 0.6428053548127811
$\delta < 1.1$: 0.8440092719680738
$\delta < 1.25$: 0.954016191513033
$\delta < 1.25^2$: 0.9872499869709895
$\delta < 1.25^3$: 0.9946869364392574
MAE: 1.3939332178447927
InvMAE: 17.990612463099616
InvRMSE: 146.53034251008714
LogMAE: 6.188658136299678
LogSI: 10.621855293517633
Chamfer: 0.5883216882521402
F-Score: 57.36266970498221
IoU: 41.33466920580183
F-Score-20: 74.1370884513855
IoU-20: 59.9790728024074
