Ratio: 26.330438248218933
AbsRel: 8.942937594615609
SqRel: 2.53406960220059
RMSE: 4.048138350431173
LogRMSE: 13.593313653044905
$\delta < 1.05$: 0.4520366735919952
$\delta < 1.1$: 0.6998716227545626
$\delta < 1.25$: 0.9130487585430903
$\delta < 1.25^2$: 0.9821476444743615
$\delta < 1.25^3$: 0.9951860507174718
MAE: 1.8516087338694034
InvMAE: 6.9677116190728965
InvRMSE: 10.149873993879448
LogMAE: 8.989885824223968
LogSI: 13.110857191954311
Chamfer: 0.7176841705557807
F-Score: 45.35879445176549
IoU: 30.562399749055597
F-Score-20: 65.36900175714786
IoU-20: 49.81385259247996
