Ratio: 0.038762117169637386
AbsRel: 8.346707828205787
SqRel: 2.2328119827834376
RMSE: 4.049788656958773
LogRMSE: 13.380657201895685
$\delta < 1.05$: 0.4917276107237198
$\delta < 1.1$: 0.7279453666909387
$\delta < 1.25$: 0.9207535325258278
$\delta < 1.25^2$: 0.9833471496991082
$\delta < 1.25^3$: 0.9956061804977282
MAE: 1.780888069169653
InvMAE: 38.44783176271462
InvRMSE: 532.3647586959271
LogMAE: 8.438048381015568
LogSI: 13.322119243359584
Chamfer: 0.7083837718290041
F-Score: 48.18585861314294
IoU: 32.83305584726158
F-Score-20: 67.07047650272861
IoU-20: 51.521896966395936
