Ratio: 25.872494614464895
AbsRel: 6.9730376025608605
SqRel: 3.925275368477617
RMSE: 3.5898313474229404
LogRMSE: 11.046338671275548
$\delta < 1.05$: 0.6139814195607401
$\delta < 1.1$: 0.8266090717514919
$\delta < 1.25$: 0.9502348371958756
$\delta < 1.25^2$: 0.986569682240723
$\delta < 1.25^3$: 0.9938709093039106
MAE: 1.4608595380187035
InvMAE: 4.890980378559657
InvRMSE: 7.763137351444789
LogMAE: 6.6289056536129545
LogSI: 10.736833713775997
Chamfer: 0.5761189650111429
F-Score: 55.30227628477982
IoU: 39.49725730346782
F-Score-20: 73.0038580765043
IoU-20: 58.79092034339905
