Ratio: 0.017316629795837892
AbsRel: 27.826653490536568
SqRel: 15.613268963724375
RMSE: 11.935606637597084
LogRMSE: 41.46368973255157
$\delta < 1.05$: 0.139813079375097
$\delta < 1.1$: 0.2614204854336492
$\delta < 1.25$: 0.5263263151560668
$\delta < 1.25^2$: 0.7822466031505655
$\delta < 1.25^3$: 0.8936737255473922
MAE: 7.932124521404504
InvMAE: 599.5354027386085
InvRMSE: 4551.7665646588575
LogMAE: 30.47101351261139
LogSI: 40.47569711947879
Chamfer: 5.509461890323205
F-Score: 7.978037751746364
IoU: 4.415023531185463
F-Score-20: 15.028254898376764
IoU-20: 8.814123608451336
