Ratio: 75.6966805319786
AbsRel: 33.600813554763796
SqRel: 28.887442118287087
RMSE: 12.566138632416726
LogRMSE: 42.141202513694765
$\delta < 1.05$: 0.12309380521633236
$\delta < 1.1$: 0.23451857733912568
$\delta < 1.25$: 0.4923078878059033
$\delta < 1.25^2$: 0.7491870546456727
$\delta < 1.25^3$: 0.8740889652817241
MAE: 8.611493337213993
InvMAE: 21.05460408091545
InvRMSE: 28.118297353744506
LogMAE: 32.49705298995972
LogSI: 40.21221875607088
Chamfer: 4.607303143750099
F-Score: 8.518909697055816
IoU: 4.703774557702244
F-Score-20: 16.392218902766704
IoU-20: 9.613128158003091
