Ratio: 6.808349919610796
AbsRel: 27.34399962498143
SqRel: 15.665284203280002
RMSE: 0.9490933356071831
LogRMSE: 32.040657040540594
$\delta < 1.05$: 0.13309050916098017
$\delta < 1.1$: 0.2552815299031703
$\delta < 1.25$: 0.5455875287402293
$\delta < 1.25^2$: 0.8338570541495661
$\delta < 1.25^3$: 0.9456446887235748
MAE: 0.709035210881029
InvMAE: 114.07572165322959
InvRMSE: 150.8977458382236
LogMAE: 25.620575882972926
LogSI: 30.711801484550254
