Ratio: 0.1244355736144711
AbsRel: 22.423879983592837
SqRel: 10.84694310403016
RMSE: 0.9285804465618155
LogRMSE: 28.44007796905821
$\delta < 1.05$: 0.15511009481968263
$\delta < 1.1$: 0.2974512531355308
$\delta < 1.25$: 0.6021419290462448
$\delta < 1.25^2$: 0.867119588068677
$\delta < 1.25^3$: 0.9626063529495013
MAE: 0.6476200906736406
InvMAE: 126.74434694529309
InvRMSE: 871.0180205598883
LogMAE: 22.83629576438064
LogSI: 28.099931387950658
