Ratio: 20.477914335853175
AbsRel: 53.5002736090473
SqRel: 135.05869617775866
RMSE: 7.140359462134576
LogRMSE: 65.3109257164184
$\delta < 1.05$: 0.09717556425057114
$\delta < 1.1$: 0.18710822583202139
$\delta < 1.25$: 0.39496853895101625
$\delta < 1.25^2$: 0.6460891241226043
$\delta < 1.25^3$: 0.7747452182100427
MAE: 4.006925466193252
InvMAE: 256.4480769976189
InvRMSE: 342.5216497222202
LogMAE: 48.465424092534626
LogSI: 60.852600944613236
Chamfer: 3.0090603204069404
F-Score: 29.22037116142801
IoU: 20.642133656391902
F-Score-20: 43.95977971804591
IoU-20: 34.240701507675375
