Ratio: 0.09747616691827231
AbsRel: 40.94178506814692
SqRel: 69.06366451947135
RMSE: 7.610805522112185
LogRMSE: 71.60476331710815
$\delta < 1.05$: 0.11412876587653491
$\delta < 1.1$: 0.20899973347038603
$\delta < 1.25$: 0.42563849270959836
$\delta < 1.25^2$: 0.6558058755049242
$\delta < 1.25^3$: 0.7852832040389508
MAE: 3.99940332800649
InvMAE: 4410.236132947024
InvRMSE: 21695.33675193841
LogMAE: 49.17098362502869
LogSI: 68.3260182332742
Chamfer: 3.075287019529463
F-Score: 28.897594641076967
IoU: 21.969868639376323
F-Score-20: 42.05109448827832
IoU-20: 33.097289382676266
