Ratio: 0.03261934115507684
AbsRel: 23.835995925664903
SqRel: 15.45311162762344
RMSE: 8.347733639627695
LogRMSE: 37.603089562654496
$\delta < 1.05$: 0.16798541052547697
$\delta < 1.1$: 0.32045993463009526
$\delta < 1.25$: 0.625184811275395
$\delta < 1.25^2$: 0.8488498282347366
$\delta < 1.25^3$: 0.9257347468960296
MAE: 4.688157094232738
InvMAE: 406.92300382137296
InvRMSE: 5645.982559762597
LogMAE: 25.00204541325569
LogSI: 37.052820572600744
Chamfer: 2.629636980824009
F-Score: 13.020920163020492
IoU: 7.1478734008967875
F-Score-20: 25.8910514909029
IoU-20: 15.620465981960297
Ratio-Edges: 0.027398791665158594
AbsRel-Edges: 29.26786526978016
SqRel-Edges: 19.31206898264587
RMSE-Edges: 9.65537192825228
LogRMSE-Edges: 41.94243878364563
$\delta < 1.05$-Edges: 0.12955371105028723
$\delta < 1.1$-Edges: 0.24583988948537822
$\delta < 1.25$-Edges: 0.5113208971354513
$\delta < 1.25^2$-Edges: 0.7757704467394198
$\delta < 1.25^3$-Edges: 0.8898509529612949
MAE-Edges: 6.106280119419098
InvMAE-Edges: 298.66735484182834
InvRMSE-Edges: 2645.614078913927
LogMAE-Edges: 30.82032716333866
LogSI-Edges: 41.06057873291382
Chamfer-Edges: 4.121487298497053
F-Score-Edges: 6.942364800423384
IoU-Edges: 3.917609222941101
F-Score-20-Edges: 14.593050754591822
IoU-20-Edges: 8.509861685074865
DirAcc-Edges: 73.49027285263988
Dir (-)-Edges: 6.369143903964093
Dir (+)-Edges: 20.14058324339603
EdgeAcc-Edges: 3.624616684804646
EdgeComp-Edges: 49.343961520243276
