Ratio: 33.193538190780146
AbsRel: 30.84067253481957
SqRel: 39.1332790801602
RMSE: 9.401147828909659
LogRMSE: 36.88971632188366
$\delta < 1.05$: 0.1514681639778877
$\delta < 1.1$: 0.28546296786169
$\delta < 1.25$: 0.5759851580296089
$\delta < 1.25^2$: 0.8177652358262861
$\delta < 1.25^3$: 0.9125045191746903
MAE: 5.499324619385504
InvMAE: 28.988381980465306
InvRMSE: 42.44315890404486
LogMAE: 27.558410490712813
LogSI: 35.64792575495651
Chamfer: 2.8441026518552692
F-Score: 12.252583181704244
IoU: 6.741802867324122
F-Score-20: 24.65815677073694
IoU-20: 14.810075754657868
Ratio-Edges: 36.623171810698665
AbsRel-Edges: 39.39070232132681
SqRel-Edges: 66.86971557076315
RMSE-Edges: 11.32195685175704
LogRMSE-Edges: 43.723700445150236
$\delta < 1.05$-Edges: 0.13050145487688494
$\delta < 1.1$-Edges: 0.23961061068728307
$\delta < 1.25$-Edges: 0.4845618828404327
$\delta < 1.25^2$-Edges: 0.7467091619581029
$\delta < 1.25^3$-Edges: 0.8705222749546256
MAE-Edges: 7.360768753368091
InvMAE-Edges: 28.47110846562713
InvRMSE-Edges: 42.645293794737924
LogMAE-Edges: 33.10427037064546
LogSI-Edges: 42.2708840391548
Chamfer-Edges: 4.321996636716351
F-Score-Edges: 7.254722031113369
IoU-Edges: 4.3497466326344245
F-Score-20-Edges: 14.387928127891877
IoU-20-Edges: 8.772520133560779
DirAcc-Edges: 65.2374526688509
Dir (-)-Edges: 2.945568086875458
Dir (+)-Edges: 31.81697924427363
EdgeAcc-Edges: 3.710921282846264
EdgeComp-Edges: 35.040931943412836
