Ratio: 29.921805889606475
AbsRel: 27.867580959796907
SqRel: 23.618735755085947
RMSE: 8.168389589488505
LogRMSE: 35.59338293075562
$\delta < 1.05$: 0.14633297427584488
$\delta < 1.1$: 0.2783216064765348
$\delta < 1.25$: 0.5659468593779157
$\delta < 1.25^2$: 0.8238573462869206
$\delta < 1.25^3$: 0.9227433906076328
MAE: 4.820552661828697
InvMAE: 26.689269270300866
InvRMSE: 35.76851517677307
LogMAE: 26.77915250301361
LogSI: 34.541580601176285
Chamfer: 2.6808211190284426
F-Score: 11.84259453162551
IoU: 6.470098052322864
F-Score-20: 23.570938999056818
IoU-20: 13.990961214601993
Ratio-Edges: 32.74386852264404
AbsRel-Edges: 33.98629223823547
SqRel-Edges: 33.025974180921914
RMSE-Edges: 9.536154721677303
LogRMSE-Edges: 41.94345914244652
$\delta < 1.05$-Edges: 0.12419112353642436
$\delta < 1.1$-Edges: 0.23479843267225586
$\delta < 1.25$-Edges: 0.4877560215826386
$\delta < 1.25^2$-Edges: 0.7586408923112589
$\delta < 1.25^3$-Edges: 0.8828463049021313
MAE-Edges: 6.221247680932283
InvMAE-Edges: 29.120646458268165
InvRMSE-Edges: 40.238429760932924
LogMAE-Edges: 31.92347921013832
LogSI-Edges: 40.61716465662216
Chamfer-Edges: 3.6644497405706726
F-Score-Edges: 7.160659131407738
IoU-Edges: 3.969831579718739
F-Score-20-Edges: 15.633155354857445
IoU-20-Edges: 9.115586535334588
DirAcc-Edges: 69.22430951707953
Dir (-)-Edges: 4.403361834892246
Dir (+)-Edges: 26.372328648028233
EdgeAcc-Edges: 3.475722895363298
EdgeComp-Edges: 33.39808201835369
