Ratio: 0.03645783344669051
AbsRel: 26.190651203278573
SqRel: 27.05274248649997
RMSE: 10.065851755709417
LogRMSE: 52.828168429713095
$\delta < 1.05$: 0.17120920342939613
$\delta < 1.1$: 0.3225883596419562
$\delta < 1.25$: 0.6180686323047707
$\delta < 1.25^2$: 0.8281852482110935
$\delta < 1.25^3$: 0.9103329989340889
MAE: 5.571833541335598
InvMAE: 3341.228588710908
InvRMSE: 23312.585484307812
LogMAE: 29.52197537145307
LogSI: 51.74605395276153
Chamfer: 2.542453787440487
F-Score: 14.582104616395888
IoU: 8.235573220675992
F-Score-20: 28.684604196240826
IoU-20: 17.861573772430418
Ratio-Edges: 0.03495466352157705
AbsRel-Edges: 31.45666140356874
SqRel-Edges: 29.21842527557043
RMSE-Edges: 11.019601208361145
LogRMSE-Edges: 47.72868856760412
$\delta < 1.05$-Edges: 0.13322023816450843
$\delta < 1.1$-Edges: 0.25136651945486366
$\delta < 1.25$-Edges: 0.49978254059602834
$\delta < 1.25^2$-Edges: 0.7511125954332682
$\delta < 1.25^3$-Edges: 0.8761910658125801
MAE-Edges: 7.043748752373496
InvMAE-Edges: 1175.0457875382667
InvRMSE-Edges: 8832.625109401442
LogMAE-Edges: 33.16036219596863
LogSI-Edges: 46.53036056304183
Chamfer-Edges: 4.5333235620756
F-Score-Edges: 7.505686219124233
IoU-Edges: 4.361398635950743
F-Score-20-Edges: 15.388078090645909
IoU-20-Edges: 9.473384423076716
DirAcc-Edges: 68.77278859488656
Dir (-)-Edges: 4.807860839199832
Dir (+)-Edges: 26.4193505659136
EdgeAcc-Edges: 3.7438718596401017
EdgeComp-Edges: 40.2197996244084
