Ratio: 6.860877590370178
AbsRel: 29.095276944351195
SqRel: 16.177357873630523
RMSE: 1.5389994518756867
LogRMSE: 41.11547880744934
$\delta < 1.05$: 0.13473794593989816
$\delta < 1.1$: 0.2554866210783048
$\delta < 1.25$: 0.5259699517643688
$\delta < 1.25^2$: 0.7825492106023672
$\delta < 1.25^3$: 0.8832915274078365
MAE: 0.9358409166753292
InvMAE: 124.69895686340332
InvRMSE: 158.6682756515503
LogMAE: 30.403053378295898
LogSI: 40.163342888992105
