Ratio: 0.09529584800724433
AbsRel: 24.407641223526
SqRel: 13.741986600470543
RMSE: 1.551488151818514
LogRMSE: 38.53322165145874
$\delta < 1.05$: 0.1544679111312348
$\delta < 1.1$: 0.2931336699444951
$\delta < 1.25$: 0.602607333285073
$\delta < 1.25^2$: 0.8388558762642108
$\delta < 1.25^3$: 0.8959196632202926
MAE: 0.8649999830305576
InvMAE: 138.93077500915527
InvRMSE: 716.8872355560303
LogMAE: 27.10818797645569
LogSI: 37.9287300805614
