Ratio: 24.990246196746828
AbsRel: 25.016902460098265
SqRel: 14.669161309719085
RMSE: 19.065974827766418
LogRMSE: 34.69436634635925
$\delta < 1.05$: 0.1384428397542207
$\delta < 1.1$: 0.2640965879692023
$\delta < 1.25$: 0.5489404815111447
$\delta < 1.25^2$: 0.834798100088079
$\delta < 1.25^3$: 0.9367952874208777
MAE: 9.605030082702637
InvMAE: 13.495772268772125
InvRMSE: 19.690749596595765
LogMAE: 26.112211920738222
LogSI: 33.83773431099659
Chamfer: 3.248199850786609
F-Score: 5.228729469105601
IoU: 2.7372032064422966
F-Score-20: 15.466850822925567
IoU-20: 8.658701171457768
