Ratio: 0.05750403506295086
AbsRel: 23.677089730262757
SqRel: 17.174199254989624
RMSE: 30.557988867759704
LogRMSE: 141.15545634078978
$\delta < 1.05$: 0.17792381547252534
$\delta < 1.1$: 0.33964351465381354
$\delta < 1.25$: 0.6738833923190646
$\delta < 1.25^2$: 0.8629614532269128
$\delta < 1.25^3$: 0.9209406726255819
MAE: 12.47335074019432
InvMAE: 17647.738741253375
InvRMSE: 112051.26555782699
LogMAE: 42.3576038608551
LogSI: 139.12483806746104
Chamfer: 3.1619330842762854
F-Score: 7.875615249395371
IoU: 4.174402809739113
F-Score-20: 22.870337815284728
IoU-20: 13.19165262246132
