Ratio: 24.114165102954402
AbsRel: 54.82547568633417
SqRel: 437.51716831179476
RMSE: 9.106842397307066
LogRMSE: 52.429407464014574
$\delta < 1.05$: 0.12688322895410367
$\delta < 1.1$: 0.23980373378019812
$\delta < 1.25$: 0.4867896061193975
$\delta < 1.25^2$: 0.7266396028363272
$\delta < 1.25^3$: 0.840867806825632
MAE: 5.788558465215657
InvMAE: 43.83004620898465
InvRMSE: 97.46159734533506
LogMAE: 37.323031134669556
LogSI: 49.92724042348921
