Ratio: 7.111719451317421
AbsRel: 27.864541232769305
SqRel: 18.28476289639106
RMSE: 1.4088740715613732
LogRMSE: 35.32999638484075
$\delta < 1.05$: 0.14089900659270482
$\delta < 1.1$: 0.2683903211410183
$\delta < 1.25$: 0.5509011897702465
$\delta < 1.25^2$: 0.8203341990032263
$\delta < 1.25^3$: 0.9254597812231401
MAE: 0.98210615921479
InvMAE: 123.81424069331243
InvRMSE: 165.56866578909066
LogMAE: 27.233710746765137
LogSI: 34.118118017110355
