Ratio: 0.05135037473898761
AbsRel: 38.80830110028186
SqRel: 115.25351279252313
RMSE: 9.517765335437963
LogRMSE: 54.29789327612907
$\delta < 1.05$: 0.12162872508294391
$\delta < 1.1$: 0.23339353839874186
$\delta < 1.25$: 0.4716691297725763
$\delta < 1.25^2$: 0.7000863169167146
$\delta < 1.25^3$: 0.8211412461798072
MAE: 5.917232212998942
InvMAE: 740.6464244763413
InvRMSE: 5600.746735171887
LogMAE: 39.3443802825004
LogSI: 51.15462715012411
