Ratio: 0.05680949572358779
AbsRel: 18.919556147502018
SqRel: 10.72675598502159
RMSE: 1.058151401418906
LogRMSE: 26.227264954493595
$\delta < 1.05$: 0.2142454219957502
$\delta < 1.1$: 0.39018314755510375
$\delta < 1.25$: 0.7091888254659111
$\delta < 1.25^2$: 0.9067820415866356
$\delta < 1.25^3$: 0.9617320901887486
MAE: 0.6862728173686908
InvMAE: 146.76344808285052
InvRMSE: 696.6026952963609
LogMAE: 19.68186604793255
LogSI: 25.856594244213035
