Ratio: 17.562302305654516
AbsRel: 8.81630752386491
SqRel: 2.4015395772054884
RMSE: 3.9821718128546615
LogRMSE: 13.407000923449276
$\delta < 1.05$: 0.46429590528511516
$\delta < 1.1$: 0.7063362018047773
$\delta < 1.25$: 0.9161861958026283
$\delta < 1.25^2$: 0.9830140648400583
$\delta < 1.25^3$: 0.9953016949814941
MAE: 1.8278750811069289
InvMAE: 6.758987604840401
InvRMSE: 9.959961240642642
LogMAE: 8.807225709312533
LogSI: 12.905462769507551
Chamfer: 0.6981976440843639
F-Score: 46.30646444683426
IoU: 31.22350764695121
F-Score-20: 65.77540305567665
IoU-20: 50.09185487872984
