Ratio: 0.058280913472461005
AbsRel: 8.211865596610345
SqRel: 2.2010157744577326
RMSE: 4.061885311376829
LogRMSE: 13.344689176857838
$\delta < 1.05$: 0.5067105154552507
$\delta < 1.1$: 0.7372181432788524
$\delta < 1.25$: 0.92267911778916
$\delta < 1.25^2$: 0.9837494825866324
$\delta < 1.25^3$: 0.9954607549386738
MAE: 1.769056255100695
InvMAE: 42.333342014646234
InvRMSE: 688.1363841518303
LogMAE: 8.257063416615585
LogSI: 13.289701515775398
Chamfer: 0.6929567092286688
F-Score: 49.35786184357719
IoU: 33.69360182329189
F-Score-20: 67.60496977355582
IoU-20: 51.98416400687095
