Ratio: 0.05877957409841867
AbsRel: 6.608883915288108
SqRel: 2.227302451474326
RMSE: 3.614785626615797
LogRMSE: 11.180896368707929
$\delta < 1.05$: 0.6244413580800205
$\delta < 1.1$: 0.8260314206556372
$\delta < 1.25$: 0.9474070540075633
$\delta < 1.25^2$: 0.9858379804642858
$\delta < 1.25^3$: 0.9944983546244964
MAE: 1.4653367144295149
InvMAE: 15.895318854706629
InvRMSE: 155.24367976801736
LogMAE: 6.560084917545319
LogSI: 11.126231200903836
Chamfer: 0.6041201099354133
F-Score: 55.619399464471
IoU: 39.5662913274765
F-Score-20: 72.59068892342704
IoU-20: 58.032345583779474
