Ratio: 17.285005737713405
AbsRel: 7.441309614522116
SqRel: 4.248795645577567
RMSE: 3.7755701301779068
LogRMSE: 11.626979182107108
$\delta < 1.05$: 0.5861205946865583
$\delta < 1.1$: 0.8084034816460264
$\delta < 1.25$: 0.9453329736175455
$\delta < 1.25^2$: 0.9854493941023288
$\delta < 1.25^3$: 0.993116063388934
MAE: 1.547977317912238
InvMAE: 5.212261136259351
InvRMSE: 8.183375027860913
LogMAE: 7.038723400320325
LogSI: 11.303536883669782
Chamfer: 0.593154864675496
F-Score: 53.1908654495648
IoU: 37.42763516426086
F-Score-20: 71.5317028767722
IoU-20: 56.89438977752413
