Ratio: 46.5927730615139
AbsRel: 35.25046340751648
SqRel: 31.70573577260971
RMSE: 12.835712847709656
LogRMSE: 43.79534759998322
$\delta < 1.05$: 0.12061169186259382
$\delta < 1.1$: 0.22831590753904873
$\delta < 1.25$: 0.4726740371152326
$\delta < 1.25^2$: 0.7309158833257943
$\delta < 1.25^3$: 0.8623609130757947
MAE: 8.883212996780872
InvMAE: 22.165956189751626
InvRMSE: 29.709071159005166
LogMAE: 33.9186033039093
LogSI: 41.88413616815248
Chamfer: 5.001822093830472
F-Score: 7.941309391289949
IoU: 4.371458556570112
F-Score-20: 15.306851090073586
IoU-20: 8.909018387436866
