Ratio: 0.02470142377119325
AbsRel: 28.96219631289756
SqRel: 16.618142591163515
RMSE: 12.264113288581372
LogRMSE: 42.25856728124619
$\delta < 1.05$: 0.13294869858047295
$\delta < 1.1$: 0.2480579097324674
$\delta < 1.25$: 0.5032840379136804
$\delta < 1.25^2$: 0.7666314078335806
$\delta < 1.25^3$: 0.884672775154193
MAE: 8.213702746212482
InvMAE: 578.6012168067471
InvRMSE: 3559.3234349132554
LogMAE: 31.799423912763597
LogSI: 41.163592322455756
Chamfer: 6.300921088516439
F-Score: 6.769698648501188
IoU: 3.7055660693114625
F-Score-20: 13.024522806528548
IoU-20: 7.516287212659313
