Ratio: 0.18919787181296197
AbsRel: 23.151695279900085
SqRel: 12.278542674189314
RMSE: 0.9716369264192355
LogRMSE: 29.22385002057487
$\delta < 1.05$: 0.15385056260088564
$\delta < 1.1$: 0.2923238718754935
$\delta < 1.25$: 0.5912077844231546
$\delta < 1.25^2$: 0.8572184124112667
$\delta < 1.25^3$: 0.9590965710163118
MAE: 0.6733963002168805
InvMAE: 150.51939110070558
InvRMSE: 968.266887705625
LogMAE: 23.475141931382158
LogSI: 28.8763526109888
