Ratio: 4.436038248947272
AbsRel: 29.08642081018617
SqRel: 18.828175834012686
RMSE: 1.011116112317514
LogRMSE: 33.145162993614825
$\delta < 1.05$: 0.13162609705121658
$\delta < 1.1$: 0.2513531751159352
$\delta < 1.25$: 0.5307074672807488
$\delta < 1.25^2$: 0.8179886210740488
$\delta < 1.25^3$: 0.9387332340116129
MAE: 0.7504253764309285
InvMAE: 115.76089379546839
InvRMSE: 153.16997435916818
LogMAE: 26.499638551601212
LogSI: 31.659992474301443
