Ratio: 13.312219200807325
AbsRel: 54.56783376743919
SqRel: 125.32403474711327
RMSE: 7.144253295068251
LogRMSE: 66.44705767129597
$\delta < 1.05$: 0.10066138357163605
$\delta < 1.1$: 0.1891432118242388
$\delta < 1.25$: 0.39206401375236466
$\delta < 1.25^2$: 0.6329929072486573
$\delta < 1.25^3$: 0.7591934089740341
MAE: 3.980521422795702
InvMAE: 265.2284538945798
InvRMSE: 352.4627450338391
LogMAE: 49.42962565193906
LogSI: 62.35226072566466
Chamfer: 3.028894171542183
F-Score: 28.31277352147268
IoU: 19.82138291136785
F-Score-20: 43.05302559684552
IoU-20: 33.19848396599507
