Ratio: 0.14581183264927733
AbsRel: 40.45145999210303
SqRel: 55.72498183758599
RMSE: 7.43792891084221
LogRMSE: 71.61074709036704
$\delta < 1.05$: 0.11512768776740265
$\delta < 1.1$: 0.20938562508834033
$\delta < 1.25$: 0.4197527525122711
$\delta < 1.25^2$: 0.6485181973997904
$\delta < 1.25^3$: 0.7746002075387523
MAE: 3.943692670894439
InvMAE: 4037.6807688553795
InvRMSE: 21062.11124371316
LogMAE: 49.20130622569454
LogSI: 68.24588715177818
Chamfer: 2.9667993285654863
F-Score: 27.56262097297388
IoU: 20.61341312759195
F-Score-20: 40.84235691337637
IoU-20: 32.098125685669444
