Ratio: 0.057020299540835435
AbsRel: 26.01568484552445
SqRel: 26.581908008994596
RMSE: 10.03195087316536
LogRMSE: 53.21062270133726
$\delta < 1.05$: 0.175585738320773
$\delta < 1.1$: 0.32874564267867895
$\delta < 1.25$: 0.6187806573476439
$\delta < 1.25^2$: 0.8273843389346122
$\delta < 1.25^3$: 0.9093740494467943
MAE: 5.57240280766641
InvMAE: 3607.2944493367595
InvRMSE: 23822.0396338469
LogMAE: 29.72036209506373
LogSI: 52.02055202684769
Chamfer: 2.5490304519996583
F-Score: 15.187696230238483
IoU: 8.613869851414234
F-Score-20: 29.470319287700036
IoU-20: 18.457586525178726
Ratio-Edges: 0.05102545933420467
AbsRel-Edges: 31.26998998916227
SqRel-Edges: 28.042272928600607
RMSE-Edges: 10.976205928097754
LogRMSE-Edges: 48.87597931818245
$\delta < 1.05$-Edges: 0.13364924531486175
$\delta < 1.1$-Edges: 0.25063115521217744
$\delta < 1.25$-Edges: 0.49884057585158087
$\delta < 1.25^2$-Edges: 0.7524061465504424
$\delta < 1.25^3$-Edges: 0.8776164647002342
MAE-Edges: 7.011356668495664
InvMAE-Edges: 1287.795810131758
InvRMSE-Edges: 10470.711595165067
LogMAE-Edges: 33.17392420332416
LogSI-Edges: 47.65788890893935
Chamfer-Edges: 4.51347914708604
F-Score-Edges: 7.216108158133388
IoU-Edges: 4.166782808683666
F-Score-20-Edges: 15.231955628496369
IoU-20-Edges: 9.409880834564664
DirAcc-Edges: 69.15649476633769
Dir (-)-Edges: 4.805728432234693
Dir (+)-Edges: 26.037776801427622
EdgeAcc-Edges: 3.9832316834244645
EdgeComp-Edges: 45.56041058432665
