Ratio: 18.553184752464293
AbsRel: 27.839397058486938
SqRel: 20.89018435537815
RMSE: 8.311562088504434
LogRMSE: 35.84594959974289
$\delta < 1.05$: 0.1390872623375713
$\delta < 1.1$: 0.2679557448754516
$\delta < 1.25$: 0.5557416266449268
$\delta < 1.25^2$: 0.8230630418863778
$\delta < 1.25^3$: 0.9225141173888726
MAE: 4.945879270806909
InvMAE: 26.865217910408973
InvRMSE: 35.93797765135765
LogMAE: 27.03760418653488
LogSI: 34.696642745719984
Chamfer: 2.669999903947339
F-Score: 11.703113252669572
IoU: 6.372368858531117
F-Score-20: 23.37959166944027
IoU-20: 13.80470246642828
Ratio-Edges: 20.449648274183275
AbsRel-Edges: 33.78992485880852
SqRel-Edges: 31.01631685614586
RMSE-Edges: 9.459099017120899
LogRMSE-Edges: 41.527224686145786
$\delta < 1.05$-Edges: 0.12341803917797385
$\delta < 1.1$-Edges: 0.23258565074646056
$\delta < 1.25$-Edges: 0.49019975046712105
$\delta < 1.25^2$-Edges: 0.7584408018879908
$\delta < 1.25^3$-Edges: 0.8851207098579834
MAE-Edges: 6.223889858368784
InvMAE-Edges: 28.85333924382925
InvRMSE-Edges: 39.973482707738874
LogMAE-Edges: 31.699403319358826
LogSI-Edges: 40.31014822888047
Chamfer-Edges: 3.571247702108644
F-Score-Edges: 7.123090564385056
IoU-Edges: 3.9214619074948134
F-Score-20-Edges: 15.47611900895834
IoU-20-Edges: 8.998149629086257
DirAcc-Edges: 69.91111357368007
Dir (-)-Edges: 4.462999366156166
Dir (+)-Edges: 25.625887060163773
EdgeAcc-Edges: 3.653812138647867
EdgeComp-Edges: 43.32870729067103
