Ratio: 0.051790056052163205
AbsRel: 23.910635013580322
SqRel: 15.136674084812404
RMSE: 8.536981048360467
LogRMSE: 38.14057972431183
$\delta < 1.05$: 0.16854704249394392
$\delta < 1.1$: 0.3180230122346397
$\delta < 1.25$: 0.6188176095679677
$\delta < 1.25^2$: 0.8469725595245429
$\delta < 1.25^3$: 0.925754731648712
MAE: 4.83417301852256
InvMAE: 460.573950304389
InvRMSE: 5752.928720422387
LogMAE: 25.265322227478027
LogSI: 37.549152619723316
Chamfer: 2.649342023503475
F-Score: 13.572604032158852
IoU: 7.460764295011759
F-Score-20: 26.262693526744844
IoU-20: 15.73719319164753
Ratio-Edges: 0.042953880996245586
AbsRel-Edges: 29.157543238401413
SqRel-Edges: 19.095763452202082
RMSE-Edges: 9.594674233458937
LogRMSE-Edges: 41.637439353466036
$\delta < 1.05$-Edges: 0.12877072991722763
$\delta < 1.1$-Edges: 0.2430877304413783
$\delta < 1.25$-Edges: 0.509679707060946
$\delta < 1.25^2$-Edges: 0.7781492275807872
$\delta < 1.25^3$-Edges: 0.8916473332121992
MAE-Edges: 6.105610435009003
InvMAE-Edges: 268.3462653273344
InvRMSE-Edges: 2512.888892310858
LogMAE-Edges: 30.676001366376877
LogSI-Edges: 40.76269699579477
Chamfer-Edges: 4.077281998737696
F-Score-Edges: 6.807883437499404
IoU-Edges: 3.760307542346418
F-Score-20-Edges: 14.763743896484375
IoU-20-Edges: 8.574660195410251
DirAcc-Edges: 73.21420495426047
Dir (-)-Edges: 6.241238072600815
Dir (+)-Edges: 20.54455697313873
EdgeAcc-Edges: 3.9948011788394497
EdgeComp-Edges: 56.54809806220327
