Ratio: 20.650435323099938
AbsRel: 30.65721956314579
SqRel: 40.091128769997624
RMSE: 9.337453612819795
LogRMSE: 36.81129587973318
$\delta < 1.05$: 0.1556011251838778
$\delta < 1.1$: 0.29466957987034514
$\delta < 1.25$: 0.5771992279038446
$\delta < 1.25^2$: 0.8189802960329523
$\delta < 1.25^3$: 0.9120543156036758
MAE: 5.4657196114332445
InvMAE: 28.68793980690741
InvRMSE: 42.09216810780187
LogMAE: 27.42371863272882
LogSI: 35.37672420857063
Chamfer: 2.7366781211328584
F-Score: 12.883160373164761
IoU: 7.12598584501974
F-Score-20: 25.78557906950674
IoU-20: 15.63721961452115
Ratio-Edges: 22.902877013823566
AbsRel-Edges: 38.840552350274876
SqRel-Edges: 61.46653943184544
RMSE-Edges: 11.159618488928071
LogRMSE-Edges: 43.47787328919554
$\delta < 1.05$-Edges: 0.12980857781519275
$\delta < 1.1$-Edges: 0.2423056930899824
$\delta < 1.25$-Edges: 0.48516683021439777
$\delta < 1.25^2$-Edges: 0.7464817104677722
$\delta < 1.25^3$-Edges: 0.87168784967722
MAE-Edges: 7.282713371909717
InvMAE-Edges: 28.441914360351813
InvRMSE-Edges: 42.51471270174762
LogMAE-Edges: 33.005039441663456
LogSI-Edges: 41.97657630328223
Chamfer-Edges: 4.231822401108641
F-Score-Edges: 7.08370850173866
IoU-Edges: 4.213328247814396
F-Score-20-Edges: 14.386701117231954
IoU-20-Edges: 8.802815791536
DirAcc-Edges: 65.47017558179608
Dir (-)-Edges: 3.2377635445631068
Dir (+)-Edges: 31.29206087364081
EdgeAcc-Edges: 3.865274620522684
EdgeComp-Edges: 41.870122951075274
