Ratio: 4.282880921030045
AbsRel: 31.088292324447632
SqRel: 18.30546514763832
RMSE: 1.5870221126317978
LogRMSE: 42.84175250053406
$\delta < 1.05$: 0.12315028759608826
$\delta < 1.1$: 0.23540270800373927
$\delta < 1.25$: 0.49398198819452044
$\delta < 1.25^2$: 0.7715238109984583
$\delta < 1.25^3$: 0.8820839943831462
MAE: 0.9853483711242675
InvMAE: 129.6548352706909
InvRMSE: 164.47741589813234
LogMAE: 31.935305717849733
LogSI: 41.97183644233031
