Ratio: 0.12825807083464652
AbsRel: 24.808388181114196
SqRel: 12.143993486857415
RMSE: 1.5672120669543743
LogRMSE: 39.34194051914215
$\delta < 1.05$: 0.14800731237045292
$\delta < 1.1$: 0.28340203304885037
$\delta < 1.25$: 0.5972624126945683
$\delta < 1.25^2$: 0.8380796620934272
$\delta < 1.25^3$: 0.8964326145690585
MAE: 0.8779060317009687
InvMAE: 131.10700048370362
InvRMSE: 437.73706849212647
LogMAE: 27.687090246772765
LogSI: 38.69625568025288
