MAE: 1.0148293597996234
RMSE: 2.574221765909876
InvMAE: 3.850906230722155
InvRMSE: 6.122921547378812
LogMAE: 4.925071708815438
LogRMSE: 8.293430981636048
LogSI: 7.601842992427271
AbsRel: 5.172311863047736
SqRel: 1.4956066412585123
ChamferDist: 0.42093391590884754
F-Score: 58.35281421295234
IoU: 42.55515659496188
F-Score-20: 76.7683603654589
IoU-20: 63.45119842512267
