AbsRel: 0.09858463119335975
SqRel: 0.7370100267060432
RMSE: 4.495430327385365
LogRMSE: 0.18647394647856524
$\delta < 1.25$: 0.8893665257273788
$\delta < 1.25^2$: 0.9615447093343199
$\delta < 1.25^3$: 0.981044180625402
ChamferDist: 0.8164597587229703
F-Score: 27.234151602817573
IoU: 15.936027252520175
F-Score-20: 54.16805386919544
IoU-20: 37.54398004704261
