MAE: 1.6123493828930737
RMSE: 3.6044366019635112
InvMAE: 5.8525063318708925
InvRMSE: 8.8084085126596
LogMAE: 7.7051447878586
LogRMSE: 12.027976493893958
LogSI: 11.144391800656077
AbsRel: 7.873906071200692
SqRel: 2.0284057913656617
ChamferDist: 0.6611583646546844
F-Score: 49.96584502977828
IoU: 34.44313992367932
F-Score-20: 67.33609239162843
IoU-20: 51.93241224625359
