Scale: 15.377913930490948
Shift: 0.0
AbsRel: 43.53403742644819
SqRel: 362.9360356735809
RMSE: 7.189309453349477
LogRMSE: 42.46005790864405
$\delta_{.05}$: 19.061427599928123
$\delta_{.1}$: 34.23593663514722
$\delta_{.25}$: 61.63938953300493
$\delta_{.25^2}$: 82.06856715867156
$\delta_{.25^3}$: 89.98697059830386
MAE: 4.345008766036397
InvMAE: 37.00378507937017
InvRMSE: 92.17164759999433
LogMAE: 28.468933963989464
LogSI: 40.3174981228311
