Scale: 0.2554728330217605
Shift: 0.09271107634251662
AbsRel: 15.080632383639996
SqRel: 12.55015742118542
RMSE: 1.053672042443202
LogRMSE: 25.54125420497014
$\delta_{.05}$: 27.86147869430976
$\delta_{.1}$: 48.97971320215811
$\delta_{.25}$: 80.4426262152913
$\delta_{.25^2}$: 94.65147290929073
$\delta_{.25^3}$: 98.01842523388002
MAE: 0.5314299218241985
InvMAE: 1405.5749265142588
InvRMSE: 8086.498810369051
LogMAE: 16.01202787399292
LogSI: 25.22991104696004
