Scale: 0.0925468249725406
Shift: 0.009953716598331474
AbsRel: 33.571437541679416
SqRel: 119.42434461748921
RMSE: 9.008694675404394
LogRMSE: 53.034807458586755
$\delta_{.05}$: 19.81216253406237
$\delta_{.1}$: 33.99021558406677
$\delta_{.25}$: 57.03679052274753
$\delta_{.25^2}$: 77.06503728346186
$\delta_{.25^3}$: 86.71627356263575
MAE: 5.2132860230023015
InvMAE: 2761.0081958653145
InvRMSE: 14317.454188445225
LogMAE: 34.029675495998745
LogSI: 50.09976865418702
