Scale: 4.788161645119007
Shift: 0.0
AbsRel: 19.558385605445274
SqRel: 9.933115820517907
RMSE: 1.0148246127596268
LogRMSE: 25.503805800217847
$\delta_{.05}$: 21.98837223455525
$\delta_{.1}$: 40.406996750012375
$\delta_{.25}$: 71.26743521250282
$\delta_{.25^2}$: 90.44935373233064
$\delta_{.25^3}$: 96.23857873996008
MAE: 0.6758825574012903
InvMAE: 89.28261241325966
InvRMSE: 127.10865347935604
LogMAE: 19.11076734836285
LogSI: 24.149832715342864
