Scale: 0.4026588725697582
Shift: -0.041565206664186304
AbsRel: 12.15516768172611
SqRel: 5.8311041864916815
RMSE: 0.5650298029002064
LogRMSE: 16.519572544535365
$\delta_{.05}$: 32.29465838337877
$\delta_{.1}$: 55.66620420627719
$\delta_{.25}$: 85.91861060521381
$\delta_{.25^2}$: 97.3818876550678
$\delta_{.25^3}$: 99.39702407042186
MAE: 0.31470152320459893
InvMAE: 272.0181032699912
InvRMSE: 1509.7069177437995
LogMAE: 12.058698180254082
LogSI: 16.45019202645772
