Scale: 2.9883062883254583
Shift: 0.0
AbsRel: 13.74295447434125
SqRel: 4.546562545616692
RMSE: 0.4350631170157081
LogRMSE: 17.204614821559428
$\delta_{.05}$: 31.076383851556365
$\delta_{.1}$: 52.725622135304356
$\delta_{.25}$: 82.48557768302224
$\delta_{.25^2}$: 96.3549664555176
$\delta_{.25^3}$: 99.2261299167753
MAE: 0.30651036457412106
InvMAE: 68.25877149389424
InvRMSE: 96.06160531350233
LogMAE: 13.027426165542837
LogSI: 16.218171098910258
