Scale: 0.34044520597641453
Shift: -0.012647731981322945
AbsRel: 15.390593465709687
SqRel: 17.825697772437334
RMSE: 1.2468485864043235
LogRMSE: 25.049780443954468
$\delta_{.05}$: 27.447656065171653
$\delta_{.1}$: 50.16835250368974
$\delta_{.25}$: 80.72695155175354
$\delta_{.25^2}$: 92.67495433747817
$\delta_{.25^3}$: 96.54765551639602
MAE: 0.5760463925927878
InvMAE: 343.7696205711365
InvRMSE: 3230.672374256134
LogMAE: 15.919607892513275
LogSI: 24.856416244685033
