Scale: 3.172406784057617
Shift: 0.0
AbsRel: 16.542948548698426
SqRel: 7.286059511947632
RMSE: 1.1136397847771644
LogRMSE: 25.574620558929443
$\delta_{.05}$: 26.560223601042463
$\delta_{.1}$: 47.80995691567228
$\delta_{.25}$: 77.08696599615288
$\delta_{.25^2}$: 90.57268706828437
$\delta_{.25^3}$: 95.51267251535965
MAE: 0.5941367267847061
InvMAE: 68.06099639511109
InvRMSE: 90.56217805175781
LogMAE: 17.378367490959167
LogSI: 24.622442338575038
