Ratio: 0.03069445911248526
AbsRel: 19.545008184432984
SqRel: 13.268714753389359
RMSE: 25.630496641635894
LogRMSE: 92.66643982505798
$\delta < 1.05$: 0.24202393138734493
$\delta < 1.1$: 0.44040645040429466
$\delta < 1.25$: 0.7540988286815316
$\delta < 1.25^2$: 0.8960549410433036
$\delta < 1.25^3$: 0.9456087430632313
MAE: 10.345713163137436
InvMAE: 9855.306212467194
InvRMSE: 67819.60265653134
LogMAE: 29.606546106338502
LogSI: 91.55067272423264
Chamfer: 2.7404033773682803
F-Score: 10.95135492491722
IoU: 5.867155227541923
F-Score-20: 30.518630215644837
IoU-20: 18.28667425918579
