Ratio: 40.75992965698242
AbsRel: 19.416145827293395
SqRel: 13.823893209457397
RMSE: 17.59825038814545
LogRMSE: 28.63876124572754
$\delta < 1.05$: 0.19006089077873997
$\delta < 1.1$: 0.35925641078826975
$\delta < 1.25$: 0.6902120129046185
$\delta < 1.25^2$: 0.8997525732921551
$\delta < 1.25^3$: 0.9586062827671767
MAE: 8.20071485042572
InvMAE: 10.006648808956147
InvRMSE: 14.979677740573884
LogMAE: 20.175984189033507
LogSI: 27.95550346685033
Chamfer: 2.740799333057503
F-Score: 7.335777561962605
IoU: 3.8588321183174847
F-Score-20: 22.67422567856312
IoU-20: 13.08748064661026
