Ratio: 14.105182306583112
AbsRel: 28.254896460313063
SqRel: 19.78522932309371
RMSE: 1.4158361804026824
LogRMSE: 35.123694469745345
$\delta < 1.05$: 0.1377779644222153
$\delta < 1.1$: 0.26399911531571996
$\delta < 1.25$: 0.5480643122760229
$\delta < 1.25^2$: 0.8241143023672668
$\delta < 1.25^3$: 0.9280924280376317
MAE: 0.9783604811934324
InvMAE: 122.50307910038875
InvRMSE: 162.75512914217435
LogMAE: 27.16121142754188
LogSI: 33.79741322276916
