Ratio: 44.44225615129343
AbsRel: 56.77519156793842
SqRel: 506.41596293021746
RMSE: 9.737001281549043
LogRMSE: 52.71403701422995
$\delta < 1.05$: 0.1226160940611788
$\delta < 1.1$: 0.23252588499208188
$\delta < 1.25$: 0.4753974502487046
$\delta < 1.25^2$: 0.7175861535157906
$\delta < 1.25^3$: 0.8379747041975549
MAE: 6.0914642396529155
InvMAE: 43.99994135972096
InvRMSE: 97.47510420474237
LogMAE: 37.74675617731206
LogSI: 50.041688237155824
