Ratio: 0.025682027192891848
AbsRel: 38.88107095812468
SqRel: 114.62690247682178
RMSE: 9.736835449934006
LogRMSE: 56.61090403501228
$\delta < 1.05$: 0.1244398254498974
$\delta < 1.1$: 0.23610703937948735
$\delta < 1.25$: 0.4748411707074457
$\delta < 1.25^2$: 0.7030967195012127
$\delta < 1.25^3$: 0.8232647343020124
MAE: 5.992814056541888
InvMAE: 1352.0461113239082
InvRMSE: 9034.024451840618
LogMAE: 39.68743824210402
LogSI: 53.46057230624337
