Ratio: 0.03612927706232666
AbsRel: 19.269991609133207
SqRel: 11.864293541358068
RMSE: 1.093737787902355
LogRMSE: 26.4318436226478
$\delta < 1.05$: 0.20930447212971007
$\delta < 1.1$: 0.3863247425876308
$\delta < 1.25$: 0.7034644801279117
$\delta < 1.25^2$: 0.9032965545667001
$\delta < 1.25^3$: 0.9622390495404174
MAE: 0.7096540803404955
InvMAE: 134.58265189684354
InvRMSE: 1005.1752351966271
LogMAE: 19.903828912881703
LogSI: 26.076535080225586
