Ratio: 29.318930597305297
AbsRel: 6.501024755069188
SqRel: 3.9272305386407034
RMSE: 3.467999931062971
LogRMSE: 10.607706821986607
$\delta < 1.05$: 0.6396814195326743
$\delta < 1.1$: 0.8455914660922942
$\delta < 1.25$: 0.9581587812315278
$\delta < 1.25^2$: 0.9892657221338077
$\delta < 1.25^3$: 0.9942206162847002
MAE: 1.3559085031918117
InvMAE: 4.5857511956351145
InvRMSE: 7.504194197314126
LogMAE: 6.143794509683336
LogSI: 10.310100138789577
Chamfer: 0.5200289451158407
F-Score: 57.9227977670942
IoU: 42.040495198965075
F-Score-20: 74.89560905524662
IoU-20: 61.0955542067119
