Ratio: 0.034127541271259075
AbsRel: 5.904106157847814
SqRel: 2.1057322634330817
RMSE: 3.3669026034218925
LogRMSE: 10.201278949805669
$\delta < 1.05$: 0.6715898640671466
$\delta < 1.1$: 0.8557611926345914
$\delta < 1.25$: 0.95659594758434
$\delta < 1.25^2$: 0.9878769077622659
$\delta < 1.25^3$: 0.9947720042795517
MAE: 1.3277362062675613
InvMAE: 5.577774366821561
InvRMSE: 52.36550844703402
LogMAE: 5.866335686615535
LogSI: 10.144826021929322
Chamfer: 0.5519786766861876
F-Score: 59.97445420673915
IoU: 44.045371056284225
F-Score-20: 75.65387736729213
IoU-20: 61.96794403212411
