Ratio: 29.69229588186814
AbsRel: 8.545726887287538
SqRel: 2.7217747983208462
RMSE: 3.961444516489111
LogRMSE: 13.077254056930542
$\delta < 1.05$: 0.47096813167081736
$\delta < 1.1$: 0.7205062967403129
$\delta < 1.25$: 0.9234067331733292
$\delta < 1.25^2$: 0.9849473880187208
$\delta < 1.25^3$: 0.9956249257539225
MAE: 1.7618081055444443
InvMAE: 6.561314650839823
InvRMSE: 9.602114542130312
LogMAE: 8.500675457386883
LogSI: 12.602766083497938
Chamfer: 0.6695345430144382
F-Score: 47.63231594577157
IoU: 32.379578059436355
F-Score-20: 67.3160835087665
IoU-20: 51.81704885681714
