Ratio: 0.033631543649236435
AbsRel: 7.938716799569276
SqRel: 2.1642802538681614
RMSE: 3.9704593330438884
LogRMSE: 12.834989113310364
$\delta < 1.05$: 0.5148135599871416
$\delta < 1.1$: 0.7495564782321328
$\delta < 1.25$: 0.9275817816124547
$\delta < 1.25^2$: 0.9850383246038238
$\delta < 1.25^3$: 0.9958490228937416
MAE: 1.7153245282867935
InvMAE: 24.152440404965102
InvRMSE: 401.40477734913856
LogMAE: 7.99812782286135
LogSI: 12.770523668579598
Chamfer: 0.6804714870270051
F-Score: 50.65169353280331
IoU: 34.90212731346762
F-Score-20: 68.82106849752321
IoU-20: 53.38135168157472
