Ratio: 92.14139057779312
AbsRel: 34.98587138557434
SqRel: 32.42268491625786
RMSE: 12.813808914899827
LogRMSE: 42.75510608482361
$\delta < 1.05$: 0.11977768596767055
$\delta < 1.1$: 0.22757261490220307
$\delta < 1.25$: 0.47666104350789673
$\delta < 1.25^2$: 0.740876797936844
$\delta < 1.25^3$: 0.8717234750563655
MAE: 8.816007090568542
InvMAE: 21.45083226978779
InvRMSE: 28.775046424150467
LogMAE: 33.043545157432554
LogSI: 40.93507417776775
Chamfer: 3.9842321119766178
F-Score: 9.354048867031931
IoU: 5.203265809744597
F-Score-20: 17.758758908450602
IoU-20: 10.535795714884996
