Ratio: 0.013129543238047449
AbsRel: 28.099684254407883
SqRel: 17.051780994459985
RMSE: 12.001888439774513
LogRMSE: 42.783087428092955
$\delta < 1.05$: 0.14091354343496376
$\delta < 1.1$: 0.2613263063864802
$\delta < 1.25$: 0.5225554881492096
$\delta < 1.25^2$: 0.7807291390043338
$\delta < 1.25^3$: 0.8940741916567022
MAE: 8.038147996991873
InvMAE: 1813.6818529824018
InvRMSE: 5998.961532163382
LogMAE: 31.721147740364074
LogSI: 40.651839547662355
Chamfer: 5.3840003170754684
F-Score: 8.732400454280898
IoU: 4.824864231346175
F-Score-20: 16.292021020868795
IoU-20: 9.632978568843974
