Ratio: 8.635222917303032
AbsRel: 28.278050672023667
SqRel: 20.206611163390157
RMSE: 1.041776540993915
LogRMSE: 32.312172424538055
$\delta < 1.05$: 0.13255303354274472
$\delta < 1.1$: 0.25408000372264167
$\delta < 1.25$: 0.5400103795556213
$\delta < 1.25^2$: 0.8324613904117877
$\delta < 1.25^3$: 0.9456830880799578
MAE: 0.7446875411800653
InvMAE: 112.17038000030985
InvRMSE: 147.2631299080105
LogMAE: 25.785211286049005
LogSI: 30.826800053970985
