Ratio: 0.09766834713308183
AbsRel: 22.469530027576177
SqRel: 13.39242253773803
RMSE: 0.9771951078593913
LogRMSE: 28.63847896228872
$\delta < 1.05$: 0.15711728961947014
$\delta < 1.1$: 0.2996923372549261
$\delta < 1.25$: 0.6072378139889285
$\delta < 1.25^2$: 0.8719285834784446
$\delta < 1.25^3$: 0.9631109157493382
MAE: 0.661905619210424
InvMAE: 220.39948683922444
InvRMSE: 1642.1269176553149
LogMAE: 22.694528164849004
LogSI: 28.342731580232343
