Ratio: 28.000364673137664
AbsRel: 54.712196485163496
SqRel: 145.10517938074312
RMSE: 7.2419477874511164
LogRMSE: 65.10444254578586
$\delta < 1.05$: 0.09420962145256108
$\delta < 1.1$: 0.1792783744761415
$\delta < 1.25$: 0.3849099601275715
$\delta < 1.25^2$: 0.637648734471164
$\delta < 1.25^3$: 0.77206686151455
MAE: 4.043919934695988
InvMAE: 260.20813442999093
InvRMSE: 349.1818947446974
LogMAE: 48.58020246861654
LogSI: 60.58786976137066
Chamfer: 2.880676143847623
F-Score: 29.898281583892246
IoU: 21.21205298058938
F-Score-20: 44.657148426550144
IoU-20: 34.80888579533787
