Ratio: 0.08536173235117417
AbsRel: 40.099729461875256
SqRel: 60.18659877563207
RMSE: 7.505541350603389
LogRMSE: 71.23043170579884
$\delta < 1.05$: 0.11785246995879965
$\delta < 1.1$: 0.21695185694661406
$\delta < 1.25$: 0.4351634520402342
$\delta < 1.25^2$: 0.6589971127362049
$\delta < 1.25^3$: 0.7873066679088065
MAE: 3.9423237763808676
InvMAE: 4399.828114800362
InvRMSE: 22430.835576237787
LogMAE: 48.28467674175518
LogSI: 68.00864387019948
Chamfer: 2.7717398409003984
F-Score: 31.272727535976514
IoU: 23.38975206734479
F-Score-20: 44.92495943643242
IoU-20: 35.54085295109622
