Ratio: 37.644381619730304
AbsRel: 30.93893306609123
SqRel: 41.32143035927127
RMSE: 9.416880277645204
LogRMSE: 36.49667410942816
$\delta < 1.05$: 0.15378999995533546
$\delta < 1.1$: 0.2893053226529428
$\delta < 1.25$: 0.5753120680906656
$\delta < 1.25^2$: 0.8230081382378011
$\delta < 1.25^3$: 0.9166224475879247
MAE: 5.511107642304513
InvMAE: 28.324836142755323
InvRMSE: 41.69586068922474
LogMAE: 27.25129418280817
LogSI: 35.12667871751255
Chamfer: 2.540073790318304
F-Score: 13.636025888227648
IoU: 7.588182263912693
F-Score-20: 26.636167471485752
IoU-20: 16.24210647552244
Ratio-Edges: 41.9058220476886
AbsRel-Edges: 40.43504599808088
SqRel-Edges: 72.44643817752404
RMSE-Edges: 11.717933929920976
LogRMSE-Edges: 44.024319314645005
$\delta < 1.05$-Edges: 0.12463075339199693
$\delta < 1.1$-Edges: 0.23258252674581276
$\delta < 1.25$-Edges: 0.47930340394719684
$\delta < 1.25^2$-Edges: 0.7429803175092887
$\delta < 1.25^3$-Edges: 0.8705643491841388
MAE-Edges: 7.597993393914372
InvMAE-Edges: 28.567088975002562
InvRMSE-Edges: 42.618272902840886
LogMAE-Edges: 33.40921489460016
LogSI-Edges: 42.5150620829055
Chamfer-Edges: 4.188164781742362
F-Score-Edges: 7.463664149010882
IoU-Edges: 4.3339947408613035
F-Score-20-Edges: 15.071013305662504
IoU-20-Edges: 9.154888108820698
DirAcc-Edges: 65.61201871367658
Dir (-)-Edges: 2.9457416353551618
Dir (+)-Edges: 31.442239650968254
EdgeAcc-Edges: 3.526953474504738
EdgeComp-Edges: 24.411907314285607
