Ratio: 0.027414073128492332
AbsRel: 24.046795784235
SqRel: 17.350452495515345
RMSE: 8.571317254342139
LogRMSE: 37.099128046035766
$\delta < 1.05$: 0.16805262892670755
$\delta < 1.1$: 0.31490022326427547
$\delta < 1.25$: 0.621208112298929
$\delta < 1.25^2$: 0.8496961579197158
$\delta < 1.25^3$: 0.9260690737401183
MAE: 4.837079625613987
InvMAE: 436.3347683286667
InvRMSE: 5264.329598734975
LogMAE: 25.164140498638154
LogSI: 36.524530707774936
Chamfer: 2.5016057328741983
F-Score: 14.105921554714442
IoU: 7.796601635143161
F-Score-20: 26.89651293814182
IoU-20: 16.20705854535103
Ratio-Edges: 0.023862223717092856
AbsRel-Edges: 29.230312354564667
SqRel-Edges: 19.52955255486071
RMSE-Edges: 9.597132162116468
LogRMSE-Edges: 41.63742810249329
$\delta < 1.05$-Edges: 0.12962904238121464
$\delta < 1.1$-Edges: 0.2432820357346617
$\delta < 1.25$-Edges: 0.5093675885373254
$\delta < 1.25^2$-Edges: 0.7795198712467107
$\delta < 1.25^3$-Edges: 0.8920818515434021
MAE-Edges: 6.108701910823584
InvMAE-Edges: 271.0425557473302
InvRMSE-Edges: 2661.1950325345992
LogMAE-Edges: 30.665814353227617
LogSI-Edges: 40.78667129349047
Chamfer-Edges: 3.9770905984910856
F-Score-Edges: 7.533617171049118
IoU-Edges: 4.251914042644203
F-Score-20-Edges: 15.765697640478612
IoU-20-Edges: 9.279084797352553
DirAcc-Edges: 73.89107308048104
Dir (-)-Edges: 6.006995837187788
Dir (+)-Edges: 20.101931082331177
EdgeAcc-Edges: 3.533358918161183
EdgeComp-Edges: 37.01675819300684
