Ratio: 33.99666149497032
AbsRel: 28.377496551275254
SqRel: 26.530006019473078
RMSE: 8.25910383850336
LogRMSE: 35.562666115760805
$\delta < 1.05$: 0.1460665981438409
$\delta < 1.1$: 0.27535506847530167
$\delta < 1.25$: 0.5684224469038778
$\delta < 1.25^2$: 0.8297307799414552
$\delta < 1.25^3$: 0.9247666552280497
MAE: 4.858375553376972
InvMAE: 26.438087867498396
InvRMSE: 35.89623967528343
LogMAE: 26.602894949913026
LogSI: 34.51996245661147
Chamfer: 2.3200941359320257
F-Score: 12.98113139897585
IoU: 7.137284133136273
F-Score-20: 25.116769406199456
IoU-20: 14.98438418328762
Ratio-Edges: 37.23533826351166
AbsRel-Edges: 35.24923798441887
SqRel-Edges: 42.95941083244979
RMSE-Edges: 9.786978038214148
LogRMSE-Edges: 42.334620661735535
$\delta < 1.05$-Edges: 0.12183898875794082
$\delta < 1.1$-Edges: 0.23301779951324605
$\delta < 1.25$-Edges: 0.48689605785883877
$\delta < 1.25^2$-Edges: 0.7599963736531866
$\delta < 1.25^3$-Edges: 0.8820535752719306
MAE-Edges: 6.323886865451932
InvMAE-Edges: 29.272146015763283
InvRMSE-Edges: 40.68968993961811
LogMAE-Edges: 32.047198536396024
LogSI-Edges: 41.04042557173915
Chamfer-Edges: 3.307594720485763
F-Score-Edges: 7.894399880915881
IoU-Edges: 4.3933351254463195
F-Score-20-Edges: 16.603927500844
IoU-20-Edges: 9.786815042793751
DirAcc-Edges: 70.11426641141605
Dir (-)-Edges: 4.006828810771919
Dir (+)-Edges: 25.87890477781204
EdgeAcc-Edges: 3.3397798136512087
EdgeComp-Edges: 23.662599415402696
