Ratio: 0.03121107059507743
AbsRel: 26.00165675563197
SqRel: 26.465844221672704
RMSE: 10.114307940400415
LogRMSE: 54.691472861997546
$\delta < 1.05$: 0.17240390781104864
$\delta < 1.1$: 0.32310406755904325
$\delta < 1.25$: 0.6188457723762016
$\delta < 1.25^2$: 0.8294336982063043
$\delta < 1.25^3$: 0.9096519907274919
MAE: 5.647291212975979
InvMAE: 4301.143037431779
InvRMSE: 25901.11431445645
LogMAE: 30.38629038410802
LogSI: 53.38737647139454
Chamfer: 2.410215164408881
F-Score: 15.696156085292177
IoU: 8.859728891373642
F-Score-20: 30.25095737795676
IoU-20: 18.88268687740449
Ratio-Edges: 0.0260782043945992
AbsRel-Edges: 31.287251570645502
SqRel-Edges: 27.374698830994905
RMSE-Edges: 11.032740790903373
LogRMSE-Edges: 50.07701381733215
$\delta < 1.05$-Edges: 0.12960084913503891
$\delta < 1.1$-Edges: 0.24662982692114466
$\delta < 1.25$-Edges: 0.49752366402670506
$\delta < 1.25^2$-Edges: 0.7535953215968267
$\delta < 1.25^3$-Edges: 0.8769639548757439
MAE-Edges: 7.069746915109796
InvMAE-Edges: 1757.306728603988
InvRMSE-Edges: 11959.559872049133
LogMAE-Edges: 33.676837596083
LogSI-Edges: 48.8227257726208
Chamfer-Edges: 4.37076896964934
F-Score-Edges: 7.668659168024079
IoU-Edges: 4.408093496796742
F-Score-20-Edges: 15.909096864937178
IoU-20-Edges: 9.78175784859782
DirAcc-Edges: 69.69925699977003
Dir (-)-Edges: 4.656580308943166
Dir (+)-Edges: 25.644162691286812
EdgeAcc-Edges: 3.6014865025935663
EdgeComp-Edges: 30.671530884561708
