Ratio: 0.07139980002423046
AbsRel: 24.658705304908754
SqRel: 15.380863389134406
RMSE: 1.5833075262725353
LogRMSE: 39.19015991630554
$\delta < 1.05$: 0.15196137176799576
$\delta < 1.1$: 0.29134443487819245
$\delta < 1.25$: 0.6041662271297047
$\delta < 1.25^2$: 0.8384180666586355
$\delta < 1.25^3$: 0.8963778634136926
MAE: 0.8775969956934452
InvMAE: 191.1227096633911
InvRMSE: 1144.171051713562
LogMAE: 27.39795995502472
LogSI: 38.57778061095648
