Ratio: 8.399151690006256
AbsRel: 30.81567758331299
SqRel: 17.964577186584474
RMSE: 1.5780938757658005
LogRMSE: 42.19048964920044
$\delta < 1.05$: 0.1228760330226935
$\delta < 1.1$: 0.23455209718757478
$\delta < 1.25$: 0.4953007988681844
$\delta < 1.25^2$: 0.7734708253817051
$\delta < 1.25^3$: 0.8861220051809836
MAE: 0.9834441125512123
InvMAE: 127.06120515441894
InvRMSE: 160.50342080841065
LogMAE: 31.53923614845276
LogSI: 41.428578148447784
