Scale: 19.095194491570307
Shift: 0.0
AbsRel: 43.285832760045345
SqRel: 332.6454835030263
RMSE: 7.734916957771832
LogRMSE: 44.51392834817347
$\delta_{.05}$: 18.89193787255129
$\delta_{.1}$: 33.917853664162756
$\delta_{.25}$: 60.50506542921354
$\delta_{.25^2}$: 80.0301341114058
$\delta_{.25^3}$: 88.31940359310516
MAE: 4.605573012957124
InvMAE: 37.357073522469385
InvRMSE: 92.2898033007378
LogMAE: 29.91872287438055
LogSI: 42.188355081249355
