Scale: 0.08278357977438776
Shift: 0.004098643548401765
AbsRel: 34.22674726477653
SqRel: 125.20984223772325
RMSE: 9.264210326388278
LogRMSE: 54.91836104585451
$\delta_{.05}$: 18.551122733519943
$\delta_{.1}$: 32.398778090764665
$\delta_{.25}$: 56.010336593314484
$\delta_{.25^2}$: 76.18440050458486
$\delta_{.25^3}$: 86.18115604150911
MAE: 5.35136677972939
InvMAE: 2782.943593440569
InvRMSE: 15494.355650632371
LogMAE: 34.868840371546725
LogSI: 52.03764873398614
