Scale: 5.049086638964139
Shift: 0.0
AbsRel: 19.48683153299185
SqRel: 11.001698929713323
RMSE: 1.2264322649974089
LogRMSE: 25.81105721400334
$\delta_{.05}$: 22.143110550126163
$\delta_{.1}$: 40.33553514977768
$\delta_{.25}$: 71.52520336870852
$\delta_{.25^2}$: 90.22851514181139
$\delta_{.25^3}$: 96.26868637496392
MAE: 0.7138014388772157
InvMAE: 90.08101737389198
InvRMSE: 128.75433886894814
LogMAE: 19.128354829641488
LogSI: 24.47423443176883
