Scale: 0.2112369719966587
Shift: 0.1181700516118707
AbsRel: 15.289716923787044
SqRel: 12.280689659852248
RMSE: 1.1045345092966006
LogRMSE: 25.401806109501766
$\delta_{.05}$: 27.231741881485135
$\delta_{.1}$: 48.16844159482685
$\delta_{.25}$: 79.80856337958949
$\delta_{.25^2}$: 94.47509024512357
$\delta_{.25^3}$: 97.99087792452285
MAE: 0.5563586000066537
InvMAE: 1437.2467354363662
InvRMSE: 7088.004830731612
LogMAE: 16.28917514727666
LogSI: 25.061087421280302
