Scale: 3.4739272557996466
Shift: 0.0
AbsRel: 14.161042907551524
SqRel: 5.014341537330858
RMSE: 0.46723928057591485
LogRMSE: 17.738953420510715
$\delta_{.05}$: 28.503677008810826
$\delta_{.1}$: 50.4506157950328
$\delta_{.25}$: 82.16564149627949
$\delta_{.25^2}$: 96.27678919582122
$\delta_{.25^3}$: 99.11052307795534
MAE: 0.3229424070099807
InvMAE: 69.6461897042184
InvRMSE: 97.04185440635098
LogMAE: 13.450160707537917
LogSI: 16.70006013569989
