Scale: 0.30967562125626735
Shift: 0.010454199801000383
AbsRel: 12.095483212660577
SqRel: 5.192472214089985
RMSE: 0.5275587869483397
LogRMSE: 16.613029501124625
$\delta_{.05}$: 31.842925849003155
$\delta_{.1}$: 54.96156645660773
$\delta_{.25}$: 85.86258369144696
$\delta_{.25^2}$: 97.60609441272275
$\delta_{.25^3}$: 99.4184871215545
MAE: 0.3069845445579436
InvMAE: 225.07227049544682
InvRMSE: 1717.5126737862915
LogMAE: 12.050274132588587
LogSI: 16.5453819087478
