Scale: 0.2774270201325301
Shift: 0.03773089861726712
AbsRel: 15.37208665599823
SqRel: 7.970460495018959
RMSE: 1.132335561567545
LogRMSE: 24.767513999176025
$\delta_{.05}$: 27.570399657631725
$\delta_{.1}$: 49.67029698159733
$\delta_{.25}$: 80.54435015248484
$\delta_{.25^2}$: 91.16930855698052
$\delta_{.25^3}$: 95.45183705384896
MAE: 0.5962148865669966
InvMAE: 65.29232859725953
InvRMSE: 250.4083902572632
LogMAE: 16.52487661113739
LogSI: 24.520112917826317
