Scale: 3.403835226583481
Shift: 0.0
AbsRel: 17.120275247955323
SqRel: 7.468355698347092
RMSE: 1.1541009820580483
LogRMSE: 26.789073880767823
$\delta_{.05}$: 24.775529605677313
$\delta_{.1}$: 45.22194033560465
$\delta_{.25}$: 75.99344566260913
$\delta_{.25^2}$: 89.5734646343163
$\delta_{.25^3}$: 95.02017376500676
MAE: 0.6379575114727021
InvMAE: 72.01960022506714
InvRMSE: 97.03054420928954
LogMAE: 18.462547653579712
LogSI: 25.549298809243698
