AbsRel: 0.09915385841040564
SqRel: 0.7568299317013585
RMSE: 4.5483332564533185
LogRMSE: 0.18944490334310354
$\delta < 1.25$: 0.8888772634180918
$\delta < 1.25^2$: 0.9589821929141608
$\delta < 1.25^3$: 0.9805284901293695
ChamferDist: 0.8128327466066462
F-Score: 27.189849317204768
IoU: 15.921458433188466
F-Score-20: 54.265699292272544
IoU-20: 37.65946326134365
