MAE: 1.0782810258652482
RMSE: 2.674584716899054
InvMAE: 4.171075128487178
InvRMSE: 6.532583762407302
LogMAE: 5.304604870080948
LogRMSE: 8.719763257844107
LogSI: 7.854656323055153
AbsRel: 5.59446373632976
SqRel: 1.6401006688230804
ChamferDist: 0.44095096841454506
F-Score: 56.360508144087426
IoU: 40.74551698334981
F-Score-20: 75.32696536345141
IoU-20: 61.78719083258084
