MAE: 1.6036356998367545
RMSE: 3.636268402809746
InvMAE: 5.954995736205505
InvRMSE: 8.87379967435006
LogMAE: 7.699851842014336
LogRMSE: 12.102394240034139
LogSI: 11.17580034678281
AbsRel: 7.808073629630855
SqRel: 2.0568487325603244
ChamferDist: 0.6503339964279368
F-Score: 49.894513795575115
IoU: 34.40815558654765
F-Score-20: 67.64755772858675
IoU-20: 52.30861701976302
