MAE: 1.0944749697191374
RMSE: 2.528174875804356
InvMAE: 4.573639687640326
InvRMSE: 6.642605950832367
LogMAE: 5.6470491557461875
LogRMSE: 8.574210766042983
LogSI: 7.118051404185556
AbsRel: 6.075019302879061
SqRel: 1.9499551628636462
ChamferDist: 0.45566008484789305
F-Score: 54.083111776358315
IoU: 38.75562940201589
F-Score-20: 74.08395290242774
IoU-20: 60.62248684095485
