AbsRel: 0.09839040478972058
SqRel: 0.722047542092234
RMSE: 4.438300891876905
LogRMSE: 0.18289646958475306
$\delta < 1.25$: 0.8897341713395885
$\delta < 1.25^2$: 0.9623779722485278
$\delta < 1.25^3$: 0.9819433492757773
ChamferDist: 0.7942550673204309
F-Score: 27.742356313437952
IoU: 16.290051538556003
F-Score-20: 54.450801066722896
IoU-20: 37.88784973077487
