MAE: 1.6347165891866378
RMSE: 3.5839591673546773
InvMAE: 6.116887095515714
InvRMSE: 8.829545817857872
LogMAE: 7.953847541033856
LogRMSE: 11.97725774905433
LogSI: 10.76714222290374
AbsRel: 8.27986208171201
SqRel: 2.1774693331652624
ChamferDist: 0.6636688411464354
F-Score: 48.45763865128114
IoU: 33.262889637583235
F-Score-20: 66.55978643190275
IoU-20: 51.25596531220009
