Ratio: 7.476843593120575
AbsRel: 26.934250514030456
SqRel: 18.876051987171174
RMSE: 18.435836468696593
LogRMSE: 34.609536842346195
$\delta < 1.05$: 0.12731087939730446
$\delta < 1.1$: 0.24490196551575008
$\delta < 1.25$: 0.5206059952161397
$\delta < 1.25^2$: 0.8212471351381623
$\delta < 1.25^3$: 0.9479114090288576
MAE: 9.445332894325256
InvMAE: 14.455033744812011
InvRMSE: 21.608672907829284
LogMAE: 26.64049118232727
LogSI: 34.023717078201834
Chamfer: 3.189473894077074
F-Score: 4.516117756038904
IoU: 2.3395405036360026
F-Score-20: 13.550733313918114
IoU-20: 7.374788194894791
