Ratio: 0.2070512702128185
AbsRel: 25.164144605636597
SqRel: 21.417698903083803
RMSE: 34.090605161190034
LogRMSE: 178.58664111328125
$\delta < 1.05$: 0.1675621884817258
$\delta < 1.1$: 0.3210213601222421
$\delta < 1.25$: 0.6674482887832541
$\delta < 1.25^2$: 0.8638046973990274
$\delta < 1.25^3$: 0.9154145367851318
MAE: 13.921710378885269
InvMAE: 28599.543956323625
InvRMSE: 146159.8279996109
LogMAE: 54.69446773910523
LogSI: 174.7006192432596
Chamfer: 3.2888616372308963
F-Score: 7.433330696582794
IoU: 3.890540664315224
F-Score-20: 21.585923674583434
IoU-20: 12.227229733467102
