Ratio: 9.97314253943918
AbsRel: 58.20538715824418
SqRel: 502.3692398049906
RMSE: 9.97050464206747
LogRMSE: 55.745898789889075
$\delta < 1.05$: 0.10899740009968155
$\delta < 1.1$: 0.20745663997949337
$\delta < 1.25$: 0.434910954281381
$\delta < 1.25^2$: 0.6865206851970828
$\delta < 1.25^3$: 0.8191562984700325
MAE: 6.350485525190028
InvMAE: 47.80541277787076
InvRMSE: 100.52094614345397
LogMAE: 40.55590312684063
LogSI: 52.65197337843295
