Ratio: 3.2557810266201312
AbsRel: 35.777672858605015
SqRel: 30.919905494543222
RMSE: 1.7111599514576106
LogRMSE: 42.2975896864671
$\delta < 1.05$: 0.11226328489391263
$\delta < 1.1$: 0.21308930574066454
$\delta < 1.25$: 0.4511109286658421
$\delta < 1.25^2$: 0.7394647864041022
$\delta < 1.25^3$: 0.8850089431561289
MAE: 1.2034282938792156
InvMAE: 149.2313913492056
InvRMSE: 194.0483620922382
LogMAE: 33.300394580547625
LogSI: 40.93622151750531
