Ratio: 0.11640963988501615
AbsRel: 19.183250001027034
SqRel: 10.426505541251256
RMSE: 1.090692294377547
LogRMSE: 26.82361103938176
$\delta < 1.05$: 0.2103967577087464
$\delta < 1.1$: 0.3854841306241672
$\delta < 1.25$: 0.7077999584761245
$\delta < 1.25^2$: 0.9013617396410284
$\delta < 1.25^3$: 0.9606645559177719
MAE: 0.7094739454984665
InvMAE: 216.30680587841914
InvRMSE: 972.1429944992066
LogMAE: 20.032951349111705
LogSI: 26.45462086630693
