Ratio: 0.11310786947839456
AbsRel: 39.61571529414087
SqRel: 105.77436382300117
RMSE: 9.68869244130203
LogRMSE: 55.50698372280651
$\delta < 1.05$: 0.1135098763906847
$\delta < 1.1$: 0.21640575214337315
$\delta < 1.25$: 0.4452081524131308
$\delta < 1.25^2$: 0.6895364948595188
$\delta < 1.25^3$: 0.8127636253192525
MAE: 6.075247812565132
InvMAE: 742.1813779625658
InvRMSE: 4845.8182343784465
LogMAE: 40.7882444291906
LogSI: 52.23928356164457
