Ratio: 5.399999999999999
AbsRel: 7.9876976576319505
SqRel: 2.0501998148492873
RMSE: 3.5740449924958995
LogRMSE: 11.871000190454026
$\delta < 1.05$: 0.5246051227899735
$\delta < 1.1$: 0.7506038449900677
$\delta < 1.25$: 0.9299952571797644
$\delta < 1.25^2$: 0.9879361437852072
$\delta < 1.25^3$: 0.9967098569152721
MAE: 1.6084364783818736
InvMAE: 5.937088586435728
InvRMSE: 8.719648470176509
LogMAE: 7.749428332583305
LogSI: 10.883141327289337
Chamfer: 0.650293279893217
F-Score: 49.225898703731644
IoU: 33.838061254860065
F-Score-20: 66.89771362499225
IoU-20: 51.55554709286412
