Ratio: 5.399999999999999
AbsRel: 5.699945633581707
SqRel: 1.7207236563680428
RMSE: 2.529932739394052
LogRMSE: 8.367831568377358
$\delta < 1.05$: 0.6453601120621332
$\delta < 1.1$: 0.8755850282083896
$\delta < 1.25$: 0.9729975053731208
$\delta < 1.25^2$: 0.9940034471414728
$\delta < 1.25^3$: 0.9981621297987455
MAE: 1.0584704768019064
InvMAE: 4.280174162558147
InvRMSE: 6.3776321462222505
LogMAE: 5.344248697417123
LogSI: 7.176938775947289
Chamfer: 0.4400116901533985
F-Score: 55.56617134829717
IoU: 40.13192987195083
F-Score-20: 75.45279282757214
IoU-20: 62.164351035569396
