Ratio: 27.3191389619112
AbsRel: 36.29032134628296
SqRel: 33.71449563348293
RMSE: 13.30060859310627
LogRMSE: 43.63214291191101
$\delta < 1.05$: 0.11067902824779507
$\delta < 1.1$: 0.21320789089306413
$\delta < 1.25$: 0.4569214585276821
$\delta < 1.25^2$: 0.7282678096156149
$\delta < 1.25^3$: 0.8692142804762947
MAE: 9.203008243441582
InvMAE: 22.19846365094185
InvRMSE: 29.769603746175765
LogMAE: 33.84948974704742
LogSI: 41.622716784507446
Chamfer: 4.251273216909276
F-Score: 7.723848087355495
IoU: 4.216522408679127
F-Score-20: 15.315050313830376
IoU-20: 8.856348542749881
