Ratio: 0.04307045297824526
AbsRel: 26.98654899430275
SqRel: 15.220187492743134
RMSE: 11.663995692789555
LogRMSE: 38.7373210735321
$\delta < 1.05$: 0.14852723396345227
$\delta < 1.1$: 0.27268074201461356
$\delta < 1.25$: 0.5389931493135485
$\delta < 1.25^2$: 0.795708362139117
$\delta < 1.25^3$: 0.9026890067571287
MAE: 7.703419211953879
InvMAE: 284.876548027426
InvRMSE: 2244.385761206746
LogMAE: 29.01688670873642
LogSI: 37.883548118501274
Chamfer: 5.459006730075962
F-Score: 7.784526425410062
IoU: 4.27148008633405
F-Score-20: 14.938788073498756
IoU-20: 8.671760078303516
