Ratio: 0.33328721174343756
AbsRel: 22.70242408000001
SqRel: 10.286887839436531
RMSE: 0.894958720875716
LogRMSE: 28.921415809462193
$\delta < 1.05$: 0.152910486620026
$\delta < 1.1$: 0.29184325499377517
$\delta < 1.25$: 0.5964283406863197
$\delta < 1.25^2$: 0.8631359769216728
$\delta < 1.25^3$: 0.9572186303345046
MAE: 0.6547042204106984
InvMAE: 140.43664291801804
InvRMSE: 548.6829184173444
LogMAE: 23.242002092005645
LogSI: 28.551941397266894
