Ratio: 2.094559840379505
AbsRel: 30.371749732107926
SqRel: 18.4936676965941
RMSE: 1.0376376332174018
LogRMSE: 34.68036044117872
$\delta < 1.05$: 0.1149026677906378
$\delta < 1.1$: 0.22264132706534828
$\delta < 1.25$: 0.494245839460822
$\delta < 1.25^2$: 0.8045740357024921
$\delta < 1.25^3$: 0.9342545076780766
MAE: 0.7892142776228966
InvMAE: 122.23471569796222
InvRMSE: 160.15434672854363
LogMAE: 27.953443713873533
LogSI: 33.11010099639586
