Ratio: 0.3444137184462524
AbsRel: 39.98068844285308
SqRel: 63.954387257364914
RMSE: 7.412253824004717
LogRMSE: 66.82821229576494
$\delta < 1.05$: 0.11894545481272456
$\delta < 1.1$: 0.21749332120835596
$\delta < 1.25$: 0.4296465959683927
$\delta < 1.25^2$: 0.671619258643432
$\delta < 1.25^3$: 0.7970804958379092
MAE: 3.900311499712855
InvMAE: 3113.719880607567
InvRMSE: 15638.402882992195
LogMAE: 47.03012980758859
LogSI: 63.80145390922386
Chamfer: 3.002328017672465
F-Score: 29.61234108935061
IoU: 22.41420887047915
F-Score-20: 42.2351578187144
IoU-20: 33.46086370550702
