Ratio: 6.729726911460954
AbsRel: 54.70501348527424
SqRel: 133.5471907323253
RMSE: 7.186443603110085
LogRMSE: 65.15108236274081
$\delta < 1.05$: 0.09137459536009825
$\delta < 1.1$: 0.17513968391094664
$\delta < 1.25$: 0.3863613620378114
$\delta < 1.25^2$: 0.6453045235284489
$\delta < 1.25^3$: 0.7687837672658369
MAE: 4.08613143190385
InvMAE: 256.90150589087364
InvRMSE: 350.74727026363877
LogMAE: 48.76026893163982
LogSI: 60.54277439808546
Chamfer: 2.984930271442988
F-Score: 30.288417535606754
IoU: 21.541178818631685
F-Score-20: 44.581639089510205
IoU-20: 34.80451931981949
