Ratio: 0.15158128419591413
AbsRel: 25.097985426687426
SqRel: 21.59881010418938
RMSE: 9.5792980913193
LogRMSE: 46.559030199666175
$\delta < 1.05$: 0.17187194502518252
$\delta < 1.1$: 0.32896880191091055
$\delta < 1.25$: 0.6297309484026913
$\delta < 1.25^2$: 0.8343462425434597
$\delta < 1.25^3$: 0.912542756459283
MAE: 5.3716251493942355
InvMAE: 2334.6359502118635
InvRMSE: 16103.70679440529
LogMAE: 28.068435806766633
LogSI: 45.48589833387525
Chamfer: 2.653496190425442
F-Score: 14.383979979176676
IoU: 8.054758095433636
F-Score-20: 28.8671808778086
IoU-20: 17.937497236445065
Ratio-Edges: 0.13632729895240484
AbsRel-Edges: 30.78459644317627
SqRel-Edges: 24.900876658775058
RMSE-Edges: 10.771925509273032
LogRMSE-Edges: 45.716843048575655
$\delta < 1.05$-Edges: 0.13213678257231543
$\delta < 1.1$-Edges: 0.25046970593200835
$\delta < 1.25$-Edges: 0.5032372943987898
$\delta < 1.25^2$-Edges: 0.7547250387013122
$\delta < 1.25^3$-Edges: 0.8778265451936571
MAE-Edges: 6.919921141614517
InvMAE-Edges: 779.9611363331671
InvRMSE-Edges: 6201.040152151659
LogMAE-Edges: 32.57200505577661
LogSI-Edges: 44.489230348735006
Chamfer-Edges: 4.738784518484275
F-Score-Edges: 7.328366511923815
IoU-Edges: 4.256598692382473
F-Score-20-Edges: 15.132632050064265
IoU-20-Edges: 9.29344987379375
DirAcc-Edges: 67.7866612206034
Dir (-)-Edges: 4.58281156822661
Dir (+)-Edges: 27.630527211169987
EdgeAcc-Edges: 3.863321186741047
EdgeComp-Edges: 36.98707133577712
