Ratio: 6.886022829115391
AbsRel: 26.802028898000717
SqRel: 21.362079265862704
RMSE: 8.027473881840706
LogRMSE: 35.17562945127487
$\delta < 1.05$: 0.15360688851917131
$\delta < 1.1$: 0.29427579624157135
$\delta < 1.25$: 0.5894167538612525
$\delta < 1.25^2$: 0.8300413576224038
$\delta < 1.25^3$: 0.9230984203759504
MAE: 4.68918554879725
InvMAE: 26.20323994576931
InvRMSE: 35.55914154291153
LogMAE: 26.083548890352247
LogSI: 34.11099497603457
Chamfer: 2.6280382648664444
F-Score: 12.751864557564259
IoU: 7.022788183838129
F-Score-20: 25.46851626574993
IoU-20: 15.399083573520183
Ratio-Edges: 7.649211782217026
AbsRel-Edges: 34.126050013303754
SqRel-Edges: 36.46999670609832
RMSE-Edges: 9.484255032762885
LogRMSE-Edges: 42.14040882110596
$\delta < 1.05$-Edges: 0.12717062664891124
$\delta < 1.1$-Edges: 0.23812099939859166
$\delta < 1.25$-Edges: 0.49161250484109104
$\delta < 1.25^2$-Edges: 0.757945010273048
$\delta < 1.25^3$-Edges: 0.8831301610272675
MAE-Edges: 6.133389973957091
InvMAE-Edges: 29.507307830750943
InvRMSE-Edges: 40.91078600436449
LogMAE-Edges: 31.87050190448761
LogSI-Edges: 40.753262189201656
Chamfer-Edges: 3.5849535123505967
F-Score-Edges: 7.2058131443709135
IoU-Edges: 4.017292319610715
F-Score-20-Edges: 15.626159326434136
IoU-20-Edges: 9.168735207021236
DirAcc-Edges: 69.69119813615652
Dir (-)-Edges: 4.057328069859869
Dir (+)-Edges: 26.251473793983624
EdgeAcc-Edges: 3.6759339209703965
EdgeComp-Edges: 33.60380350751108
