Ratio: 0.12754814933960446
AbsRel: 22.86643923997879
SqRel: 13.777818275541067
RMSE: 8.054648867547511
LogRMSE: 35.46663703203201
$\delta < 1.05$: 0.17444380584489175
$\delta < 1.1$: 0.33029173285197716
$\delta < 1.25$: 0.6415431517513297
$\delta < 1.25^2$: 0.8564273260939089
$\delta < 1.25^3$: 0.9288040582287495
MAE: 4.525364155359566
InvMAE: 320.9813332539797
InvRMSE: 3496.1142329525946
LogMAE: 24.274795801639556
LogSI: 34.86355299929399
Chamfer: 2.6871512338398658
F-Score: 13.416579820457846
IoU: 7.390006324751303
F-Score-20: 26.763336431086064
IoU-20: 16.2490642015636
Ratio-Edges: 0.11227803392434822
AbsRel-Edges: 28.762411822676658
SqRel-Edges: 18.45053416155279
RMSE-Edges: 9.401738122813404
LogRMSE-Edges: 40.21314421415329
$\delta < 1.05$-Edges: 0.13308399105627577
$\delta < 1.1$-Edges: 0.24864167101757695
$\delta < 1.25$-Edges: 0.5176135026667573
$\delta < 1.25^2$-Edges: 0.7801161198575877
$\delta < 1.25^3$-Edges: 0.8921984225097154
MAE-Edges: 5.962903544325382
InvMAE-Edges: 86.05939595013857
InvRMSE-Edges: 921.6879530698061
LogMAE-Edges: 30.232848865985872
LogSI-Edges: 39.32170493108214
Chamfer-Edges: 4.178372008718654
F-Score-Edges: 7.122163677364588
IoU-Edges: 4.055857147946954
F-Score-20-Edges: 14.94252414137125
IoU-20-Edges: 8.786386748999357
DirAcc-Edges: 72.39484241700073
Dir (-)-Edges: 5.608720277863432
Dir (+)-Edges: 21.99643730513585
EdgeAcc-Edges: 3.8388400013758517
EdgeComp-Edges: 42.02518808016804
