Ratio: 7.095805866487565
AbsRel: 29.69124862609371
SqRel: 35.232902491631044
RMSE: 9.357228468464267
LogRMSE: 36.57265145824802
$\delta < 1.05$: 0.15982114588338722
$\delta < 1.1$: 0.3017146395566302
$\delta < 1.25$: 0.5867573507363641
$\delta < 1.25^2$: 0.8214909217952056
$\delta < 1.25^3$: 0.9136900484637767
MAE: 5.421906832571953
InvMAE: 28.799302668110016
InvRMSE: 42.089347931031256
LogMAE: 27.10092695913007
LogSI: 35.25685008907443
Chamfer: 2.7647932926150247
F-Score: 13.22745492619853
IoU: 7.323517425098727
F-Score-20: 26.499091701815207
IoU-20: 16.134908441112888
Ratio-Edges: 7.9103000500622915
AbsRel-Edges: 38.9175675473182
SqRel-Edges: 64.29884591488278
RMSE-Edges: 11.514207433008291
LogRMSE-Edges: 44.07916788899041
$\delta < 1.05$-Edges: 0.12984068877483892
$\delta < 1.1$-Edges: 0.23866048255795094
$\delta < 1.25$-Edges: 0.4815530834951611
$\delta < 1.25^2$-Edges: 0.7428852930035268
$\delta < 1.25^3$-Edges: 0.8714842360933193
MAE-Edges: 7.454224053151857
InvMAE-Edges: 28.736519885219
InvRMSE-Edges: 42.98295128984389
LogMAE-Edges: 33.329796578525716
LogSI-Edges: 42.57868933435963
Chamfer-Edges: 4.383790042858978
F-Score-Edges: 7.4698009522522195
IoU-Edges: 4.495657149892227
F-Score-20-Edges: 14.776700232114667
IoU-20-Edges: 9.047564911394337
DirAcc-Edges: 65.67918729374324
Dir (-)-Edges: 3.4413350715053324
Dir (+)-Edges: 30.87947763475143
EdgeAcc-Edges: 3.8247380877705153
EdgeComp-Edges: 31.198952470511305
