Ratio: 0.25903626749432607
AbsRel: 23.123810472869874
SqRel: 10.436774668979645
RMSE: 1.4781035219073295
LogRMSE: 36.840638563537595
$\delta < 1.05$: 0.16557536186449223
$\delta < 1.1$: 0.31427497245342456
$\delta < 1.25$: 0.6324629601248635
$\delta < 1.25^2$: 0.8479273962230305
$\delta < 1.25^3$: 0.9041476383092774
MAE: 0.8279422834634781
InvMAE: 103.13406950378418
InvRMSE: 180.81518571777343
LogMAE: 25.68377770652771
LogSI: 36.28913722742504
