Ratio: 2.1833291105747223
AbsRel: 31.67862522277832
SqRel: 19.452066385746
RMSE: 1.5449778420209885
LogRMSE: 41.780578798675535
$\delta < 1.05$: 0.11916618240114135
$\delta < 1.1$: 0.2287168728047659
$\delta < 1.25$: 0.4864190120603243
$\delta < 1.25^2$: 0.7633062932646595
$\delta < 1.25^3$: 0.8906843371815804
MAE: 1.0010929624557494
InvMAE: 126.09944854888916
InvRMSE: 161.7187504638672
LogMAE: 31.639083968353273
LogSI: 40.94490966717022
