MAE: 1.0554804640795503
RMSE: 2.593986599232469
InvMAE: 4.037680088281632
InvRMSE: 6.295421627419335
LogMAE: 5.172025459323611
LogRMSE: 8.495200524670738
LogSI: 7.686112672111496
AbsRel: 5.448795705182212
SqRel: 1.6027975835544723
ChamferDist: 0.43154519789985246
F-Score: 56.774894751906395
IoU: 41.037765501865316
F-Score-20: 75.82563419989177
IoU-20: 62.28386252471379
