AbsRel: 0.09989282504857185
SqRel: 0.7466778366464368
RMSE: 4.5174679320033
LogRMSE: 0.1877855570396272
$\delta < 1.25$: 0.8888945219241069
$\delta < 1.25^2$: 0.960982222851661
$\delta < 1.25^3$: 0.9807286766058559
ChamferDist: 0.8181901084555786
F-Score: 26.694080519710415
IoU: 15.578469201174151
F-Score-20: 53.92376025814237
IoU-20: 37.31954405194889
