MAE: 1.6316778909392151
RMSE: 3.6325511847354153
InvMAE: 5.951575611632294
InvRMSE: 8.91234825396099
LogMAE: 7.829683270922468
LogRMSE: 12.184183371578989
LogSI: 11.23131385890377
AbsRel: 8.0043705701828
SqRel: 2.080694364029571
ChamferDist: 0.6641541140988195
F-Score: 49.323485998379674
IoU: 33.88982424542216
F-Score-20: 67.09873418135146
IoU-20: 51.66905293727945
