Ratio: 0.1938517129008315
AbsRel: 22.76760615158081
SqRel: 18.94678313922882
RMSE: 32.92602822780609
LogRMSE: 165.46127937316894
$\delta < 1.05$: 0.20449754592120628
$\delta < 1.1$: 0.38293573720969504
$\delta < 1.25$: 0.7291196192600087
$\delta < 1.25^2$: 0.8723485133712707
$\delta < 1.25^3$: 0.9213370359029979
MAE: 13.083381765842438
InvMAE: 24657.578828914164
InvRMSE: 134881.7328809681
LogMAE: 48.36222790622711
LogSI: 162.27070475110187
Chamfer: 3.164376572151972
F-Score: 9.383973236083984
IoU: 4.983391306996346
F-Score-20: 26.538332449913025
IoU-20: 15.525327993869782
