Ratio: 7.465079584121704
AbsRel: 24.462891218185426
SqRel: 16.009125859737395
RMSE: 17.788145072937013
LogRMSE: 32.45414158630371
$\delta < 1.05$: 0.13009015590746573
$\delta < 1.1$: 0.25178030765890613
$\delta < 1.25$: 0.548416389038743
$\delta < 1.25^2$: 0.8647563727890911
$\delta < 1.25^3$: 0.9562849828918217
MAE: 9.018438521385193
InvMAE: 13.1903271150589
InvRMSE: 19.243606401443483
LogMAE: 24.78554301071167
LogSI: 31.917516745029697
Chamfer: 2.936937210788168
F-Score: 4.610380519807339
IoU: 2.3944682898819445
F-Score-20: 14.063389190196991
IoU-20: 7.709331553280354
