Ratio: 10.149538167656269
AbsRel: 56.43887006220796
SqRel: 492.79208077978126
RMSE: 9.597728467441994
LogRMSE: 54.300820949366276
$\delta < 1.05$: 0.11012072248700244
$\delta < 1.1$: 0.2111229751783369
$\delta < 1.25$: 0.4450611644065008
$\delta < 1.25^2$: 0.6997669424243259
$\delta < 1.25^3$: 0.8263825653351333
MAE: 6.119748736309898
InvMAE: 47.13868649444238
InvRMSE: 99.71395375482705
LogMAE: 39.518005991195885
LogSI: 51.3779384901763
