Ratio: 0.13001104069575628
AbsRel: 19.18129478307871
SqRel: 12.737427892501538
RMSE: 1.1173310941916246
LogRMSE: 26.65030274611253
$\delta < 1.05$: 0.20728972402946383
$\delta < 1.1$: 0.3827531195737266
$\delta < 1.25$: 0.7092927186122338
$\delta < 1.25^2$: 0.9060512034672782
$\delta < 1.25^3$: 0.9608919183573568
MAE: 0.7006432858109474
InvMAE: 225.40555340840265
InvRMSE: 1643.4715998781644
LogMAE: 19.879967889785767
LogSI: 26.284726990348588
