Ratio: 0.11231301206087511
AbsRel: 38.978650069557496
SqRel: 105.42949660636918
RMSE: 9.54972640388215
LogRMSE: 54.08387835250307
$\delta < 1.05$: 0.1164912862361152
$\delta < 1.1$: 0.22190444669037576
$\delta < 1.25$: 0.4589647397951408
$\delta < 1.25^2$: 0.6988478371861024
$\delta < 1.25^3$: 0.8180363027640818
MAE: 5.969422249783315
InvMAE: 625.247640480375
InvRMSE: 4078.846584043161
LogMAE: 39.89726162170616
LogSI: 50.815182644818016
