Ratio: 3.5360635652908914
AbsRel: 28.740218913738545
SqRel: 21.310333154384907
RMSE: 1.4529289956276232
LogRMSE: 35.547670191251314
$\delta < 1.05$: 0.14212031023782903
$\delta < 1.1$: 0.2675012817108252
$\delta < 1.25$: 0.5506858222474333
$\delta < 1.25^2$: 0.8208841348704632
$\delta < 1.25^3$: 0.9238349205350054
MAE: 0.9982109991862224
InvMAE: 125.21998442429762
InvRMSE: 168.9746708180354
LogMAE: 27.363605836721568
LogSI: 34.34231327170546
