Ratio: 5.399999999999999
AbsRel: 5.258627810989108
SqRel: 1.6059741388580628
RMSE: 2.5278910408062596
LogRMSE: 8.161424997193473
$\delta < 1.05$: 0.6874617665977417
$\delta < 1.1$: 0.8900797715730144
$\delta < 1.25$: 0.9738724104709505
$\delta < 1.25^2$: 0.9945087232806508
$\delta < 1.25^3$: 0.9980892073140787
MAE: 1.0096890391835145
InvMAE: 3.901121468373707
InvRMSE: 6.027535034929003
LogMAE: 4.965408447129386
LogSI: 7.293140914347124
Chamfer: 0.41770604764014774
F-Score: 58.562934865089396
IoU: 42.901951640152504
F-Score-20: 77.09946281995092
IoU-20: 64.14875001562493
