Ratio: 5.399999999999999
AbsRel: 7.995796366337618
SqRel: 2.079380644931018
RMSE: 3.646384250441212
LogRMSE: 11.952369426657086
$\delta < 1.05$: 0.5273889885601575
$\delta < 1.1$: 0.7497361496244085
$\delta < 1.25$: 0.9292565580224851
$\delta < 1.25^2$: 0.9874716985970734
$\delta < 1.25^3$: 0.9966018664078338
MAE: 1.63127476973402
InvMAE: 5.874104587029826
InvRMSE: 8.641282497373826
LogMAE: 7.764481976719722
LogSI: 10.938401165040545
Chamfer: 0.655081861464865
F-Score: 49.486470744150914
IoU: 34.107850663386785
F-Score-20: 66.98721977117603
IoU-20: 51.64436729170062
