Ratio: 0.037976441789350675
AbsRel: 27.834255561344982
SqRel: 15.752281541034579
RMSE: 11.926891723453998
LogRMSE: 39.554460988998414
$\delta < 1.05$: 0.14124579656510752
$\delta < 1.1$: 0.26068200960846455
$\delta < 1.25$: 0.5231218959359896
$\delta < 1.25^2$: 0.7811975671623885
$\delta < 1.25^3$: 0.8957948676103406
MAE: 7.948944785892963
InvMAE: 229.4060712167099
InvRMSE: 1887.296389624037
LogMAE: 30.045300409317015
LogSI: 38.592930690707824
Chamfer: 6.1907488024448325
F-Score: 7.443209592822473
IoU: 4.108941794544924
F-Score-20: 14.086334706271067
IoU-20: 8.229718369737267
