Ratio: 26.58282494711876
AbsRel: 37.43867215442658
SqRel: 35.776645616531376
RMSE: 13.523834460377692
LogRMSE: 45.38405747890472
$\delta < 1.05$: 0.10585309570919245
$\delta < 1.1$: 0.20313460361401703
$\delta < 1.25$: 0.4391771451146433
$\delta < 1.25^2$: 0.711420291792411
$\delta < 1.25^3$: 0.8566862208673184
MAE: 9.460200776576995
InvMAE: 23.379642077565194
InvRMSE: 31.804964109182357
LogMAE: 35.34560547351837
LogSI: 43.50009197597465
Chamfer: 4.364032877105076
F-Score: 7.841151954069733
IoU: 4.297432035133243
F-Score-20: 15.31419139099121
IoU-20: 8.887638504683972
