Ratio: 2.0649639661523547
AbsRel: 28.361254590002403
SqRel: 16.96439844862037
RMSE: 0.9962731780490015
LogRMSE: 33.39240553619665
$\delta < 1.05$: 0.12369065950237614
$\delta < 1.1$: 0.23860248006899706
$\delta < 1.25$: 0.5173338066113295
$\delta < 1.25^2$: 0.8212542136098959
$\delta < 1.25^3$: 0.9402249698496791
MAE: 0.7444131998430699
InvMAE: 119.96559106902609
InvRMSE: 158.83904609330204
LogMAE: 26.807592416757473
LogSI: 32.15223496017491
