Ratio: 0.33111893557049
AbsRel: 22.244344768903307
SqRel: 9.673696041972994
RMSE: 0.8770933742848558
LogRMSE: 28.180307792231943
$\delta < 1.05$: 0.15119170681581845
$\delta < 1.1$: 0.2886776443574802
$\delta < 1.25$: 0.6021878467543281
$\delta < 1.25^2$: 0.8736668866409466
$\delta < 1.25^3$: 0.9628794299948519
MAE: 0.643520504259006
InvMAE: 137.03462096164716
InvRMSE: 542.2140115685419
LogMAE: 22.760496873738933
LogSI: 27.824070834609568
