Ratio: 7.225014271918666
AbsRel: 58.73634028223713
SqRel: 156.9579800247237
RMSE: 7.284744532869763
LogRMSE: 69.40139717679274
$\delta < 1.05$: 0.08870575689398703
$\delta < 1.1$: 0.16807703871571014
$\delta < 1.25$: 0.3602070870902324
$\delta < 1.25^2$: 0.6016016445834163
$\delta < 1.25^3$: 0.7401427405032871
MAE: 4.1432597044409745
InvMAE: 288.28409123065654
InvRMSE: 386.7644047131379
LogMAE: 52.07334347404361
LogSI: 64.9080571129151
Chamfer: 3.0068682532541278
F-Score: 28.846992855739188
IoU: 19.736647106367986
F-Score-20: 43.882213829037106
IoU-20: 33.532420186862424
