Ratio: 0.25010166716382753
AbsRel: 40.4382337115598
SqRel: 59.25768895319676
RMSE: 7.3820927438339545
LogRMSE: 68.961183566568
$\delta < 1.05$: 0.11429458287336804
$\delta < 1.1$: 0.21230044167460144
$\delta < 1.25$: 0.4199525123050007
$\delta < 1.25^2$: 0.6514465373694118
$\delta < 1.25^3$: 0.7827303509350996
MAE: 3.9279285507410338
InvMAE: 3544.594313025132
InvRMSE: 16753.397462122604
LogMAE: 48.63559988161023
LogSI: 65.65535882602592
Chamfer: 3.1895744473260406
F-Score: 28.202203099807484
IoU: 21.581977526872066
F-Score-20: 40.959873259099616
IoU-20: 32.23270309527525
