Ratio: 0.15537202826512134
AbsRel: 25.01181477331346
SqRel: 22.796366172240628
RMSE: 9.564551971660507
LogRMSE: 45.71782040503717
$\delta < 1.05$: 0.1746930113978357
$\delta < 1.1$: 0.3317534890162959
$\delta < 1.25$: 0.6339713867273203
$\delta < 1.25^2$: 0.8369363473189494
$\delta < 1.25^3$: 0.9132104347649951
MAE: 5.333808143590727
InvMAE: 2108.282786618202
InvRMSE: 14896.987606565413
LogMAE: 27.70127908983538
LogSI: 44.68248912839886
Chamfer: 2.6088739801094745
F-Score: 14.577921781924463
IoU: 8.182559459094078
F-Score-20: 29.263612686280283
IoU-20: 18.231265105585898
Ratio-Edges: 0.1254324099320409
AbsRel-Edges: 30.81122103423075
SqRel-Edges: 26.10079119015558
RMSE-Edges: 10.753742533737148
LogRMSE-Edges: 45.34407959327199
$\delta < 1.05$-Edges: 0.1320674344346311
$\delta < 1.1$-Edges: 0.250873515176224
$\delta < 1.25$-Edges: 0.5056699348061866
$\delta < 1.25^2$-Edges: 0.7565936949122366
$\delta < 1.25^3$-Edges: 0.8787913677602195
MAE-Edges: 6.885931248578176
InvMAE-Edges: 694.208199562707
InvRMSE-Edges: 5713.577832061909
LogMAE-Edges: 32.40897281091977
LogSI-Edges: 44.15056301780324
Chamfer-Edges: 4.675141975394192
F-Score-Edges: 7.114585430783774
IoU-Edges: 4.093066557540613
F-Score-20-Edges: 14.947054980062191
IoU-20-Edges: 9.14387929664523
DirAcc-Edges: 68.18455554010414
Dir (-)-Edges: 4.465830655648242
Dir (+)-Edges: 27.349613804247614
EdgeAcc-Edges: 4.0658042929489975
EdgeComp-Edges: 36.57475919009997
