Ratio: 6.870556648469741
AbsRel: 29.836102078345515
SqRel: 38.679353262416775
RMSE: 9.464128300739873
LogRMSE: 36.185170948274674
$\delta < 1.05$: 0.16404734212372415
$\delta < 1.1$: 0.3078964262340234
$\delta < 1.25$: 0.5958253523219263
$\delta < 1.25^2$: 0.8289594774469928
$\delta < 1.25^3$: 0.9178000164142621
MAE: 5.425461311551833
InvMAE: 27.863735275268553
InvRMSE: 41.116289025583576
LogMAE: 26.61391178008049
LogSI: 35.00593507068457
Chamfer: 2.5581239284152577
F-Score: 13.65833252545326
IoU: 7.56640879484915
F-Score-20: 27.322586429349837
IoU-20: 16.654687351872845
Ratio-Edges: 7.5435820493822785
AbsRel-Edges: 40.4607778365316
SqRel-Edges: 76.2506970506478
RMSE-Edges: 11.996488271517302
LogRMSE-Edges: 44.824785228804046
$\delta < 1.05$-Edges: 0.1303986695858131
$\delta < 1.1$-Edges: 0.24045038072140737
$\delta < 1.25$-Edges: 0.4822199222716313
$\delta < 1.25^2$-Edges: 0.7406132683625324
$\delta < 1.25^3$-Edges: 0.8681490601478826
MAE-Edges: 7.689724663722943
InvMAE-Edges: 28.847574091892618
InvRMSE-Edges: 43.17552018446081
LogMAE-Edges: 33.6925276298149
LogSI-Edges: 43.367007617180846
Chamfer-Edges: 4.263774253258267
F-Score-Edges: 7.427813698711738
IoU-Edges: 4.436838770263336
F-Score-20-Edges: 14.90825715142917
IoU-20-Edges: 9.128617978134965
DirAcc-Edges: 66.02024616564228
Dir (-)-Edges: 3.265785745780365
Dir (+)-Edges: 30.713968088577353
EdgeAcc-Edges: 3.9457076474103174
EdgeComp-Edges: 31.21883635772631
