Ratio: 0.1331548480201089
AbsRel: 22.986231297254562
SqRel: 14.129618340656162
RMSE: 8.094320809394121
LogRMSE: 36.234247901439666
$\delta < 1.05$: 0.1727485265671934
$\delta < 1.1$: 0.3280837333351086
$\delta < 1.25$: 0.6381873053468761
$\delta < 1.25^2$: 0.856430645647983
$\delta < 1.25^3$: 0.9284502608661798
MAE: 4.553134116269648
InvMAE: 409.28066973030565
InvRMSE: 4491.514333367348
LogMAE: 24.446231195926668
LogSI: 35.62179450255276
Chamfer: 2.6342979861247007
F-Score: 13.285199373811484
IoU: 7.308434561546892
F-Score-20: 26.447602927684784
IoU-20: 15.970470030605792
Ratio-Edges: 0.11898134842230813
AbsRel-Edges: 28.722644709944724
SqRel-Edges: 17.990563946664334
RMSE-Edges: 9.397811074517668
LogRMSE-Edges: 40.848481265306475
$\delta < 1.05$-Edges: 0.1321552803040898
$\delta < 1.1$-Edges: 0.24666450522463707
$\delta < 1.25$-Edges: 0.5168636892786457
$\delta < 1.25^2$-Edges: 0.7800603367125599
$\delta < 1.25^3$-Edges: 0.8928719471914925
MAE-Edges: 5.964524593967944
InvMAE-Edges: 175.80988704979418
InvRMSE-Edges: 1866.3980630093813
LogMAE-Edges: 30.34580482661724
LogSI-Edges: 39.94829930502943
Chamfer-Edges: 4.110865612227744
F-Score-Edges: 6.933939706534147
IoU-Edges: 3.884356385692954
F-Score-20-Edges: 14.683612982630729
IoU-20-Edges: 8.591156326681375
DirAcc-Edges: 72.86022351560626
Dir (-)-Edges: 5.678101016719772
Dir (+)-Edges: 21.461675467673963
EdgeAcc-Edges: 3.960647420723642
EdgeComp-Edges: 55.76511481960377
