Ratio: 6.5813958331942555
AbsRel: 27.279925912618637
SqRel: 28.947162858918308
RMSE: 8.127095804698765
LogRMSE: 35.25857277750969
$\delta < 1.05$: 0.15581882051316778
$\delta < 1.1$: 0.2937113609209072
$\delta < 1.25$: 0.5859222590466431
$\delta < 1.25^2$: 0.8356802918011297
$\delta < 1.25^3$: 0.9256052218043235
MAE: 4.7087016662955286
InvMAE: 26.321054512262343
InvRMSE: 35.76115841209889
LogMAE: 25.993958336114883
LogSI: 34.19149866898558
Chamfer: 2.4951248187905617
F-Score: 12.94339862525463
IoU: 7.111074524074793
F-Score-20: 25.63660929262638
IoU-20: 15.41675448179245
Ratio-Edges: 7.1357625651359555
AbsRel-Edges: 34.25458365559578
SqRel-Edges: 38.58039595775306
RMSE-Edges: 9.581261555999518
LogRMSE-Edges: 42.29953919291496
$\delta < 1.05$-Edges: 0.12251880117877821
$\delta < 1.1$-Edges: 0.232918778856671
$\delta < 1.25$-Edges: 0.48926452621533456
$\delta < 1.25^2$-Edges: 0.7606749476384357
$\delta < 1.25^3$-Edges: 0.8835095402584874
MAE-Edges: 6.196861367058009
InvMAE-Edges: 29.634717413783072
InvRMSE-Edges: 40.9199532276392
LogMAE-Edges: 31.977386202812195
LogSI-Edges: 40.9618014613121
Chamfer-Edges: 3.4747751066366344
F-Score-Edges: 7.255687943696976
IoU-Edges: 4.090065329037607
F-Score-20-Edges: 15.505106278806926
IoU-20-Edges: 9.063621111512184
DirAcc-Edges: 70.57078333247678
Dir (-)-Edges: 4.35836213468325
Dir (+)-Edges: 25.070854532839963
EdgeAcc-Edges: 3.7692646033643196
EdgeComp-Edges: 36.93259436003985
