Ratio: 2.193430420899391
AbsRel: 30.09913786277771
SqRel: 19.75115311908722
RMSE: 1.5222188992619514
LogRMSE: 41.469415879058836
$\delta < 1.05$: 0.13131987680876564
$\delta < 1.1$: 0.24965783292027746
$\delta < 1.25$: 0.521424924686853
$\delta < 1.25^2$: 0.7831712533697467
$\delta < 1.25^3$: 0.8826369224883674
MAE: 0.950574078130722
InvMAE: 126.53649368896484
InvRMSE: 165.51124023742676
LogMAE: 30.806497786331178
LogSI: 40.46367248772483
