Ratio: 0.23967501322700255
AbsRel: 23.73716762676239
SqRel: 12.480371069049836
RMSE: 1.4845798385620117
LogRMSE: 37.163749979400635
$\delta < 1.05$: 0.1640950044659085
$\delta < 1.1$: 0.31296795697114743
$\delta < 1.25$: 0.6248858420979262
$\delta < 1.25^2$: 0.8384197653429586
$\delta < 1.25^3$: 0.899729297201042
MAE: 0.8378130602836609
InvMAE: 112.87889674682617
InvRMSE: 280.75135322265623
LogMAE: 26.223340100860597
LogSI: 36.54720679948174
