MAE: 1.930199649344924
RMSE: 4.116046796090032
InvMAE: 7.371094055519514
InvRMSE: 10.638569085144558
LogMAE: 9.496679793837611
LogRMSE: 14.178199470408854
LogSI: 12.663942787697255
AbsRel: 10.035369320515475
SqRel: 3.4366548677529294
ChamferDist: 0.7568867082473325
F-Score: 44.42454470738632
IoU: 29.819246780018727
F-Score-20: 63.31349394086497
IoU-20: 47.747130978509695
