AbsRel: 0.11260960198179892
SqRel: 0.893453968883929
RMSE: 4.822803648164659
LogRMSE: 0.19653044478537535
$\delta < 1.25$: 0.8683372261245046
$\delta < 1.25^2$: 0.9567505184404174
$\delta < 1.25^3$: 0.9801751596968808
ChamferDist: 0.8669512033719072
F-Score: 25.011690283608402
IoU: 14.47498008288133
F-Score-20: 51.11867474072975
IoU-20: 34.804333075902385
