MAE: 1.3969146715530327
RMSE: 3.1499330336281233
InvMAE: 5.871151682989938
InvRMSE: 8.430700692449298
LogMAE: 7.220203565699713
LogRMSE: 10.84507964338575
LogSI: 9.040816862403549
AbsRel: 7.885216578926359
SqRel: 3.0622783550832953
ChamferDist: 0.5588890765607357
F-Score: 48.46683598719803
IoU: 34.13588948519368
F-Score-20: 68.7221728061246
IoU-20: 54.82024815948414
