MAE: 1.8122622287072288
RMSE: 4.027445967212045
InvMAE: 6.673391797791229
InvRMSE: 10.06274416256536
LogMAE: 8.734998833548072
LogRMSE: 13.728894023076156
LogSI: 12.828339460013286
AbsRel: 8.852051151676411
SqRel: 2.635700040982545
ChamferDist: 0.7219248486259964
F-Score: 47.83150742893204
IoU: 32.46749689356864
F-Score-20: 65.37056281010797
IoU-20: 49.714518879637396
