MAE: 1.2299586363349642
RMSE: 3.060456434914044
InvMAE: 4.550673246043069
InvRMSE: 7.236131346906935
LogMAE: 5.903958383117403
LogRMSE: 9.869492849622453
LogSI: 9.085226778262543
AbsRel: 6.258846330472402
SqRel: 2.2788872866332532
ChamferDist: 0.4944304141827992
F-Score: 54.528763638734816
IoU: 38.9340514896065
F-Score-20: 73.30397309422493
IoU-20: 59.167437787396565
