AbsRel: 0.10989510641036451
SqRel: 0.8540014916739642
RMSE: 4.843088179783979
LogRMSE: 0.20039578692364898
$\delta < 1.25$: 0.8667337381263918
$\delta < 1.25^2$: 0.9547299203042409
$\delta < 1.25^3$: 0.9787755750473685
ChamferDist: 0.8943705877323916
F-Score: 24.666975107530355
IoU: 14.230856319550035
F-Score-20: 51.52220858716896
IoU-20: 35.08726845602565
