Scale: 16.874773536562387
Shift: 0.0
AbsRel: 43.47971087934725
SqRel: 324.6290975889283
RMSE: 7.772048756947966
LogRMSE: 44.89053671135496
$\delta_{.05}$: 18.941908922143575
$\delta_{.1}$: 34.14477822208009
$\delta_{.25}$: 59.83340402382884
$\delta_{.25^2}$: 79.7999315502706
$\delta_{.25^3}$: 88.20142028063918
MAE: 4.629310640318511
InvMAE: 37.77785622378636
InvRMSE: 92.73012484028735
LogMAE: 30.2033098770364
LogSI: 42.49047964939042
