Scale: 0.09480994881693607
Shift: 0.00399715588140164
AbsRel: 34.53385446424441
SqRel: 128.6356349453798
RMSE: 9.391241087440418
LogRMSE: 54.90513756136188
$\delta_{.05}$: 18.421996075984456
$\delta_{.1}$: 31.980729424934996
$\delta_{.25}$: 55.566146790409725
$\delta_{.25^2}$: 75.94254548638513
$\delta_{.25^3}$: 86.14670367974195
MAE: 5.401823628443239
InvMAE: 2577.5138776826216
InvRMSE: 15133.057744043825
LogMAE: 34.90077185684255
LogSI: 52.01358316948062
