Scale: 4.611805894008049
Shift: 0.0
AbsRel: 19.103555897932786
SqRel: 9.915864310814785
RMSE: 1.1124924218196135
LogRMSE: 25.10806153517503
$\delta_{.05}$: 23.04550850949341
$\delta_{.1}$: 41.042862005709296
$\delta_{.25}$: 72.27063244209845
$\delta_{.25^2}$: 90.82864202054657
$\delta_{.25^3}$: 96.39793522199243
MAE: 0.6968871591182856
InvMAE: 87.17716050661527
InvRMSE: 125.05982704456036
LogMAE: 18.61525068136362
LogSI: 23.88325905983425
