Scale: 0.24751923600699452
Shift: 0.09578940475770086
AbsRel: 15.251082345522367
SqRel: 16.124686649120772
RMSE: 1.1108442947268486
LogRMSE: 26.409518655630258
$\delta_{.05}$: 27.873500208537823
$\delta_{.1}$: 48.797712401091445
$\delta_{.25}$: 80.3614015625093
$\delta_{.25^2}$: 94.78950232085826
$\delta_{.25^3}$: 98.06881107353581
MAE: 0.554274279314738
InvMAE: 1744.1308161016611
InvRMSE: 8882.739871484317
LogMAE: 16.26030259645902
LogSI: 26.071108033438986
