Scale: 3.0433092540192677
Shift: 0.0
AbsRel: 13.681925153149013
SqRel: 4.5027884204362145
RMSE: 0.44223985694553875
LogRMSE: 17.31393028545088
$\delta_{.05}$: 29.76042903785831
$\delta_{.1}$: 51.8488909071559
$\delta_{.25}$: 82.54384174594094
$\delta_{.25^2}$: 96.4812029644667
$\delta_{.25^3}$: 99.18072074412241
MAE: 0.3100266238327056
InvMAE: 68.75287399087841
InvRMSE: 96.11916262367085
LogMAE: 13.137020453036014
LogSI: 16.37528639409945
