Scale: 0.36672802179542463
Shift: -0.008151906204128177
AbsRel: 11.804271957196226
SqRel: 4.743515591419071
RMSE: 0.5236245614365427
LogRMSE: 16.079102127559324
$\delta_{.05}$: 32.44617522831355
$\delta_{.1}$: 56.04880075683545
$\delta_{.25}$: 86.60276256537765
$\delta_{.25^2}$: 97.69765510981843
$\delta_{.25^3}$: 99.44281130109384
MAE: 0.30139984790269936
InvMAE: 186.8867515423976
InvRMSE: 1381.3186950012814
LogMAE: 11.746715416602038
LogSI: 16.014600397122333
