Scale: 0.31844283430675
Shift: 0.03179715620477231
AbsRel: 15.928369781970979
SqRel: 7.969264722591639
RMSE: 1.1685627686589957
LogRMSE: 25.737444701766968
$\delta_{.05}$: 28.010432916779724
$\delta_{.1}$: 49.427009411434504
$\delta_{.25}$: 78.55838969894658
$\delta_{.25^2}$: 90.60775858654134
$\delta_{.25^3}$: 95.00032643284695
MAE: 0.6163855353310704
InvMAE: 68.71625221939087
InvRMSE: 271.0525458908081
LogMAE: 17.151490741539
LogSI: 25.478189039199957
