Scale: 3.0073153471708296
Shift: 0.0
AbsRel: 17.334397567749022
SqRel: 7.906361198663712
RMSE: 1.1928573041260242
LogRMSE: 27.836769177246094
$\delta_{.05}$: 25.881751353239338
$\delta_{.1}$: 45.80429944187719
$\delta_{.25}$: 75.4617072912254
$\delta_{.25^2}$: 89.10850103328659
$\delta_{.25^3}$: 94.07820782784209
MAE: 0.6505211074709892
InvMAE: 73.66597052383423
InvRMSE: 99.80543673095703
LogMAE: 18.88316276550293
LogSI: 26.521898192552566
