AbsRel: 0.10127374797610504
SqRel: 0.7387368502830245
RMSE: 4.524941753366243
LogRMSE: 0.18728248607714687
$\delta < 1.25$: 0.8842564999169154
$\delta < 1.25^2$: 0.9601121163098136
$\delta < 1.25^3$: 0.9812195981913686
ChamferDist: 0.8192545335467268
F-Score: 26.759375504048347
IoU: 15.650808943801666
F-Score-20: 53.69342207292915
IoU-20: 37.21557271232564
