MAE: 1.045349492090089
RMSE: 2.5003458755356927
InvMAE: 4.564121081829071
InvRMSE: 6.872761240175792
LogMAE: 5.487710554770061
LogRMSE: 8.667275898797172
LogSI: 7.442612016656341
AbsRel: 5.900988317557744
SqRel: 2.0098475193658047
ChamferDist: 0.4418444160904203
F-Score: 56.588514125198124
IoU: 41.46817688047886
F-Score-20: 75.12025067980801
IoU-20: 62.22469479230898
