MAE: 1.6432817820573877
RMSE: 3.597012521801916
InvMAE: 6.1828242756106375
InvRMSE: 8.994615870385083
LogMAE: 8.019088228056036
LogRMSE: 12.173829289301773
LogSI: 10.955573223275703
AbsRel: 8.23810321275442
SqRel: 2.1699639937720416
ChamferDist: 0.6670454841769912
F-Score: 48.89513232414982
IoU: 33.66416157747225
F-Score-20: 66.47157136812532
IoU-20: 51.26274767001531
