Ratio: 0.033877724798962366
AbsRel: 27.680578904151915
SqRel: 50.65226746559143
RMSE: 31.875908450126648
LogRMSE: 138.0790770111084
$\delta < 1.05$: 0.16627089665140216
$\delta < 1.1$: 0.3167743714209421
$\delta < 1.25$: 0.6492666966362094
$\delta < 1.25^2$: 0.8561260984576627
$\delta < 1.25^3$: 0.9167895761500233
MAE: 13.367150997638703
InvMAE: 17881.28599342394
InvRMSE: 111820.08554707527
LogMAE: 43.542913962364196
LogSI: 136.13748921390857
Chamfer: 3.4245493402420184
F-Score: 7.851968306541443
IoU: 4.187128395318985
F-Score-20: 22.301419424057006
IoU-20: 12.88778155708313
