Ratio: 41.96013688850403
AbsRel: 26.90719058895111
SqRel: 71.38101928949357
RMSE: 20.484701251983644
LogRMSE: 35.545092670440674
$\delta < 1.05$: 0.17700897045870828
$\delta < 1.1$: 0.3296550428280406
$\delta < 1.25$: 0.6108071274196777
$\delta < 1.25^2$: 0.843265274460163
$\delta < 1.25^3$: 0.9415255218684563
MAE: 9.413184903860092
InvMAE: 12.978729984760285
InvRMSE: 21.26849827194214
LogMAE: 24.442381836891176
LogSI: 34.714892944046916
Chamfer: 3.1370669597076835
F-Score: 6.505415166437626
IoU: 3.405069707199931
F-Score-20: 19.973156177759172
IoU-20: 11.366550804913045
