Ratio: 11.912579959722665
AbsRel: 40.13805786426251
SqRel: 385.1625895353464
RMSE: 2.7363215367152143
LogRMSE: 41.679846719595105
$\delta < 1.05$: 0.12926363833063
$\delta < 1.1$: 0.2455624106889748
$\delta < 1.25$: 0.5109087383800862
$\delta < 1.25^2$: 0.7790794214981396
$\delta < 1.25^3$: 0.8973183366860779
MAE: 1.2848044549731108
InvMAE: 135.58619314633884
InvRMSE: 180.1357528422429
LogMAE: 30.921799562894382
LogSI: 40.38156386386616
