Ratio: 38.43809366012368
AbsRel: 56.824014809099545
SqRel: 439.50763397580306
RMSE: 9.632530825555058
LogRMSE: 53.98830250453521
$\delta < 1.05$: 0.11703007495938074
$\delta < 1.1$: 0.22135850192292209
$\delta < 1.25$: 0.45768788295126367
$\delta < 1.25^2$: 0.7087792090945845
$\delta < 1.25^3$: 0.8309658516373012
MAE: 6.126271847785856
InvMAE: 45.29898200762111
InvRMSE: 98.58875477260538
LogMAE: 38.85086336905646
LogSI: 51.363402898302276
