Ratio: 0.033594763710826675
AbsRel: 19.36539345374474
SqRel: 14.827149952374972
RMSE: 1.0968216410737772
LogRMSE: 26.712489442091723
$\delta < 1.05$: 0.20613758034884183
$\delta < 1.1$: 0.3842492687649519
$\delta < 1.25$: 0.704461130963598
$\delta < 1.25^2$: 0.9023573477527908
$\delta < 1.25^3$: 0.9606229443148798
MAE: 0.710997824049913
InvMAE: 162.62323612359853
InvRMSE: 1212.7151811188917
LogMAE: 19.998606644410355
LogSI: 26.3451277334392
