Ratio: 0.02974248899114881
AbsRel: 39.272965865284874
SqRel: 109.41637409374853
RMSE: 9.698554873600134
LogRMSE: 55.93297236703437
$\delta < 1.05$: 0.12185156674002089
$\delta < 1.1$: 0.23172363195086348
$\delta < 1.25$: 0.465708840543276
$\delta < 1.25^2$: 0.6960928684267489
$\delta < 1.25^3$: 0.8193675322653745
MAE: 6.011755809121068
InvMAE: 1078.2816730775105
InvRMSE: 7269.5989800910775
LogMAE: 40.05524414323371
LogSI: 52.731993464455385
