Ratio: 0.03744523571515989
AbsRel: 9.724864303334359
SqRel: 6.907487298996171
RMSE: 4.503864839673042
LogRMSE: 16.50893941905601
$\delta < 1.05$: 0.48936780252691664
$\delta < 1.1$: 0.7138796590335702
$\delta < 1.25$: 0.9046668846377653
$\delta < 1.25^2$: 0.9733097930857645
$\delta < 1.25^3$: 0.989881103169511
MAE: 1.93749608378286
InvMAE: 73.92942580452726
InvRMSE: 1009.4474338505165
LogMAE: 9.412425380542965
LogSI: 16.413714587606805
Chamfer: 0.7501189277783593
F-Score: 47.455673482520446
IoU: 32.189501245328984
F-Score-20: 66.12803654582954
IoU-20: 50.489931050985135
