Ratio: 26.756697735172107
AbsRel: 10.49444218683828
SqRel: 10.395551090043016
RMSE: 4.545354840122849
LogRMSE: 16.28955390994534
$\delta < 1.05$: 0.457295541504609
$\delta < 1.1$: 0.6960973989452757
$\delta < 1.25$: 0.9048294426266997
$\delta < 1.25^2$: 0.9741984270694566
$\delta < 1.25^3$: 0.9891331703837198
MAE: 1.9656599027338935
InvMAE: 7.596904807295536
InvRMSE: 12.811773303827625
LogMAE: 9.685892180431109
LogSI: 15.900563964808397
Chamfer: 0.722108047623396
F-Score: 45.39098449170224
IoU: 30.520751648702504
F-Score-20: 65.37291094130534
IoU-20: 49.757713002661255
