Ratio: 0.03762147231744397
AbsRel: 7.327854617323195
SqRel: 9.03784409233502
RMSE: 3.9837989627889225
LogRMSE: 13.52690816606794
$\delta < 1.05$: 0.7037107337648397
$\delta < 1.1$: 0.8441288154585336
$\delta < 1.25$: 0.9384243348665375
$\delta < 1.25^2$: 0.9762762315781044
$\delta < 1.25^3$: 0.9880323776485219
MAE: 1.5152509439843043
InvMAE: 13.858135527031763
InvRMSE: 157.15798820206098
LogMAE: 6.699877515350069
LogSI: 13.426396287976274
Chamfer: 0.6453355587194715
F-Score: 60.62557932921818
IoU: 45.06161345686231
F-Score-20: 75.39737713541304
IoU-20: 62.12424109186445
