Ratio: 26.34299107142857
AbsRel: 8.408687597002302
SqRel: 22.295382782960576
RMSE: 4.225853585558278
LogRMSE: 13.90178638287953
$\delta < 1.05$: 0.7069726115778237
$\delta < 1.1$: 0.8628117653441196
$\delta < 1.25$: 0.9534270000647712
$\delta < 1.25^2$: 0.9793299579283988
$\delta < 1.25^3$: 0.987442312967699
MAE: 1.4585763188983714
InvMAE: 4.798012877021517
InvRMSE: 10.246069905757905
LogMAE: 6.477473295245852
LogSI: 13.75627622059841
Chamfer: 0.534868416027593
F-Score: 60.68882942267827
IoU: 45.22344664863178
F-Score-20: 77.08625727994101
IoU-20: 64.11653236865997
