Ratio: 0.011428838687845144
AbsRel: 29.424799135684967
SqRel: 17.250441070467232
RMSE: 12.417869712352752
LogRMSE: 41.54740506744385
$\delta < 1.05$: 0.13048901276347505
$\delta < 1.1$: 0.24509874861520614
$\delta < 1.25$: 0.4992815017033978
$\delta < 1.25^2$: 0.7611927877574062
$\delta < 1.25^3$: 0.880772415680647
MAE: 8.319978325009346
InvMAE: 203.31056270420552
InvRMSE: 1727.06491052562
LogMAE: 31.918138998508454
LogSI: 40.478747659520565
Chamfer: 6.182090861471715
F-Score: 7.395840871213236
IoU: 4.063643234222429
F-Score-20: 14.13157471981272
IoU-20: 8.219452696685446
