Ratio: 81.39516060876846
AbsRel: 39.31079863118446
SqRel: 41.99648081564903
RMSE: 14.046012410402298
LogRMSE: 46.99494762897491
$\delta < 1.05$: 0.10702617096975868
$\delta < 1.1$: 0.20351938873318404
$\delta < 1.25$: 0.4357828282985652
$\delta < 1.25^2$: 0.7004901549764538
$\delta < 1.25^3$: 0.8430457566091709
MAE: 9.731685689330101
InvMAE: 23.798708562232555
InvRMSE: 31.855254705287518
LogMAE: 36.42513974761963
LogSI: 45.222751210123015
Chamfer: 4.074651302371391
F-Score: 8.60482090947032
IoU: 4.7467443515360355
F-Score-20: 16.70142758601904
IoU-20: 9.775673181772232
