Ratio: 0.09128466552405744
AbsRel: 23.652586740820414
SqRel: 12.200871574404772
RMSE: 0.9602199254688502
LogRMSE: 29.98274325084978
$\delta < 1.05$: 0.14757083530746148
$\delta < 1.1$: 0.28200875743759196
$\delta < 1.25$: 0.581195993494094
$\delta < 1.25^2$: 0.8508329923475614
$\delta < 1.25^3$: 0.9542493877638921
MAE: 0.6807998376770303
InvMAE: 156.54838257827527
InvRMSE: 1021.1468103216329
LogMAE: 24.071956867107193
LogSI: 29.60227997522087
