Ratio: 7.264786358637912
AbsRel: 33.40275987426804
SqRel: 28.341700935947056
RMSE: 1.2464261053169903
LogRMSE: 37.18315215796141
$\delta < 1.05$: 0.11648545708501776
$\delta < 1.1$: 0.22382206721470516
$\delta < 1.25$: 0.48043413385511846
$\delta < 1.25^2$: 0.778294069975408
$\delta < 1.25^3$: 0.9156581371511432
MAE: 0.8656032572326675
InvMAE: 127.17201815030626
InvRMSE: 165.81846154939143
LogMAE: 29.540516655014926
LogSI: 35.652415330021256
