Ratio: 0.06753998566017169
AbsRel: 41.73943415691978
SqRel: 72.1102466395918
RMSE: 7.682094498199709
LogRMSE: 73.92798277145367
$\delta < 1.05$: 0.10931843025305082
$\delta < 1.1$: 0.20245426802388086
$\delta < 1.25$: 0.4133941478420417
$\delta < 1.25^2$: 0.6464963056385826
$\delta < 1.25^3$: 0.7783260073573668
MAE: 4.073026617698407
InvMAE: 4540.738481469445
InvRMSE: 22851.766241854315
LogMAE: 50.48971919283342
LogSI: 70.53338193348829
Chamfer: 2.995648503435719
F-Score: 27.87842239694732
IoU: 21.566298955814403
F-Score-20: 39.65480952412603
IoU-20: 31.54668653837659
