Ratio: 21.487803348513882
AbsRel: 66.4316099786302
SqRel: 623.8494307235311
RMSE: 8.018426580163851
LogRMSE: 70.57543850138997
$\delta < 1.05$: 0.09038476812768557
$\delta < 1.1$: 0.17158916085190232
$\delta < 1.25$: 0.3677367503114707
$\delta < 1.25^2$: 0.6028215236892929
$\delta < 1.25^3$: 0.7433193319769106
MAE: 4.345526826281867
InvMAE: 283.00339546463135
InvRMSE: 377.10295477506645
LogMAE: 52.24529766078201
LogSI: 66.32886887029903
Chamfer: 2.5820856091059947
F-Score: 29.39797087268788
IoU: 20.514113528461476
F-Score-20: 44.272158477729874
IoU-20: 33.959077981634856
