Ratio: 30.536384526491165
AbsRel: 29.11875200510025
SqRel: 26.514541123211384
RMSE: 8.414756155833603
LogRMSE: 36.76532492876053
$\delta < 1.05$: 0.14379115248261873
$\delta < 1.1$: 0.27428292882301564
$\delta < 1.25$: 0.5601998963063246
$\delta < 1.25^2$: 0.8155485984637135
$\delta < 1.25^3$: 0.916477441915423
MAE: 4.92339160606265
InvMAE: 27.33992667078972
InvRMSE: 36.93101142644882
LogMAE: 27.43382523775101
LogSI: 35.76918032717302
Chamfer: 2.4334469144742017
F-Score: 12.31747584670782
IoU: 6.762575442492962
F-Score-20: 24.432723689079285
IoU-20: 14.593556527495384
Ratio-Edges: 33.513209437131884
AbsRel-Edges: 36.17323429226875
SqRel-Edges: 41.0462638515234
RMSE-Edges: 9.793682231120766
LogRMSE-Edges: 43.3240207695961
$\delta < 1.05$-Edges: 0.12006302905958954
$\delta < 1.1$-Edges: 0.2271040554176944
$\delta < 1.25$-Edges: 0.47505446075333707
$\delta < 1.25^2$-Edges: 0.744046034498393
$\delta < 1.25^3$-Edges: 0.8758239559521018
MAE-Edges: 6.356759108193219
InvMAE-Edges: 29.982786120474337
InvRMSE-Edges: 41.316442855000496
LogMAE-Edges: 32.867691531181336
LogSI-Edges: 42.13021570157854
Chamfer-Edges: 3.411424405517296
F-Score-Edges: 7.432966076470912
IoU-Edges: 4.120493747219443
F-Score-20-Edges: 16.035283837355674
IoU-20-Edges: 9.37023730052635
DirAcc-Edges: 69.10310294394765
Dir (-)-Edges: 4.268100952478844
Dir (+)-Edges: 26.62879610357351
EdgeAcc-Edges: 3.7314645904458352
EdgeComp-Edges: 29.262108127457296
