Ratio: 33.7489222298899
AbsRel: 31.791909412260978
SqRel: 44.934438294133834
RMSE: 9.566447633504868
LogRMSE: 37.76708146002985
$\delta < 1.05$: 0.14683281961920117
$\delta < 1.1$: 0.2790613311818368
$\delta < 1.25$: 0.5655088289982855
$\delta < 1.25^2$: 0.8120731878536319
$\delta < 1.25^3$: 0.9093456933727022
MAE: 5.598797817057179
InvMAE: 29.61336940150107
InvRMSE: 43.26422895308464
LogMAE: 28.15250845386136
LogSI: 36.55640324145981
Chamfer: 2.580644470311685
F-Score: 12.177486005137043
IoU: 6.6766758028538
F-Score-20: 24.653981901599515
IoU-20: 14.728949778079986
Ratio-Edges: 37.3377023416407
AbsRel-Edges: 41.02063632354238
SqRel-Edges: 80.18852211743399
RMSE-Edges: 11.620541850550502
LogRMSE-Edges: 44.88322002685148
$\delta < 1.05$-Edges: 0.12679055395669225
$\delta < 1.1$-Edges: 0.23503508308631124
$\delta < 1.25$-Edges: 0.4774738494620567
$\delta < 1.25^2$-Edges: 0.7393358700333094
$\delta < 1.25^3$-Edges: 0.8658428414227437
MAE-Edges: 7.531037956622302
InvMAE-Edges: 29.402124947426366
InvRMSE-Edges: 43.97082515448527
LogMAE-Edges: 33.84079384647943
LogSI-Edges: 43.43481845449429
Chamfer-Edges: 4.136053991204758
F-Score-Edges: 7.145714700455759
IoU-Edges: 4.260547304572233
F-Score-20-Edges: 14.286761537213732
IoU-20-Edges: 8.66442267836309
DirAcc-Edges: 65.23582747131356
Dir (-)-Edges: 3.1017804730416505
Dir (+)-Edges: 31.66239205564479
EdgeAcc-Edges: 4.019001448090255
EdgeComp-Edges: 29.657098978486545
