Ratio: 0.030401806698583195
AbsRel: 24.212258136272432
SqRel: 17.06056748941541
RMSE: 8.472697543017567
LogRMSE: 39.64074151158333
$\delta < 1.05$: 0.16631744286947245
$\delta < 1.1$: 0.31544503403591084
$\delta < 1.25$: 0.6205797633108923
$\delta < 1.25^2$: 0.8457506002222362
$\delta < 1.25^3$: 0.9239149424516755
MAE: 4.781315745823085
InvMAE: 730.5568951314688
InvRMSE: 8349.792868475914
LogMAE: 25.732273867130278
LogSI: 39.012769555042745
Chamfer: 2.43869730933233
F-Score: 13.246788360476494
IoU: 7.28489149287343
F-Score-20: 26.144049469828605
IoU-20: 15.748784299492836
Ratio-Edges: 0.024129516689530787
AbsRel-Edges: 29.72427759051323
SqRel-Edges: 20.60829652532935
RMSE-Edges: 9.732106797471642
LogRMSE-Edges: 43.22051857590675
$\delta < 1.05$-Edges: 0.1263007503839193
$\delta < 1.1$-Edges: 0.23956163652862542
$\delta < 1.25$-Edges: 0.5053965889450623
$\delta < 1.25^2$-Edges: 0.772197717230749
$\delta < 1.25^3$-Edges: 0.8883019786333903
MAE-Edges: 6.185056830868125
InvMAE-Edges: 433.8887878212333
InvRMSE-Edges: 4173.041557248234
LogMAE-Edges: 31.315931535959244
LogSI-Edges: 42.303325893053334
Chamfer-Edges: 3.9511351707551365
F-Score-Edges: 6.715437313914299
IoU-Edges: 3.6769777870178224
F-Score-20-Edges: 14.729685398340225
IoU-20-Edges: 8.555681916177273
DirAcc-Edges: 73.62153420187069
Dir (-)-Edges: 6.5331595616199
Dir (+)-Edges: 19.84530623650941
EdgeAcc-Edges: 4.102733037541275
EdgeComp-Edges: 41.31652672067185
