Ratio: 0.0341178440281724
AbsRel: 26.256841280844903
SqRel: 27.242616084198797
RMSE: 9.95929970548999
LogRMSE: 53.19473102138888
$\delta < 1.05$: 0.16816626034065107
$\delta < 1.1$: 0.3184020398697487
$\delta < 1.25$: 0.615185132797973
$\delta < 1.25^2$: 0.8246169732224322
$\delta < 1.25^3$: 0.9064347068201453
MAE: 5.57320991539186
InvMAE: 3423.446379921821
InvRMSE: 23586.522123020542
LogMAE: 29.996167460718464
LogSI: 51.96386339578325
Chamfer: 2.4162482014371682
F-Score: 14.371515404332069
IoU: 8.083710409441302
F-Score-20: 28.56188692246714
IoU-20: 17.686572683395877
Ratio-Edges: 0.025847573146167733
AbsRel-Edges: 31.71191789059857
SqRel-Edges: 29.421783365241062
RMSE-Edges: 10.970055996962621
LogRMSE-Edges: 49.31469145382152
$\delta < 1.05$-Edges: 0.12799613565197127
$\delta < 1.1$-Edges: 0.24207637579929814
$\delta < 1.25$-Edges: 0.49342221801258374
$\delta < 1.25^2$-Edges: 0.747409114709766
$\delta < 1.25^3$-Edges: 0.8730119554367897
MAE-Edges: 7.0588761185411535
InvMAE-Edges: 1364.6705991932379
InvRMSE-Edges: 10108.516866056125
LogMAE-Edges: 33.765128606596804
LogSI-Edges: 48.00944305509611
Chamfer-Edges: 4.389959666208148
F-Score-Edges: 6.943868766130965
IoU-Edges: 3.9852230895675866
F-Score-20-Edges: 14.579437431634641
IoU-20-Edges: 8.882470931229639
DirAcc-Edges: 68.9865958432116
Dir (-)-Edges: 4.927832943800971
Dir (+)-Edges: 26.08557121298743
EdgeAcc-Edges: 4.163966778245264
EdgeComp-Edges: 35.723578633463546
