Ratio: 7.164692240810394
AbsRel: 38.249511601257325
SqRel: 33.57242522659302
RMSE: 1.8349861498832702
LogRMSE: 47.965545538330076
$\delta < 1.05$: 0.10581464076956835
$\delta < 1.1$: 0.20379424105034724
$\delta < 1.25$: 0.43689091784578216
$\delta < 1.25^2$: 0.7032191007225761
$\delta < 1.25^3$: 0.8387343386195245
MAE: 1.1580115336537362
InvMAE: 143.79283716125488
InvRMSE: 180.20430174865723
LogMAE: 36.38931663665772
LogSI: 47.21377679605704
