Ratio: 0.05738249089873359
AbsRel: 25.423668410873415
SqRel: 14.347708479475974
RMSE: 1.5762426458597183
LogRMSE: 39.96278463973999
$\delta < 1.05$: 0.1425940913345557
$\delta < 1.1$: 0.27463480607834195
$\delta < 1.25$: 0.5910918654267503
$\delta < 1.25^2$: 0.8310008207533501
$\delta < 1.25^3$: 0.8916261954394329
MAE: 0.8918520803809166
InvMAE: 131.14321611785888
InvRMSE: 504.9384359100342
LogMAE: 28.264168850708007
LogSI: 39.30166918990328
