MAE: 1.6562327494833367
RMSE: 3.622677920511895
InvMAE: 6.172929587905393
InvRMSE: 9.154924053721633
LogMAE: 8.053591437500678
LogRMSE: 12.397204563661587
LogSI: 11.392666621768873
AbsRel: 8.206949321404556
SqRel: 2.03795539642587
ChamferDist: 0.6874387132609548
F-Score: 48.743173272148965
IoU: 33.38922766152701
F-Score-20: 65.86926163120503
IoU-20: 50.372606438727466
