AbsRel: 0.09877693358611
SqRel: 0.7215561105881736
RMSE: 4.536565054950961
LogRMSE: 0.18528001554513424
$\delta < 1.25$: 0.8851787851615153
$\delta < 1.25^2$: 0.9609753706632271
$\delta < 1.25^3$: 0.9816925369727438
ChamferDist: 0.8366030205784091
F-Score: 27.720094677365495
IoU: 16.25063866761699
F-Score-20: 54.20834337313856
IoU-20: 37.561656675516616
