MAE: 1.1170249204976217
RMSE: 2.6309177347166197
InvMAE: 4.591401651757104
InvRMSE: 6.909984345776694
LogMAE: 5.698616120134081
LogRMSE: 8.96295097896031
LogSI: 8.072709523257922
AbsRel: 5.9420461501394
SqRel: 1.5157054087945394
ChamferDist: 0.4749449618586472
F-Score: 53.45788004868797
IoU: 37.95161200873554
F-Score-20: 72.38751925421613
IoU-20: 58.19126703360251
