MAE: 1.8473335889402343
RMSE: 4.08318214155048
InvMAE: 6.780704402119104
InvRMSE: 10.123109657340255
LogMAE: 8.899025403648798
LogRMSE: 13.768221993387842
LogSI: 12.672140454877075
AbsRel: 9.210268242227519
SqRel: 2.9452012691852505
ChamferDist: 0.7225004983551663
F-Score: 47.01571856525961
IoU: 31.852416219898252
F-Score-20: 64.76727400445866
IoU-20: 49.159113412940066
