AbsRel: 0.10945137871838198
SqRel: 0.864299814469332
RMSE: 4.825184574513729
LogRMSE: 0.19644584539887552
$\delta < 1.25$: 0.8709326333241956
$\delta < 1.25^2$: 0.9569138611671586
$\delta < 1.25^3$: 0.9796791845981709
ChamferDist: 0.8606245561343867
F-Score: 25.374360812274762
IoU: 14.7023284661462
F-Score-20: 51.820606963706325
IoU-20: 35.374695188174805
