MAE: 1.2267890228543963
RMSE: 2.936421391240188
InvMAE: 4.8538352515016285
InvRMSE: 7.427283941677638
LogMAE: 6.126653212138585
LogRMSE: 9.823785992690494
LogSI: 8.790588745735809
AbsRel: 6.52628650188446
SqRel: 2.2214241102763586
ChamferDist: 0.4937281703523227
F-Score: 53.145943496802026
IoU: 37.74527153751148
F-Score-20: 72.54927215388842
IoU-20: 58.501366718241144
