Scale: 19.95268104963773
Shift: 0.0
AbsRel: 43.82266811725805
SqRel: 353.8996081618851
RMSE: 7.567889554083615
LogRMSE: 43.46859374495365
$\delta_{.05}$: 18.812444577480605
$\delta_{.1}$: 34.091962142835726
$\delta_{.25}$: 60.79542236170428
$\delta_{.25^2}$: 81.16839307772287
$\delta_{.25^3}$: 89.11110993425638
MAE: 4.53709535862031
InvMAE: 37.02593935658579
InvRMSE: 91.85824186812602
LogMAE: 29.289366478342647
LogSI: 41.15085898029006
