Scale: 5.6060274839401245
Shift: 0.0
AbsRel: 18.510048167888936
SqRel: 21.147383165176098
RMSE: 1.0570682322520477
LogRMSE: 24.48528480529785
$\delta_{.05}$: 23.90304143915089
$\delta_{.1}$: 43.484267384682745
$\delta_{.25}$: 73.85982066902919
$\delta_{.25^2}$: 91.22510054596823
$\delta_{.25^3}$: 96.49096451083047
MAE: 0.6467323011847643
InvMAE: 84.90345809056208
InvRMSE: 122.64858291919415
LogMAE: 18.030678917811468
LogSI: 23.171661143637404
