Scale: 0.07370643883943932
Shift: 0.008909825881687745
AbsRel: 33.57068926657262
SqRel: 117.48440178166324
RMSE: 8.991769033697153
LogRMSE: 51.354882607010985
$\delta_{.05}$: 19.89707654192378
$\delta_{.1}$: 34.08621968146375
$\delta_{.25}$: 56.79331967932443
$\delta_{.25^2}$: 76.79661966797975
$\delta_{.25^3}$: 86.67043938955862
MAE: 5.220370853361527
InvMAE: 2090.1656409769316
InvRMSE: 12076.919278455422
LogMAE: 33.516353110561454
LogSI: 48.48933378937299
