Scale: 0.2377368394471725
Shift: 0.06277091647495894
AbsRel: 14.80660954108605
SqRel: 15.220736039235042
RMSE: 1.1438735498373325
LogRMSE: 26.490427143390363
$\delta_{.05}$: 28.573293224272117
$\delta_{.1}$: 50.41501096390773
$\delta_{.25}$: 81.42921156105648
$\delta_{.25^2}$: 95.09485439039209
$\delta_{.25^3}$: 98.21871489539852
MAE: 0.5302288786493815
InvMAE: 1807.6088584313027
InvRMSE: 10164.539759944035
LogMAE: 15.838738926373995
LogSI: 26.157940906979047
