Scale: 0.30703409174357343
Shift: -0.015830785761353532
AbsRel: 11.601344785923622
SqRel: 5.498484786930252
RMSE: 0.5320563643020136
LogRMSE: 15.712295823140975
$\delta_{.05}$: 33.57950783122411
$\delta_{.1}$: 57.692073982430685
$\delta_{.25}$: 87.35917774656535
$\delta_{.25^2}$: 97.73353850505325
$\delta_{.25^3}$: 99.40737203226978
MAE: 0.2990061531088312
InvMAE: 170.38497116952132
InvRMSE: 1107.9204396968223
LogMAE: 11.440592319593517
LogSI: 15.658889694437365
