Scale: 3.715286164655598
Shift: 0.0
AbsRel: 13.33844217065642
SqRel: 4.409074810142728
RMSE: 0.4341790798698361
LogRMSE: 16.86262213564065
$\delta_{.05}$: 31.311466200576184
$\delta_{.1}$: 53.6440388481409
$\delta_{.25}$: 83.46684011821765
$\delta_{.25^2}$: 96.65702288376012
$\delta_{.25^3}$: 99.30807766288056
MAE: 0.30157374056335257
InvMAE: 66.19066880602355
InvRMSE: 93.06896212633232
LogMAE: 12.703658549792905
LogSI: 15.937385800627238
