Scale: 3.7853749673843384
Shift: 0.0
AbsRel: 17.143491064834596
SqRel: 7.133714365768433
RMSE: 1.1394179545402527
LogRMSE: 26.51648224220276
$\delta_{.05}$: 24.58367208166061
$\delta_{.1}$: 44.78278500365024
$\delta_{.25}$: 76.04931906210366
$\delta_{.25^2}$: 90.01916545380539
$\delta_{.25^3}$: 94.76254241548978
MAE: 0.621483129221201
InvMAE: 71.25851369094849
InvRMSE: 94.28354568786621
LogMAE: 18.21154863395691
LogSI: 25.456618053147935
