Scale: 0.28601064370326
Shift: -0.011510134620091612
AbsRel: 15.757768604564667
SqRel: 14.39114849230647
RMSE: 1.2329479294598102
LogRMSE: 24.687909440803526
$\delta_{.05}$: 25.842997559850563
$\delta_{.1}$: 47.05788884030204
$\delta_{.25}$: 80.24333413214181
$\delta_{.25^2}$: 92.2129871524291
$\delta_{.25^3}$: 96.37784506767778
MAE: 0.5921401156306266
InvMAE: 155.45770731849672
InvRMSE: 1467.4481747184752
LogMAE: 16.388018519973755
LogSI: 24.48059919498677
