MAE: 1.1957236673789364
RMSE: 3.0235150592667717
InvMAE: 4.456689718280519
InvRMSE: 7.194303814683642
LogMAE: 5.736981192316327
LogRMSE: 9.754799758366175
LogSI: 9.023782109619354
AbsRel: 6.073493039437703
SqRel: 2.2008032345984665
ChamferDist: 0.4839638277036803
F-Score: 55.63918336048722
IoU: 39.99283504647868
F-Score-20: 73.95360519886017
IoU-20: 59.96836378787245
