MAE: 1.812629890359618
RMSE: 4.0298369484810745
InvMAE: 6.59650572201957
InvRMSE: 10.01419772253446
LogMAE: 8.696842108767457
LogRMSE: 13.767050169728284
LogSI: 12.851068157026763
AbsRel: 8.83303828839144
SqRel: 2.7214156519050245
ChamferDist: 0.7140070546898374
F-Score: 48.089010049868946
IoU: 32.71311271757436
F-Score-20: 65.43333174772789
IoU-20: 49.78163037709663
