AbsRel: 0.10838652258388794
SqRel: 0.8351732749422448
RMSE: 4.815749671572079
LogRMSE: 0.19928143990133892
$\delta < 1.25$: 0.8696327034299468
$\delta < 1.25^2$: 0.9547045391489084
$\delta < 1.25^3$: 0.9788467866089648
ChamferDist: 0.8781009747872565
F-Score: 25.639362219245395
IoU: 14.875324978034842
F-Score-20: 52.11736251702439
IoU-20: 35.623376635260016
