MAE: 1.0775630863436632
RMSE: 2.6390160069721085
InvMAE: 4.215844013009753
InvRMSE: 6.494838355268751
LogMAE: 5.33843897155353
LogRMSE: 8.674986515385765
LogSI: 7.7900958157726405
AbsRel: 5.628698417288916
SqRel: 1.661209800296596
ChamferDist: 0.441996440078531
F-Score: 55.97331119596958
IoU: 40.33393008877656
F-Score-20: 75.22887539778436
IoU-20: 61.64677225419453
