AbsRel: 0.10006673173067646
SqRel: 0.760842734822199
RMSE: 4.551450067818421
LogRMSE: 0.18837946038719913
$\delta < 1.25$: 0.8864546976830637
$\delta < 1.25^2$: 0.9604756913933554
$\delta < 1.25^3$: 0.9807163539166045
ChamferDist: 0.8196186450666814
F-Score: 27.234015267069747
IoU: 15.933651481844603
F-Score-20: 54.01709912599758
IoU-20: 37.427275951144686
