MAE: 1.6527547217859813
RMSE: 3.670106862677387
InvMAE: 6.050446290911341
InvRMSE: 9.023041061097128
LogMAE: 7.948015913275853
LogRMSE: 12.332639572079197
LogSI: 11.340364179189423
AbsRel: 8.173745514059359
SqRel: 2.2123018939253742
ChamferDist: 0.671165436277726
F-Score: 49.25101783505978
IoU: 33.87978765779843
F-Score-20: 66.88049469915636
IoU-20: 51.526712023407406
