MAE: 1.6106526528947924
RMSE: 3.611849324834859
InvMAE: 5.824013671443506
InvRMSE: 8.764913000212125
LogMAE: 7.694562374082811
LogRMSE: 12.082961012249344
LogSI: 11.171592261246435
AbsRel: 7.828121311094132
SqRel: 2.0496022969804293
ChamferDist: 0.6583730507802013
F-Score: 50.1265544582364
IoU: 34.64379154941056
F-Score-20: 67.37326658064602
IoU-20: 52.020777780219824
