MAE: 1.0025963205311978
RMSE: 2.5675941110083036
InvMAE: 3.8295256199155534
InvRMSE: 6.120975130455834
LogMAE: 4.879942404712949
LogRMSE: 8.288991810594286
LogSI: 7.637589088500352
AbsRel: 5.120554780108588
SqRel: 1.530488264746964
ChamferDist: 0.41691148223621505
F-Score: 58.891092852056026
IoU: 43.181356220883984
F-Score-20: 77.06336635249002
IoU-20: 63.912538469008034
