AbsRel: 0.09934643916304689
SqRel: 0.742329763064169
RMSE: 4.510492448827287
LogRMSE: 0.1879572215646377
$\delta < 1.25$: 0.8885122051769934
$\delta < 1.25^2$: 0.960459841680317
$\delta < 1.25^3$: 0.9805693651512869
ChamferDist: 0.8167242410791826
F-Score: 26.983173062503766
IoU: 15.77748300509268
F-Score-20: 54.091411705509664
IoU-20: 37.46706659037893
