AbsRel: 0.1302526292779952
SqRel: 1.0380252386888267
RMSE: 5.365812296675815
LogRMSE: 0.22480309460648848
$\delta < 1.25$: 0.8241612755463448
$\delta < 1.25^2$: 0.9375136562024677
$\delta < 1.25^3$: 0.972386589987905
ChamferDist: 1.0600322794537975
F-Score: 21.67831480701907
IoU: 12.31019410058065
F-Score-20: 47.56625862443122
IoU-20: 31.599100200825475
