MAE: 2.2196863840328405
RMSE: 4.6629089345595585
InvMAE: 8.797311541492954
InvRMSE: 13.600360362076321
LogMAE: 11.166308482000433
LogRMSE: 17.321380191785426
LogSI: 16.03114635201353
AbsRel: 11.305561498995939
SqRel: 4.563377361858915
ChamferDist: 0.8862609465612225
F-Score: 43.51041334017288
IoU: 28.740416822532204
F-Score-20: 61.09487200295267
IoU-20: 45.164067955836195
