MAE: 1.5033383042897497
RMSE: 3.586673722650324
InvMAE: 5.675122197525842
InvRMSE: 9.573008866991316
LogMAE: 7.29608163697379
LogRMSE: 12.291626311029706
LogSI: 11.551435607240506
AbsRel: 7.7409336369378225
SqRel: 3.2074868739928517
ChamferDist: 0.5931369704646724
F-Score: 50.76048688049827
IoU: 35.23900903215898
F-Score-20: 68.73971904890878
IoU-20: 53.61208268540246
