Scale: 0.6467421303094497
Shift: 0.1504136330166591
AbsRel: 16.930062921964204
SqRel: 13.506478313666124
RMSE: 1.1893829296873166
LogRMSE: 27.64239125618568
$\delta_{.05}$: 23.4441626268558
$\delta_{.1}$: 43.35365740180628
$\delta_{.25}$: 76.3424804212412
$\delta_{.25^2}$: 93.18370546975545
$\delta_{.25^3}$: 97.39923127212347
MAE: 0.6166016410864317
InvMAE: 1494.5634841009287
InvRMSE: 8200.599455771813
LogMAE: 18.0238292158567
LogSI: 27.265426815061886
