Scale: 0.30921614731078845
Shift: 0.0026010653305663517
AbsRel: 38.04937522186827
SqRel: 104.21991982828875
RMSE: 9.885840849758798
LogRMSE: 56.590691493765654
$\delta_{.05}$: 14.024436191321058
$\delta_{.1}$: 26.099727824078492
$\delta_{.25}$: 49.567467604153826
$\delta_{.25^2}$: 71.22437308613407
$\delta_{.25^3}$: 82.69937071064487
MAE: 6.0049689392070595
InvMAE: 1480.0941612565464
InvRMSE: 9945.69133857975
LogMAE: 38.98585703768538
LogSI: 53.29770466791853
