Scale: 1.1419343391408328
Shift: -0.01278865302601634
AbsRel: 14.213040771834347
SqRel: 7.811192868772997
RMSE: 0.6179848080700326
LogRMSE: 19.484769086954426
$\delta_{.05}$: 26.353962950057195
$\delta_{.1}$: 47.35638800872639
$\delta_{.25}$: 80.70846733058426
$\delta_{.25^2}$: 96.4036019679645
$\delta_{.25^3}$: 99.16283731515601
MAE: 0.3600937876998467
InvMAE: 340.18023078376
InvRMSE: 2218.8402038962104
LogMAE: 14.24949726015785
LogSI: 19.386739500719653
