Scale: 0.9859696553118423
Shift: 0.034399249735265196
AbsRel: 16.701497022247313
SqRel: 10.20210239648819
RMSE: 1.2553593890339136
LogRMSE: 27.15296890926361
$\delta_{.05}$: 26.085379647083318
$\delta_{.1}$: 47.29498610535324
$\delta_{.25}$: 77.67563582302961
$\delta_{.25^2}$: 89.85498866263222
$\delta_{.25^3}$: 94.44931223753981
MAE: 0.6417672046750784
InvMAE: 182.81043286514281
InvRMSE: 1415.8670933181763
LogMAE: 17.948963271331788
LogSI: 26.868655145874836
