MAE: 1.2382780695813043
RMSE: 3.0397933652145523
InvMAE: 4.689028240271977
InvRMSE: 7.324759000028883
LogMAE: 5.99356172135898
LogRMSE: 9.872769117695945
LogSI: 8.871914488373898
AbsRel: 6.441342284679413
SqRel: 2.4556811648766907
ChamferDist: 0.502686154629503
F-Score: 54.79593616822202
IoU: 39.27182266227103
F-Score-20: 73.10530672094652
IoU-20: 59.19518182654466
