AbsRel: 0.11017369831159946
SqRel: 0.8803739935758295
RMSE: 4.82698454003423
LogRMSE: 0.19693483289871017
$\delta < 1.25$: 0.8711540285853342
$\delta < 1.25^2$: 0.9572035359094696
$\delta < 1.25^3$: 0.9797316109300158
ChamferDist: 0.8659403526372512
F-Score: 25.110573085342967
IoU: 14.54969551359735
F-Score-20: 51.69698026293148
IoU-20: 35.28753183185626
