MAE: 1.8426622213578663
RMSE: 4.097344957520625
InvMAE: 6.628530655536183
InvRMSE: 9.944358061062047
LogMAE: 8.767776112249292
LogRMSE: 13.675616730941584
LogSI: 12.639182782971716
AbsRel: 9.098467056370952
SqRel: 2.8520266316328313
ChamferDist: 0.7219426063306492
F-Score: 47.8520583644555
IoU: 32.573729711270495
F-Score-20: 65.10167710583634
IoU-20: 49.53365443258381
