Scale: 0.2895574758924962
Shift: 0.013618727777562362
AbsRel: 37.302032776477624
SqRel: 102.98993808672567
RMSE: 9.686253828050845
LogRMSE: 56.539742243129574
$\delta_{.05}$: 15.074465812770198
$\delta_{.1}$: 27.48470163533129
$\delta_{.25}$: 50.93135726297844
$\delta_{.25^2}$: 71.92053014677658
$\delta_{.25^3}$: 83.13887479249858
MAE: 5.859713433836608
InvMAE: 1692.8588209424852
InvRMSE: 10685.250597540038
LogMAE: 38.44538111857769
LogSI: 53.232154008716854
