Scale: 0.5938801092407615
Shift: 0.17270734432325846
AbsRel: 16.958436150184045
SqRel: 14.706477898634397
RMSE: 1.1596379228050893
LogRMSE: 28.097733692756066
$\delta_{.05}$: 23.6018993734398
$\delta_{.1}$: 43.66928635750706
$\delta_{.25}$: 76.71448533846998
$\delta_{.25^2}$: 93.0994011446639
$\delta_{.25^3}$: 97.32544080567564
MAE: 0.6150011629553942
InvMAE: 1826.6656048481282
InvRMSE: 8512.148152900108
LogMAE: 18.262253734882062
LogSI: 27.657222604991997
