Scale: 1.0530019843331728
Shift: 0.026954086468810527
AbsRel: 14.088109726570433
SqRel: 6.838213252866304
RMSE: 0.6184580606217596
LogRMSE: 19.26058604010019
$\delta_{.05}$: 26.064696261305336
$\delta_{.1}$: 47.20977490664123
$\delta_{.25}$: 80.94760095667765
$\delta_{.25^2}$: 96.56374532609716
$\delta_{.25^3}$: 99.27534903334877
MAE: 0.35866016612049273
InvMAE: 331.04481170082676
InvRMSE: 2275.698868022417
LogMAE: 14.141980637833248
LogSI: 19.15861154258076
