Scale: 0.9674956767699284
Shift: 0.04783549006120054
AbsRel: 16.37401290550232
SqRel: 9.104719578945637
RMSE: 1.180813960751891
LogRMSE: 26.047552239990235
$\delta_{.05}$: 27.399873219163787
$\delta_{.1}$: 48.38009574823223
$\delta_{.25}$: 77.82341635179708
$\delta_{.25^2}$: 90.02714884548705
$\delta_{.25^3}$: 95.04334210105124
MAE: 0.6253972390413284
InvMAE: 110.08472398834229
InvRMSE: 642.8033009094238
LogMAE: 17.518054359054567
LogSI: 25.765867286775453
