Ratio: 0.032688565226828975
AbsRel: 28.0172029132843
SqRel: 57.23905520296097
RMSE: 29.338237869262695
LogRMSE: 119.38580690956115
$\delta < 1.05$: 0.1588334380339638
$\delta < 1.1$: 0.2997485923702024
$\delta < 1.25$: 0.6129787204582317
$\delta < 1.25^2$: 0.8452624321200992
$\delta < 1.25^3$: 0.9142226973197433
MAE: 12.48817423248291
InvMAE: 13122.435763046265
InvRMSE: 92531.43298604012
LogMAE: 39.78460892295838
LogSI: 117.78719830396778
Chamfer: 3.430528011258565
F-Score: 7.539282906770707
IoU: 4.013833043783903
F-Score-20: 21.18598887872696
IoU-20: 12.191777098417282
