Ratio: 41.140232551574705
AbsRel: 29.4185031080246
SqRel: 88.2608618531227
RMSE: 21.52133011674881
LogRMSE: 38.636544759750365
$\delta < 1.05$: 0.14410691457625027
$\delta < 1.1$: 0.27706712636407155
$\delta < 1.25$: 0.5688825208352538
$\delta < 1.25^2$: 0.8227934763891278
$\delta < 1.25^3$: 0.9287791457861531
MAE: 10.232362556934357
InvMAE: 13.888963927268982
InvRMSE: 21.65122136592865
LogMAE: 26.988801861763
LogSI: 37.53127869160387
Chamfer: 3.217848281232111
F-Score: 5.7090940938293935
IoU: 2.97923340472579
F-Score-20: 17.799854197740554
IoU-20: 9.981825627088547
