Ratio: 0.02809018717047787
AbsRel: 40.12064864282651
SqRel: 113.15706067502231
RMSE: 9.873649398574914
LogRMSE: 58.23879944155569
$\delta < 1.05$: 0.11481118753885565
$\delta < 1.1$: 0.2181487655344146
$\delta < 1.25$: 0.44975620288852064
$\delta < 1.25^2$: 0.6842377414927476
$\delta < 1.25^3$: 0.810598556047991
MAE: 6.155316871511562
InvMAE: 1419.1892842439258
InvRMSE: 8730.76606076929
LogMAE: 41.61035960779062
LogSI: 54.88617046447024
