Ratio: 13.217333929355329
AbsRel: 30.000982768719012
SqRel: 31.758874876315776
RMSE: 1.6124397987585801
LogRMSE: 36.75835057185246
$\delta < 1.05$: 0.14174702774113745
$\delta < 1.1$: 0.2680773501497551
$\delta < 1.25$: 0.54386719093378
$\delta < 1.25^2$: 0.8093818895395505
$\delta < 1.25^3$: 0.9172468393673922
MAE: 1.0389182683366995
InvMAE: 125.19082240471474
InvRMSE: 167.2192919716468
LogMAE: 28.031571083068847
LogSI: 35.47681141380775
