Ratio: 0.03398488745683412
AbsRel: 19.525807762145995
SqRel: 13.485533028015723
RMSE: 1.1339888323958103
LogRMSE: 26.806545741741473
$\delta < 1.05$: 0.20717626208615414
$\delta < 1.1$: 0.38556905380133216
$\delta < 1.25$: 0.702003734410877
$\delta < 1.25^2$: 0.8992836561841673
$\delta < 1.25^3$: 0.9593108296688867
MAE: 0.7222422162844585
InvMAE: 159.2192944952158
InvRMSE: 1194.32717896975
LogMAE: 20.119931736726027
LogSI: 26.446560258556026
