Ratio: 41.83357085026968
AbsRel: 58.13773701543765
SqRel: 455.4996265493701
RMSE: 9.815686270661418
LogRMSE: 55.327232360839844
$\delta < 1.05$: 0.11406921062565367
$\delta < 1.1$: 0.21672853807959117
$\delta < 1.25$: 0.4495137644817401
$\delta < 1.25^2$: 0.6962168992167925
$\delta < 1.25^3$: 0.8223258969569887
MAE: 6.231047056181014
InvMAE: 46.53538422520385
InvRMSE: 99.55621138602629
LogMAE: 39.91945298797881
LogSI: 52.5296053762554
