Ratio: 0.037083233378867736
AbsRel: 7.180907293387822
SqRel: 8.400521405488252
RMSE: 3.879792272065367
LogRMSE: 13.333035194192615
$\delta < 1.05$: 0.7030892042704401
$\delta < 1.1$: 0.8463643774648482
$\delta < 1.25$: 0.9407503968857035
$\delta < 1.25^2$: 0.9771554459429614
$\delta < 1.25^3$: 0.98840571412621
MAE: 1.4829876714519092
InvMAE: 17.37741960116795
InvRMSE: 200.39970447489193
LogMAE: 6.608867274352482
LogSI: 13.238465618549833
Chamfer: 0.6279865828308042
F-Score: 60.50853736877441
IoU: 44.891663455281936
F-Score-20: 75.35287571089609
IoU-20: 62.01553986208779
