Ratio: 0.03681521605152095
AbsRel: 9.671372716777896
SqRel: 6.775079947307797
RMSE: 4.547151950879331
LogRMSE: 16.30374424808596
$\delta < 1.05$: 0.49033020249921905
$\delta < 1.1$: 0.7175871834915988
$\delta < 1.25$: 0.9057465687761231
$\delta < 1.25^2$: 0.9732805253449686
$\delta < 1.25^3$: 0.9902908895947082
MAE: 1.9432559664264046
InvMAE: 64.38429118007238
InvRMSE: 910.168522335269
LogMAE: 9.345052042621777
LogSI: 16.20993272240742
Chamfer: 0.7584572277845485
F-Score: 47.63305823056976
IoU: 32.35819671344172
F-Score-20: 66.25842489055329
IoU-20: 50.6698953505674
