Ratio: 26.896923824037824
AbsRel: 8.189020205225264
SqRel: 19.816182819232345
RMSE: 4.104888518495219
LogRMSE: 13.651185955660683
$\delta < 1.05$: 0.7025753496810716
$\delta < 1.1$: 0.8617949224394955
$\delta < 1.25$: 0.9535529273453737
$\delta < 1.25^2$: 0.9800430959986193
$\delta < 1.25^3$: 0.9877075820622261
MAE: 1.4399434462189675
InvMAE: 4.766259490932737
InvRMSE: 10.06047739642007
LogMAE: 6.447806834152766
LogSI: 13.502411330775285
Chamfer: 0.5321739858698296
F-Score: 60.449048616034645
IoU: 44.99308136965547
F-Score-20: 76.85926407473428
IoU-20: 63.81919233339173
