Ratio: 27.2535244409292
AbsRel: 10.400322007986665
SqRel: 10.297535331154162
RMSE: 4.563131690665257
LogRMSE: 16.078428266238582
$\delta < 1.05$: 0.4580765144091905
$\delta < 1.1$: 0.7030338443391877
$\delta < 1.25$: 0.9064536614697297
$\delta < 1.25^2$: 0.9744858431585766
$\delta < 1.25^3$: 0.9900610203021628
MAE: 1.9538913803415063
InvMAE: 7.517607465112136
InvRMSE: 12.664983192104504
LogMAE: 9.577196792590838
LogSI: 15.714536080638549
Chamfer: 0.7212731441238532
F-Score: 45.73836419498262
IoU: 30.810511765670192
F-Score-20: 65.83500346852226
IoU-20: 50.29372712604107
