Ratio: 0.012033369687036473
AbsRel: 29.168722882986067
SqRel: 17.800428422033786
RMSE: 12.380192504942418
LogRMSE: 42.25589274787903
$\delta < 1.05$: 0.13435474975411005
$\delta < 1.1$: 0.2506276670870592
$\delta < 1.25$: 0.5068214149449491
$\delta < 1.25^2$: 0.765237940591406
$\delta < 1.25^3$: 0.8840128818323821
MAE: 8.31304387125373
InvMAE: 1260.5000389963388
InvRMSE: 3039.6412514306903
LogMAE: 32.52603764128685
LogSI: 40.1111993899049
Chamfer: 5.96504946682438
F-Score: 7.464459706355119
IoU: 4.063233332831645
F-Score-20: 14.262308624749071
IoU-20: 8.262275719467318
