Ratio: 90.31919059991837
AbsRel: 38.343093417167665
SqRel: 40.46885084486008
RMSE: 13.84265823996067
LogRMSE: 45.62939120769501
$\delta < 1.05$: 0.11348042309539996
$\delta < 1.1$: 0.21726747945342703
$\delta < 1.25$: 0.45781981848764075
$\delta < 1.25^2$: 0.713656318249257
$\delta < 1.25^3$: 0.8508453233103136
MAE: 9.50913134020567
InvMAE: 22.577205957651138
InvRMSE: 30.28872805440426
LogMAE: 35.17676055049896
LogSI: 43.80588019728239
Chamfer: 4.215666775431765
F-Score: 8.46761341330409
IoU: 4.675447534434498
F-Score-20: 16.37600202035904
IoU-20: 9.587403265327215
