Ratio: 8.07140558283628
AbsRel: 32.58823291971049
SqRel: 24.18727156583687
RMSE: 1.1847947914301438
LogRMSE: 36.200803972530075
$\delta < 1.05$: 0.12390810202704503
$\delta < 1.1$: 0.23609465149715825
$\delta < 1.25$: 0.5012838306597998
$\delta < 1.25^2$: 0.7873572538698039
$\delta < 1.25^3$: 0.9185101690674116
MAE: 0.8482265171654727
InvMAE: 121.52757511080587
InvRMSE: 159.12973981384837
LogMAE: 28.705094002073327
LogSI: 34.52814901755701
