Ratio: 0.09231229266235337
AbsRel: 24.23619158916882
SqRel: 15.107624031580551
RMSE: 1.0189523981024002
LogRMSE: 30.717910972939354
$\delta < 1.05$: 0.144046926820864
$\delta < 1.1$: 0.27454645046630444
$\delta < 1.25$: 0.5753345826744359
$\delta < 1.25^2$: 0.8458504595360132
$\delta < 1.25^3$: 0.951098333117974
MAE: 0.704396800197866
InvMAE: 199.1984618329856
InvRMSE: 1594.6488082022477
LogMAE: 24.554679012444407
LogSI: 30.34762747124718
