Ratio: 23.660591338524977
AbsRel: 58.81179770647624
SqRel: 167.12609122816883
RMSE: 7.4577189586949695
LogRMSE: 68.4559468837446
$\delta < 1.05$: 0.09415327003559261
$\delta < 1.1$: 0.18056684392160005
$\delta < 1.25$: 0.38235819019755
$\delta < 1.25^2$: 0.6192231187851556
$\delta < 1.25^3$: 0.7538682487087542
MAE: 4.174132887184905
InvMAE: 269.6801520182185
InvRMSE: 359.64009591877175
LogMAE: 50.82866079042973
LogSI: 64.52710957788261
Chamfer: 2.5607889918991935
F-Score: 29.421378200576065
IoU: 20.585719553021153
F-Score-20: 44.12108433931068
IoU-20: 33.97668131598445
