Ratio: 0.07219009294043911
AbsRel: 41.2170791136591
SqRel: 65.26054812914661
RMSE: 7.642096187641318
LogRMSE: 76.81788659380953
$\delta < 1.05$: 0.11363998545731638
$\delta < 1.1$: 0.21038826325216212
$\delta < 1.25$: 0.4152292838490574
$\delta < 1.25^2$: 0.6510515959699861
$\delta < 1.25^3$: 0.7793837240145054
MAE: 4.0467271083386605
InvMAE: 5810.648015386864
InvRMSE: 26840.76041600824
LogMAE: 51.35054691271348
LogSI: 73.10042354061767
Chamfer: 2.9607101208928515
F-Score: 28.461689298639005
IoU: 22.083745618567203
F-Score-20: 40.57390685530834
IoU-20: 32.02845523663881
