Ratio: 35.42669095131659
AbsRel: 32.126533416624994
SqRel: 46.56337524437135
RMSE: 9.56890403095753
LogRMSE: 37.75824931113951
$\delta < 1.05$: 0.1468812710813919
$\delta < 1.1$: 0.27866308822707925
$\delta < 1.25$: 0.564439071380235
$\delta < 1.25^2$: 0.8136002254185337
$\delta < 1.25^3$: 0.9100100772885165
MAE: 5.625374883990134
InvMAE: 29.344848759558893
InvRMSE: 43.05154215412755
LogMAE: 28.164105113244826
LogSI: 36.48097920843537
Chamfer: 2.6497205591592494
F-Score: 11.987784029283832
IoU: 6.564474392610212
F-Score-20: 24.26388533407642
IoU-20: 14.459123806722703
Ratio-Edges: 39.38470145144494
AbsRel-Edges: 41.21877118403616
SqRel-Edges: 80.35802790727101
RMSE-Edges: 11.621881154481493
LogRMSE-Edges: 44.78210010466233
$\delta < 1.05$-Edges: 0.12587235472131547
$\delta < 1.1$-Edges: 0.2339466096707015
$\delta < 1.25$-Edges: 0.47862274322642256
$\delta < 1.25^2$-Edges: 0.7398919182208811
$\delta < 1.25^3$-Edges: 0.8662806249992969
MAE-Edges: 7.549250228634847
InvMAE-Edges: 28.961068106632606
InvRMSE-Edges: 43.43338942107032
LogMAE-Edges: 33.8082326262605
LogSI-Edges: 43.22167884549664
Chamfer-Edges: 4.18356367301161
F-Score-Edges: 7.087315146702957
IoU-Edges: 4.24797069147424
F-Score-20-Edges: 14.248746700458277
IoU-20-Edges: 8.748496894811103
DirAcc-Edges: 65.15775836722007
Dir (-)-Edges: 3.066467556175404
Dir (+)-Edges: 31.775774076604524
EdgeAcc-Edges: 3.984846443369629
EdgeComp-Edges: 32.088813095098864
