Ratio: 0.02909023837211942
AbsRel: 24.244727551937103
SqRel: 17.042592157572507
RMSE: 8.481315056718886
LogRMSE: 39.044656677246095
$\delta < 1.05$: 0.16667892634349052
$\delta < 1.1$: 0.31690458397916393
$\delta < 1.25$: 0.6204866891816566
$\delta < 1.25^2$: 0.8458414080208888
$\delta < 1.25^3$: 0.9227195056844565
MAE: 4.796049637384713
InvMAE: 625.3285357874632
InvRMSE: 6929.700867311954
LogMAE: 25.700222387313843
LogSI: 38.420780907486005
Chamfer: 2.5660111386757993
F-Score: 13.068551323227585
IoU: 7.176360078919679
F-Score-20: 25.78847353756428
IoU-20: 15.510236002206803
Ratio-Edges: 0.02376938873108421
AbsRel-Edges: 29.566796047687532
SqRel-Edges: 20.387679605558514
RMSE-Edges: 9.629291206821799
LogRMSE-Edges: 41.821628226041796
$\delta < 1.05$-Edges: 0.12851569008689068
$\delta < 1.1$-Edges: 0.243605557378781
$\delta < 1.25$-Edges: 0.5085073050821711
$\delta < 1.25^2$-Edges: 0.7744325540540486
$\delta < 1.25^3$-Edges: 0.8887867856343459
MAE-Edges: 6.136096086539328
InvMAE-Edges: 234.176749368608
InvRMSE-Edges: 2443.7617959183453
LogMAE-Edges: 30.977939800024032
LogSI-Edges: 40.92413546768016
Chamfer-Edges: 4.010213473359609
F-Score-Edges: 6.748684357851744
IoU-Edges: 3.7433467040210964
F-Score-20-Edges: 14.538095200955867
IoU-20-Edges: 8.466729234606028
DirAcc-Edges: 73.14003880152123
Dir (-)-Edges: 6.368790578853599
Dir (+)-Edges: 20.491170619625173
EdgeAcc-Edges: 4.067538007593645
EdgeComp-Edges: 48.84689446991537
