Ratio: 32.02476564526558
AbsRel: 29.397532066106795
SqRel: 30.54672079950571
RMSE: 8.546388946175576
LogRMSE: 36.96189396619797
$\delta < 1.05$: 0.1452205179403319
$\delta < 1.1$: 0.27469522873445124
$\delta < 1.25$: 0.5630049427853977
$\delta < 1.25^2$: 0.8184534841639339
$\delta < 1.25^3$: 0.9160227050149666
MAE: 4.998840149231255
InvMAE: 27.232379531860353
InvRMSE: 36.844387547969816
LogMAE: 27.453297632932664
LogSI: 35.849008819876914
Chamfer: 2.4736991268981403
F-Score: 12.023140555024147
IoU: 6.571979943066835
F-Score-20: 24.020324811935424
IoU-20: 14.26363102376461
Ratio-Edges: 35.45536401510239
AbsRel-Edges: 35.628230699300765
SqRel-Edges: 40.98292683467269
RMSE-Edges: 9.792810779437422
LogRMSE-Edges: 42.771152379512785
$\delta < 1.05$-Edges: 0.12061920466678291
$\delta < 1.1$-Edges: 0.23167615454380286
$\delta < 1.25$-Edges: 0.48745116457398835
$\delta < 1.25^2$-Edges: 0.7549552685355008
$\delta < 1.25^3$-Edges: 0.8795952922436608
MAE-Edges: 6.357793596312404
InvMAE-Edges: 29.305533999800684
InvRMSE-Edges: 40.61012074410915
LogMAE-Edges: 32.323216583728794
LogSI-Edges: 41.56730080055355
Chamfer-Edges: 3.4334727775234253
F-Score-Edges: 7.2162207978218795
IoU-Edges: 3.977579455319792
F-Score-20-Edges: 15.655010560825467
IoU-20-Edges: 9.131977426223457
DirAcc-Edges: 69.34708410422448
Dir (-)-Edges: 4.197836365505191
Dir (+)-Edges: 26.45507953027032
EdgeAcc-Edges: 3.770033015490285
EdgeComp-Edges: 34.61941284170552
