Ratio: 0.03257086695672828
AbsRel: 26.560346791359684
SqRel: 27.31154983691631
RMSE: 10.034634847198763
LogRMSE: 52.495249648555635
$\delta < 1.05$: 0.1650976360377177
$\delta < 1.1$: 0.3125687504065658
$\delta < 1.25$: 0.6109684452202858
$\delta < 1.25^2$: 0.8241439991502392
$\delta < 1.25^3$: 0.9064422598034352
MAE: 5.611908984607266
InvMAE: 3159.424482767351
InvRMSE: 22305.262426597226
LogMAE: 29.959850947472358
LogSI: 51.34980588662243
Chamfer: 2.4724429629568454
F-Score: 13.837079459774879
IoU: 7.746979392190133
F-Score-20: 27.74301148414612
IoU-20: 17.070833843908
Ratio-Edges: 0.02502637793520388
AbsRel-Edges: 31.86034015705383
SqRel-Edges: 29.469358151469354
RMSE-Edges: 11.005398649668772
LogRMSE-Edges: 48.21571715548148
$\delta < 1.05$-Edges: 0.12786878997968826
$\delta < 1.1$-Edges: 0.24224535385084242
$\delta < 1.25$-Edges: 0.4912554707033544
$\delta < 1.25^2$-Edges: 0.7477658179930942
$\delta < 1.25^3$-Edges: 0.8739052099145699
MAE-Edges: 7.083773244333034
InvMAE-Edges: 1126.2793636613421
InvRMSE-Edges: 8535.506067421778
LogMAE-Edges: 33.5714191321454
LogSI-Edges: 46.96463741153721
Chamfer-Edges: 4.49855074690469
F-Score-Edges: 7.076307004183725
IoU-Edges: 4.089613241035175
F-Score-20-Edges: 14.637749698017936
IoU-20-Edges: 8.920067548966097
DirAcc-Edges: 68.64020819323493
Dir (-)-Edges: 4.840957374030116
Dir (+)-Edges: 26.518834432734963
EdgeAcc-Edges: 4.125915586474388
EdgeComp-Edges: 38.75789033919936
