Ratio: 0.056146314440322975
AbsRel: 25.120448907470703
SqRel: 15.281167558479309
RMSE: 1.5950789578080178
LogRMSE: 40.05735910377503
$\delta < 1.05$: 0.14881278244876345
$\delta < 1.1$: 0.28519555947342856
$\delta < 1.25$: 0.6007641588767657
$\delta < 1.25^2$: 0.8337739331951317
$\delta < 1.25^3$: 0.8928859012945977
MAE: 0.8891634448200464
InvMAE: 137.71809209976198
InvRMSE: 679.3916237258911
LogMAE: 28.008212948417665
LogSI: 39.40991594242006
