Ratio: 7.797987011241913
AbsRel: 37.53709720993042
SqRel: 30.353310263061523
RMSE: 1.7945706402778625
LogRMSE: 47.761532508850095
$\delta < 1.05$: 0.11541758216258083
$\delta < 1.1$: 0.2188670656317826
$\delta < 1.25$: 0.45255874810943725
$\delta < 1.25^2$: 0.7118174972966476
$\delta < 1.25^3$: 0.8413899105109806
MAE: 1.1453674247026444
InvMAE: 139.68447916259765
InvRMSE: 176.23239706420898
LogMAE: 35.82822427787781
LogSI: 46.98503008867984
