Ratio: 0.20128851111390453
AbsRel: 25.647824102401735
SqRel: 22.020977122306824
RMSE: 33.848623346805574
LogRMSE: 174.8642122039795
$\delta < 1.05$: 0.17158945043609816
$\delta < 1.1$: 0.32707785114905824
$\delta < 1.25$: 0.6517067382100483
$\delta < 1.25^2$: 0.8532407775163471
$\delta < 1.25^3$: 0.9121539644543318
MAE: 13.789842735767364
InvMAE: 25968.605071906568
InvRMSE: 142894.7705560074
LogMAE: 52.47743843650818
LogSI: 171.599005390663
Chamfer: 3.263196375532148
F-Score: 7.846761751413346
IoU: 4.134711504817009
F-Score-20: 22.865626574516295
IoU-20: 13.122405796527863
