Ratio: 7.683987016201019
AbsRel: 27.82696928215027
SqRel: 17.589879554271697
RMSE: 19.08185315036774
LogRMSE: 36.135762069702146
$\delta < 1.05$: 0.12154915601913711
$\delta < 1.1$: 0.23298935891161351
$\delta < 1.25$: 0.4978660256135496
$\delta < 1.25^2$: 0.8034434603846187
$\delta < 1.25^3$: 0.9374771025980447
MAE: 9.911952039241791
InvMAE: 15.014928628921508
InvRMSE: 22.184074340820313
LogMAE: 27.919869316101074
LogSI: 35.593138076584864
Chamfer: 3.2767360646682344
F-Score: 4.100198286801577
IoU: 2.103382069930434
F-Score-20: 13.060423797130584
IoU-20: 7.058208678901195
