Ratio: 0.0975725283363418
AbsRel: 19.97810763138991
SqRel: 14.102333331474892
RMSE: 1.1234106208498662
LogRMSE: 27.746142013256367
$\delta < 1.05$: 0.20165166931257938
$\delta < 1.1$: 0.3715532023794169
$\delta < 1.25$: 0.6944074352121852
$\delta < 1.25^2$: 0.8935090452150913
$\delta < 1.25^3$: 0.954699326493724
MAE: 0.7318325537213912
InvMAE: 156.89511230028592
InvRMSE: 958.7544042029748
LogMAE: 20.845585047648502
LogSI: 27.33030363906043
