Ratio: 9.27848309412131
AbsRel: 57.79243298389452
SqRel: 448.216093607013
RMSE: 9.656082990725478
LogRMSE: 56.077243616762715
$\delta < 1.05$: 0.10606960985480873
$\delta < 1.1$: 0.2043179306143053
$\delta < 1.25$: 0.43352080153298883
$\delta < 1.25^2$: 0.689929924766494
$\delta < 1.25^3$: 0.8177003858991162
MAE: 6.19539776190514
InvMAE: 48.112670027087084
InvRMSE: 100.6204708905498
LogMAE: 40.81103558818321
LogSI: 53.107047846034895
