Ratio: 2.9947948597027705
AbsRel: 35.02594985081599
SqRel: 29.776482013555672
RMSE: 1.7014355786488606
LogRMSE: 41.577694754967325
$\delta < 1.05$: 0.11377328214499632
$\delta < 1.1$: 0.218844460548618
$\delta < 1.25$: 0.47263398871943035
$\delta < 1.25^2$: 0.7574931623168027
$\delta < 1.25^3$: 0.8905696455491107
MAE: 1.1720668223271002
InvMAE: 143.92289564866286
InvRMSE: 187.15071953113264
LogMAE: 32.45626010894775
LogSI: 40.30292286497967
