Ratio: 0.12892662600295032
AbsRel: 40.29009728153725
SqRel: 100.92065951749348
RMSE: 9.778856100121956
LogRMSE: 56.848055266478674
$\delta < 1.05$: 0.11028094208000057
$\delta < 1.1$: 0.21019951618786117
$\delta < 1.25$: 0.4314674350226381
$\delta < 1.25^2$: 0.6803102663944449
$\delta < 1.25^3$: 0.8063749086068204
MAE: 6.13070490836028
InvMAE: 730.2987532348376
InvRMSE: 5481.226095290462
LogMAE: 41.672436972904634
LogSI: 53.54627333837185
