Ratio: 5.399999999999999
AbsRel: 4.548502507039479
SqRel: 1.4800087063759566
RMSE: 2.5033978367277556
LogRMSE: 7.782585381099156
$\delta < 1.05$: 0.7522456299093175
$\delta < 1.1$: 0.9171778578284534
$\delta < 1.25$: 0.9821235049235782
$\delta < 1.25^2$: 0.9950555723226093
$\delta < 1.25^3$: 0.9977951097182189
MAE: 0.9418200627395085
InvMAE: 3.2206979215145113
InvRMSE: 5.6701432314940865
LogMAE: 4.294667797769819
LogSI: 7.292448426979453
Chamfer: 0.39013922986920396
F-Score: 62.31178144182478
IoU: 46.028407437460764
F-Score-20: 78.98853260040283
IoU-20: 65.92896094458443
