Ratio: 5.399999999999999
AbsRel: 7.789403689419565
SqRel: 2.192139751135023
RMSE: 3.645196450817073
LogRMSE: 12.191871724245738
$\delta < 1.05$: 0.5477727287091411
$\delta < 1.1$: 0.7573173394761558
$\delta < 1.25$: 0.9312316875696917
$\delta < 1.25^2$: 0.9862629008757484
$\delta < 1.25^3$: 0.9960113156615581
MAE: 1.6018973319259888
InvMAE: 5.786929312659187
InvRMSE: 9.15698107693093
LogMAE: 7.605070806719774
LogSI: 11.419183611844218
Chamfer: 0.6499370086906663
F-Score: 50.81658572068244
IoU: 35.048525091694906
F-Score-20: 67.75650793204278
IoU-20: 52.25524810486776
