Ratio: 0.06550478099539633
AbsRel: 28.798360013948198
SqRel: 17.19939166361094
RMSE: 12.188201393902302
LogRMSE: 42.67594312667847
$\delta < 1.05$: 0.1332231929361975
$\delta < 1.1$: 0.24891667796214792
$\delta < 1.25$: 0.5081838440709593
$\delta < 1.25^2$: 0.7714130510462384
$\delta < 1.25^3$: 0.8903045033342055
MAE: 8.16169414651394
InvMAE: 709.5022649504095
InvRMSE: 5186.493696586325
LogMAE: 31.3962491209507
LogSI: 41.68302996520954
Chamfer: 5.24546325612464
F-Score: 8.470916961641983
IoU: 4.691870282512158
F-Score-20: 15.919069670587719
IoU-20: 9.369708017825033
