Ratio: 21.88609192943573
AbsRel: 35.32055733299256
SqRel: 32.775808076143264
RMSE: 12.847302650213242
LogRMSE: 42.80104242420197
$\delta < 1.05$: 0.11796704051409523
$\delta < 1.1$: 0.22635420839144002
$\delta < 1.25$: 0.4791969999699899
$\delta < 1.25^2$: 0.7405723126028009
$\delta < 1.25^3$: 0.8701131901131134
MAE: 8.857155325710773
InvMAE: 21.311465866088867
InvRMSE: 28.34423612499237
LogMAE: 33.112072973251344
LogSI: 40.89849692452409
Chamfer: 4.548207745382278
F-Score: 9.086873583346605
IoU: 5.022950449693948
F-Score-20: 17.353688323140144
IoU-20: 10.207193627566099
