Ratio: 0.3898570970437621
AbsRel: 24.262172059546188
SqRel: 11.546660272808978
RMSE: 0.9526618226496816
LogRMSE: 30.62555784333372
$\delta < 1.05$: 0.14080987581964774
$\delta < 1.1$: 0.2690466704405844
$\delta < 1.25$: 0.5623719316408133
$\delta < 1.25^2$: 0.8413255078380579
$\delta < 1.25^3$: 0.9512029234530528
MAE: 0.6967126572966029
InvMAE: 132.7625874364777
InvRMSE: 531.3794863581293
LogMAE: 24.80602741824742
LogSI: 30.22690678772745
