Ratio: 2.0039582491285577
AbsRel: 31.470965521051248
SqRel: 20.400992815283097
RMSE: 1.047056602684365
LogRMSE: 35.33307508007831
$\delta < 1.05$: 0.11626298309736093
$\delta < 1.1$: 0.2236862497615663
$\delta < 1.25$: 0.4879435635218036
$\delta < 1.25^2$: 0.7969413832639056
$\delta < 1.25^3$: 0.9296150821852625
MAE: 0.8015326297975826
InvMAE: 122.91783927777492
InvRMSE: 162.01335851570153
LogMAE: 28.441802263988997
LogSI: 33.65826428911947
