Ratio: 0.54786518540488
AbsRel: 40.800389373131345
SqRel: 64.6918533367136
RMSE: 7.444748175522072
LogRMSE: 69.42619653250041
$\delta < 1.05$: 0.11646514936289487
$\delta < 1.1$: 0.215651304602767
$\delta < 1.25$: 0.4272966795536862
$\delta < 1.25^2$: 0.6556335702326976
$\delta < 1.25^3$: 0.7829283211682837
MAE: 3.945815159875953
InvMAE: 3517.872008677647
InvRMSE: 19851.729671741843
LogMAE: 48.0254410173334
LogSI: 66.34875578671642
Chamfer: 2.702299834205393
F-Score: 32.18997911796081
IoU: 24.998828394404438
F-Score-20: 44.11623030767272
IoU-20: 35.214086293954956
