Ratio: 4.928407641503799
AbsRel: 53.543135600569144
SqRel: 131.60700788493648
RMSE: 7.083463790784612
LogRMSE: 63.80335639082074
$\delta < 1.05$: 0.10042650924676236
$\delta < 1.1$: 0.1952319878109667
$\delta < 1.25$: 0.4235459167075944
$\delta < 1.25^2$: 0.6643993151706207
$\delta < 1.25^3$: 0.7815754892013016
MAE: 4.063881597115378
InvMAE: 235.98735748905884
InvRMSE: 325.067563974344
LogMAE: 46.95886877758081
LogSI: 59.54177879088332
Chamfer: 2.953539248560922
F-Score: 31.74171220788545
IoU: 23.435656986745634
F-Score-20: 45.43864864470286
IoU-20: 35.66455048955799
