Ratio: 6.653715708553791
AbsRel: 27.362354509830475
SqRel: 22.36270894885063
RMSE: 8.145190924108029
LogRMSE: 35.25469225406647
$\delta < 1.05$: 0.15464791229138192
$\delta < 1.1$: 0.29363874633822157
$\delta < 1.25$: 0.5823084954154634
$\delta < 1.25^2$: 0.8277743945796269
$\delta < 1.25^3$: 0.924370114773948
MAE: 4.725875277519226
InvMAE: 26.673671394586563
InvRMSE: 36.03905008912086
LogMAE: 26.168822960853575
LogSI: 34.27767741908473
Chamfer: 2.521474793861927
F-Score: 13.001223999857903
IoU: 7.14740140542388
F-Score-20: 25.690657915472983
IoU-20: 15.430189341902732
Ratio-Edges: 7.22208520680666
AbsRel-Edges: 33.98930835604668
SqRel-Edges: 34.79393553555012
RMSE-Edges: 9.559158995859326
LogRMSE-Edges: 41.64208356738091
$\delta < 1.05$-Edges: 0.12323577635750976
$\delta < 1.1$-Edges: 0.23429861808309532
$\delta < 1.25$-Edges: 0.4898462440146784
$\delta < 1.25^2$-Edges: 0.7622959055243791
$\delta < 1.25^3$-Edges: 0.8846379179327922
MAE-Edges: 6.188014295976609
InvMAE-Edges: 29.03562570810318
InvRMSE-Edges: 40.254187324643134
LogMAE-Edges: 31.65208087682724
LogSI-Edges: 40.46059771834727
Chamfer-Edges: 3.479092754516541
F-Score-Edges: 7.598144881650805
IoU-Edges: 4.2380805570073425
F-Score-20-Edges: 16.222948393821717
IoU-20-Edges: 9.536994486749172
DirAcc-Edges: 69.8108366952753
Dir (-)-Edges: 4.311078669441875
Dir (+)-Edges: 25.878084635282832
EdgeAcc-Edges: 3.788722148727737
EdgeComp-Edges: 43.954798309595496
