Ratio: 6.84725929844764
AbsRel: 30.865219183275777
SqRel: 38.80130685144855
RMSE: 9.441055148878405
LogRMSE: 36.83915092468262
$\delta < 1.05$: 0.15761004343386073
$\delta < 1.1$: 0.2969697023071584
$\delta < 1.25$: 0.5806070695057565
$\delta < 1.25^2$: 0.8184884712824168
$\delta < 1.25^3$: 0.912395153616613
MAE: 5.447374601267999
InvMAE: 29.664285768693492
InvRMSE: 43.18592875388361
LogMAE: 27.349990927173245
LogSI: 35.54745016434202
Chamfer: 2.684977010651168
F-Score: 13.205983299363044
IoU: 7.320726793004621
F-Score-20: 26.29712145497722
IoU-20: 15.964954274700533
Ratio-Edges: 7.456800052075605
AbsRel-Edges: 39.11168479327283
SqRel-Edges: 64.22879423002402
RMSE-Edges: 11.606822583020902
LogRMSE-Edges: 43.77522746628406
$\delta < 1.05$-Edges: 0.13272278202246096
$\delta < 1.1$-Edges: 0.24374143277127272
$\delta < 1.25$-Edges: 0.4883871473727687
$\delta < 1.25^2$-Edges: 0.7452184627195197
$\delta < 1.25^3$-Edges: 0.8721641697574171
MAE-Edges: 7.499703379350355
InvMAE-Edges: 28.3482100896586
InvRMSE-Edges: 42.62056909324297
LogMAE-Edges: 33.00010781007654
LogSI-Edges: 42.39563650078045
Chamfer-Edges: 4.269547530318215
F-Score-Edges: 7.7433129136079275
IoU-Edges: 4.644566027547409
F-Score-20-Edges: 15.447617244603586
IoU-20-Edges: 9.527415164233812
DirAcc-Edges: 65.96115794680728
Dir (-)-Edges: 3.4323505786778115
Dir (+)-Edges: 30.60649147451491
EdgeAcc-Edges: 3.965642315823976
EdgeComp-Edges: 37.08651985796706
