Ratio: 0.15783237138086095
AbsRel: 25.605644951481974
SqRel: 23.866542009788176
RMSE: 9.648647634310107
LogRMSE: 48.32938180308188
$\delta < 1.05$: 0.17543143710253603
$\delta < 1.1$: 0.33115758636798426
$\delta < 1.25$: 0.6241993130934893
$\delta < 1.25^2$: 0.8297051718214948
$\delta < 1.25^3$: 0.9108861933423281
MAE: 5.390781583747557
InvMAE: 2932.4772846058877
InvRMSE: 18277.24130752071
LogMAE: 28.835465971423734
LogSI: 47.11891151893859
Chamfer: 2.5414739330218805
F-Score: 14.850006331628368
IoU: 8.339559004845158
F-Score-20: 29.448593601103752
IoU-20: 18.34911280062891
Ratio-Edges: 0.1323196439549585
AbsRel-Edges: 31.00951766157462
SqRel-Edges: 26.688416236152058
RMSE-Edges: 10.740923297765598
LogRMSE-Edges: 45.216262004266376
$\delta < 1.05$-Edges: 0.13162894110886916
$\delta < 1.1$-Edges: 0.24908632726782548
$\delta < 1.25$-Edges: 0.504690739129633
$\delta < 1.25^2$-Edges: 0.7539298703935445
$\delta < 1.25^3$-Edges: 0.878534382035485
MAE-Edges: 6.921243133916964
InvMAE-Edges: 655.7879949279081
InvRMSE-Edges: 6022.576332326107
LogMAE-Edges: 32.31387106359394
LogSI-Edges: 44.055755799663295
Chamfer-Edges: 4.535596695314835
F-Score-Edges: 7.304905992804789
IoU-Edges: 4.209096248345632
F-Score-20-Edges: 15.27523993954939
IoU-20-Edges: 9.337714146282158
DirAcc-Edges: 67.4727789209584
Dir (-)-Edges: 4.869227301706307
Dir (+)-Edges: 27.657993777335285
EdgeAcc-Edges: 4.148652342698063
EdgeComp-Edges: 44.151515332095855
