Ratio: 0.13612893425325803
AbsRel: 23.20732831954956
SqRel: 14.030094516128301
RMSE: 8.192156975865364
LogRMSE: 36.777080113887784
$\delta < 1.05$: 0.1739242137852034
$\delta < 1.1$: 0.3293607817018649
$\delta < 1.25$: 0.6381547391429655
$\delta < 1.25^2$: 0.8528137381672428
$\delta < 1.25^3$: 0.9298321797163086
MAE: 4.577120875045657
InvMAE: 399.44503055512905
InvRMSE: 5071.197560925484
LogMAE: 24.440777468681336
LogSI: 36.23110450924173
Chamfer: 2.4684452031615014
F-Score: 13.757702278494834
IoU: 7.568243083506823
F-Score-20: 27.37997288823128
IoU-20: 16.590332756042482
Ratio-Edges: 0.11830539038071883
AbsRel-Edges: 28.88182558953762
SqRel-Edges: 18.300444784760476
RMSE-Edges: 9.414876045286656
LogRMSE-Edges: 40.56987047553062
$\delta < 1.05$-Edges: 0.13311567316966688
$\delta < 1.1$-Edges: 0.24719908853134043
$\delta < 1.25$-Edges: 0.5145510810214625
$\delta < 1.25^2$-Edges: 0.7797670061419456
$\delta < 1.25^3$-Edges: 0.8939929857577431
MAE-Edges: 6.001014543306082
InvMAE-Edges: 148.54945027559995
InvRMSE-Edges: 1541.1842646920682
LogMAE-Edges: 30.291766127347945
LogSI-Edges: 39.70808058054881
Chamfer-Edges: 3.9624745332838542
F-Score-Edges: 7.405423799604177
IoU-Edges: 4.167294849082827
F-Score-20-Edges: 15.49750923782587
IoU-20-Edges: 9.073644083440303
DirAcc-Edges: 72.43483025405146
Dir (-)-Edges: 6.047773302326378
Dir (+)-Edges: 21.51739644362216
EdgeAcc-Edges: 4.247809294213136
EdgeComp-Edges: 59.11245613069664
