Ratio: 1.9141574496746063
AbsRel: 29.032348648071288
SqRel: 16.15959688529968
RMSE: 1.481869947361946
LogRMSE: 38.918542546844485
$\delta < 1.05$: 0.12660469208665476
$\delta < 1.1$: 0.24393295310557378
$\delta < 1.25$: 0.5251721153815051
$\delta < 1.25^2$: 0.7964189738503553
$\delta < 1.25^3$: 0.8956744926205445
MAE: 0.9265006711244583
InvMAE: 117.10287922058106
InvRMSE: 147.70658651428224
LogMAE: 29.360636420440674
LogSI: 38.00833819405466
