Ratio: 0.38081447597421975
AbsRel: 23.880188766098023
SqRel: 11.462821059513091
RMSE: 1.4809062665104866
LogRMSE: 36.83027195549011
$\delta < 1.05$: 0.15194294058994104
$\delta < 1.1$: 0.2901185485203751
$\delta < 1.25$: 0.6079193015141612
$\delta < 1.25^2$: 0.8462537164473477
$\delta < 1.25^3$: 0.9034735153788995
MAE: 0.8423674108982087
InvMAE: 126.57478495941162
InvRMSE: 444.3776834121704
LogMAE: 26.263834405517578
LogSI: 36.29222119243508
