Ratio: 0.19996979749273588
AbsRel: 25.196633244514466
SqRel: 24.214757534980773
RMSE: 34.649949404716494
LogRMSE: 184.2109653377533
$\delta < 1.05$: 0.1899123067389012
$\delta < 1.1$: 0.3625214219284213
$\delta < 1.25$: 0.691674704656853
$\delta < 1.25^2$: 0.8544495545074963
$\delta < 1.25^3$: 0.9069873936505128
MAE: 14.140524808883667
InvMAE: 29828.388564193727
InvRMSE: 151467.41153432656
LogMAE: 55.65840176010132
LogSI: 180.29060096431024
Chamfer: 3.299266722760872
F-Score: 8.9550365691185
IoU: 4.7498771076202395
F-Score-20: 25.546419518470763
IoU-20: 14.866079464912415
