Ratio: 7.477187929630279
AbsRel: 25.705875276565553
SqRel: 17.856448188781737
RMSE: 18.507245856285095
LogRMSE: 33.92168109512329
$\delta < 1.05$: 0.13205012342932174
$\delta < 1.1$: 0.2537684736384737
$\delta < 1.25$: 0.5407229277037554
$\delta < 1.25^2$: 0.8393457417131569
$\delta < 1.25^3$: 0.947378843577528
MAE: 9.39173994064331
InvMAE: 13.750380122184753
InvRMSE: 20.47703374671936
LogMAE: 25.823342931747437
LogSI: 33.3072904501765
Chamfer: 2.9795740475909795
F-Score: 5.0448761723041535
IoU: 2.63252896104753
F-Score-20: 15.080001510500908
IoU-20: 8.316584666252137
