Ratio: 0.10352322700618156
AbsRel: 19.62668420278109
SqRel: 9.241045295183476
RMSE: 1.0750559427875739
LogRMSE: 27.096729284433216
$\delta < 1.05$: 0.20217660161052872
$\delta < 1.1$: 0.37174423891222
$\delta < 1.25$: 0.6955495782757452
$\delta < 1.25^2$: 0.8963729200946339
$\delta < 1.25^3$: 0.956697337360018
MAE: 0.7229275646576515
InvMAE: 102.78407945486215
InvRMSE: 286.2356956540621
LogMAE: 20.561508816939135
LogSI: 26.68571724070299
