Ratio: 0.12800838204168483
AbsRel: 40.26214321632556
SqRel: 99.48683558665049
RMSE: 9.76207055024502
LogRMSE: 56.371537276982195
$\delta < 1.05$: 0.10946254796075683
$\delta < 1.1$: 0.20862159340096031
$\delta < 1.25$: 0.4339491216499229
$\delta < 1.25^2$: 0.6806655294865488
$\delta < 1.25^3$: 0.8058706064250595
MAE: 6.156149200928051
InvMAE: 583.71506788752
InvRMSE: 4178.725592094686
LogMAE: 41.735191969593544
LogSI: 52.91031979205316
