Ratio: 8.153021761922023
AbsRel: 59.55337101247813
SqRel: 417.5365639267481
RMSE: 10.190311384842534
LogRMSE: 57.786461693289034
$\delta < 1.05$: 0.09537230877370623
$\delta < 1.1$: 0.18401222455439753
$\delta < 1.25$: 0.3979156396278763
$\delta < 1.25^2$: 0.6608673107156889
$\delta < 1.25^3$: 0.805112501728472
MAE: 6.566845859112761
InvMAE: 49.973853239564086
InvRMSE: 102.32190816177915
LogMAE: 42.7249995689221
LogSI: 55.2357376333707
