Ratio: 2.4096400779027207
AbsRel: 35.07945521428035
SqRel: 27.219688868155846
RMSE: 1.79227656185627
LogRMSE: 43.36659680293157
$\delta < 1.05$: 0.10343619401099265
$\delta < 1.1$: 0.199141143456398
$\delta < 1.25$: 0.4384648433631702
$\delta < 1.25^2$: 0.7229037567314238
$\delta < 1.25^3$: 0.8777983172380041
MAE: 1.2921783179961719
InvMAE: 157.5159811929556
InvRMSE: 207.92659311147835
LogMAE: 34.220958868173454
LogSI: 42.093843020004925
