Ratio: 5.399999999999999
AbsRel: 4.694306331702641
SqRel: 3.875858121131148
RMSE: 2.7891930154817444
LogRMSE: 8.829510375772204
$\delta < 1.05$: 0.7806544301354851
$\delta < 1.1$: 0.9204813584599448
$\delta < 1.25$: 0.9804289500545297
$\delta < 1.25^2$: 0.9932444431339439
$\delta < 1.25^3$: 0.9962949155360645
MAE: 0.9648693600296974
InvMAE: 2.9976169211523875
InvRMSE: 6.141967390435083
LogMAE: 4.213339195932661
LogSI: 8.489902187727642
Chamfer: 0.3892624132390737
F-Score: 65.46773208345685
IoU: 49.3990604863848
F-Score-20: 80.15154477255685
IoU-20: 67.52232259750366
