Ratio: 5.399999999999999
AbsRel: 8.153933290323597
SqRel: 3.0244585839243023
RMSE: 3.8824826531980667
LogRMSE: 12.842951875522823
$\delta < 1.05$: 0.5366246138123608
$\delta < 1.1$: 0.7528261258918025
$\delta < 1.25$: 0.9277782813797698
$\delta < 1.25^2$: 0.9838277883190686
$\delta < 1.25^3$: 0.9949351170588663
MAE: 1.6891976083440283
InvMAE: 5.840409340485474
InvRMSE: 9.280858053751519
LogMAE: 7.888611269143461
LogSI: 12.004958736707792
Chamfer: 0.6614162332468503
F-Score: 51.042558049131756
IoU: 35.3089909337781
F-Score-20: 68.09323370822368
IoU-20: 52.64546987176673
