Ratio: 20.10180684912205
AbsRel: 40.65673674964905
SqRel: 43.97879362583161
RMSE: 14.534993641853333
LogRMSE: 48.100666378974914
$\delta < 1.05$: 0.09723693197325457
$\delta < 1.1$: 0.1862549753104827
$\delta < 1.25$: 0.4081868024663089
$\delta < 1.25^2$: 0.6853759337968631
$\delta < 1.25^3$: 0.8399962544209438
MAE: 10.148190165877342
InvMAE: 24.830476985096933
InvRMSE: 32.86392603862286
LogMAE: 37.602575620651244
LogSI: 46.02896462714845
Chamfer: 4.507081572402399
F-Score: 7.4853682905584575
IoU: 4.08336371216178
F-Score-20: 14.707636719346047
IoU-20: 8.464416681826116
