Ratio: 0.04900570839424206
AbsRel: 28.326837517472732
SqRel: 16.573624147579086
RMSE: 12.09660942697525
LogRMSE: 40.03748330879211
$\delta < 1.05$: 0.138559008021507
$\delta < 1.1$: 0.25750559250951344
$\delta < 1.25$: 0.5208049302162183
$\delta < 1.25^2$: 0.7761090583717054
$\delta < 1.25^3$: 0.8906293367810836
MAE: 8.05020346468687
InvMAE: 161.33920827558637
InvRMSE: 1255.842538052231
LogMAE: 30.535719611883163
LogSI: 39.07382241025743
Chamfer: 6.228127990685291
F-Score: 7.250943769525737
IoU: 3.978591322249267
F-Score-20: 13.777108061534701
IoU-20: 7.977342640529037
