Ratio: 0.3323142992028957
AbsRel: 24.01932666352765
SqRel: 10.651511647148963
RMSE: 0.9010409751867118
LogRMSE: 30.30592305580046
$\delta < 1.05$: 0.143326613606204
$\delta < 1.1$: 0.27310879163872126
$\delta < 1.25$: 0.5653456929138542
$\delta < 1.25^2$: 0.843292566305068
$\delta < 1.25^3$: 0.9529293049325515
MAE: 0.6796612515475954
InvMAE: 131.94854889149332
InvRMSE: 399.5690815135244
LogMAE: 24.627838510985768
LogSI: 29.843801806121935
