Ratio: 1.7244766200080923
AbsRel: 34.042010386055765
SqRel: 24.765727986983205
RMSE: 1.1925594273966023
LogRMSE: 38.58903251875431
$\delta < 1.05$: 0.10995631023654671
$\delta < 1.1$: 0.2115439771657468
$\delta < 1.25$: 0.4599520671429187
$\delta < 1.25^2$: 0.7541682690434144
$\delta < 1.25^3$: 0.9058842222550388
MAE: 0.8737316833359021
InvMAE: 136.25729395781818
InvRMSE: 180.1101106007894
LogMAE: 30.866360591456797
LogSI: 37.16393572215452
