Ratio: 4.397486064622277
AbsRel: 57.0163495095723
SqRel: 130.11407142628573
RMSE: 7.1606432455222
LogRMSE: 68.00111178792835
$\delta < 1.05$: 0.08758063013190541
$\delta < 1.1$: 0.16750842366007068
$\delta < 1.25$: 0.35784493272090295
$\delta < 1.25^2$: 0.5971480260652885
$\delta < 1.25^3$: 0.7369811278309448
MAE: 4.1024406112338365
InvMAE: 285.29149368358287
InvRMSE: 390.3339610524725
LogMAE: 51.432273831435936
LogSI: 63.21865798417949
Chamfer: 2.9329376210995894
F-Score: 28.75750570504895
IoU: 20.256705781683753
F-Score-20: 43.065253214616526
IoU-20: 32.85006110206888
