Ratio: 0.3643902020260282
AbsRel: 39.99559513712614
SqRel: 60.46125472858281
RMSE: 7.2078550425014996
LogRMSE: 64.37847544724862
$\delta < 1.05$: 0.11646094621629785
$\delta < 1.1$: 0.2199864649923084
$\delta < 1.25$: 0.43359852053479253
$\delta < 1.25^2$: 0.6563593159203004
$\delta < 1.25^3$: 0.78469825343121
MAE: 3.8608423513266743
InvMAE: 1907.4488010005232
InvRMSE: 9840.213132365925
LogMAE: 46.72999162291796
LogSI: 61.322284912547055
Chamfer: 3.0655838173896126
F-Score: 29.70752868899033
IoU: 22.287757648577532
F-Score-20: 42.725860760542766
IoU-20: 33.63755629493289
