Ratio: 0.12495756562875188
AbsRel: 24.24909894824028
SqRel: 16.849979957342146
RMSE: 8.340207188241184
LogRMSE: 39.32218875050545
$\delta < 1.05$: 0.16837867887743754
$\delta < 1.1$: 0.3223937927805322
$\delta < 1.25$: 0.6243694423479406
$\delta < 1.25^2$: 0.8406883435448924
$\delta < 1.25^3$: 0.919594713520803
MAE: 4.702703833505511
InvMAE: 598.0017670994997
InvRMSE: 6211.9421856147055
LogMAE: 25.77833723068237
LogSI: 38.662657036917636
Chamfer: 2.932324793543669
F-Score: 12.464843600392342
IoU: 6.836194079220295
F-Score-20: 25.020825018286704
IoU-20: 15.151209860146047
Ratio-Edges: 0.11241479359192758
AbsRel-Edges: 29.447925902605057
SqRel-Edges: 20.706685201451183
RMSE-Edges: 9.522379186190665
LogRMSE-Edges: 40.77390412092209
$\delta < 1.05$-Edges: 0.13141803032154098
$\delta < 1.1$-Edges: 0.24950919880530567
$\delta < 1.25$-Edges: 0.5159195784825773
$\delta < 1.25^2$-Edges: 0.7730117657761142
$\delta < 1.25^3$-Edges: 0.8879742776292429
MAE-Edges: 6.0327404568903145
InvMAE-Edges: 101.4588088697195
InvRMSE-Edges: 801.7176827603579
LogMAE-Edges: 30.718391728401183
LogSI-Edges: 39.85057632513072
Chamfer-Edges: 4.337873976143868
F-Score-Edges: 6.471296905875206
IoU-Edges: 3.5767281402647497
F-Score-20-Edges: 13.921754128336907
IoU-20-Edges: 8.162119520306588
DirAcc-Edges: 71.69666182718333
Dir (-)-Edges: 6.736939819097544
Dir (+)-Edges: 21.566398353719123
EdgeAcc-Edges: 4.254466765483738
EdgeComp-Edges: 72.65500129094998
