Ratio: 0.15038881012004904
AbsRel: 26.463366123014882
SqRel: 25.0176203951528
RMSE: 9.761820731393753
LogRMSE: 48.26030259224677
$\delta < 1.05$: 0.17339469470296207
$\delta < 1.1$: 0.3274911545897667
$\delta < 1.25$: 0.6140644586661711
$\delta < 1.25^2$: 0.8188999238454008
$\delta < 1.25^3$: 0.9007236707643569
MAE: 5.485871229152526
InvMAE: 2254.104606235566
InvRMSE: 16272.080483758065
LogMAE: 29.18722862089834
LogSI: 47.05263582147231
Chamfer: 2.999995138898718
F-Score: 14.263676083145603
IoU: 8.029356630646413
F-Score-20: 28.1915234099665
IoU-20: 17.646237490177153
Ratio-Edges: 0.12399587853122758
AbsRel-Edges: 31.844761428334355
SqRel-Edges: 29.675292727234318
RMSE-Edges: 10.966693945243662
LogRMSE-Edges: 46.32448082437702
$\delta < 1.05$-Edges: 0.130497527867699
$\delta < 1.1$-Edges: 0.2487658017046665
$\delta < 1.25$-Edges: 0.49897602013926073
$\delta < 1.25^2$-Edges: 0.745844130753523
$\delta < 1.25^3$-Edges: 0.8720702874641615
MAE-Edges: 7.035647830659268
InvMAE-Edges: 726.2592622859027
InvRMSE-Edges: 6135.8244336393145
LogMAE-Edges: 33.08535120689791
LogSI-Edges: 45.03731442416515
Chamfer-Edges: 4.944192156201906
F-Score-Edges: 7.010500540501542
IoU-Edges: 4.020043189726234
F-Score-20-Edges: 14.634144911618014
IoU-20-Edges: 8.892744409979558
DirAcc-Edges: 67.54136276088535
Dir (-)-Edges: 5.233297022512709
Dir (+)-Edges: 27.22534021660194
EdgeAcc-Edges: 4.1764273814605035
EdgeComp-Edges: 51.58603164337901
