Ratio: 6.541099879145622
AbsRel: 30.315278712511063
SqRel: 28.414850385189055
RMSE: 8.27817846700549
LogRMSE: 37.65497993946075
$\delta < 1.05$: 0.1406835346476029
$\delta < 1.1$: 0.2669139599850556
$\delta < 1.25$: 0.5439498043349574
$\delta < 1.25^2$: 0.7978264237183258
$\delta < 1.25^3$: 0.9060000891112884
MAE: 4.951555930972099
InvMAE: 29.850544376373293
InvRMSE: 39.75609203875065
LogMAE: 28.57117126584053
LogSI: 36.52186370591498
Chamfer: 2.8586217123010607
F-Score: 11.165668039023876
IoU: 6.067822978422046
F-Score-20: 22.608486558794976
IoU-20: 13.369686772227288
Ratio-Edges: 7.091809948682785
AbsRel-Edges: 35.69468850374222
SqRel-Edges: 39.547093613296745
RMSE-Edges: 9.677024501226843
LogRMSE-Edges: 43.065287663936616
$\delta < 1.05$-Edges: 0.12325351418120559
$\delta < 1.1$-Edges: 0.23410191272647154
$\delta < 1.25$-Edges: 0.4828418883525913
$\delta < 1.25^2$-Edges: 0.7418042137371055
$\delta < 1.25^3$-Edges: 0.8695943867348052
MAE-Edges: 6.294833391159773
InvMAE-Edges: 31.464643856287
InvRMSE-Edges: 43.51597201049328
LogMAE-Edges: 32.947801538705825
LogSI-Edges: 41.58864417132509
Chamfer-Edges: 3.8107625083940597
F-Score-Edges: 6.826445237472654
IoU-Edges: 3.7365950885787607
F-Score-20-Edges: 14.790904330611228
IoU-20-Edges: 8.561055478006601
DirAcc-Edges: 68.31668315517183
Dir (-)-Edges: 4.805545919416178
Dir (+)-Edges: 26.877770925411998
EdgeAcc-Edges: 3.7488416099806936
EdgeComp-Edges: 50.13120907572783
