Ratio: 6.872335853807388
AbsRel: 32.56901309167185
SqRel: 48.22318323373795
RMSE: 9.57843573074187
LogRMSE: 38.22868079154722
$\delta < 1.05$: 0.1538695974574911
$\delta < 1.1$: 0.2880506664619826
$\delta < 1.25$: 0.5668531507281787
$\delta < 1.25^2$: 0.8070104235348173
$\delta < 1.25^3$: 0.9030296806125232
MAE: 5.588016583919525
InvMAE: 31.125803078682193
InvRMSE: 45.225428682757965
LogMAE: 28.515781270304032
LogSI: 36.91180090820084
Chamfer: 2.9301433172032723
F-Score: 12.387577720688235
IoU: 6.836023859573949
F-Score-20: 24.806934018596525
IoU-20: 14.982598903409896
Ratio-Edges: 7.49305778391221
AbsRel-Edges: 40.67698259883457
SqRel-Edges: 74.95676620904527
RMSE-Edges: 11.740625971039526
LogRMSE-Edges: 44.86276998956219
$\delta < 1.05$-Edges: 0.1277374193099288
$\delta < 1.1$-Edges: 0.2352880243671638
$\delta < 1.25$-Edges: 0.48081613586484795
$\delta < 1.25^2$-Edges: 0.7381745591786132
$\delta < 1.25^3$-Edges: 0.8649919095481807
MAE-Edges: 7.59533066572804
InvMAE-Edges: 29.799596424975427
InvRMSE-Edges: 44.18491065424252
LogMAE-Edges: 33.912050988315755
LogSI-Edges: 43.27781816735324
Chamfer-Edges: 4.571184815439921
F-Score-Edges: 7.174289579416802
IoU-Edges: 4.24448887604027
F-Score-20-Edges: 14.378605192042643
IoU-20-Edges: 8.680274313405837
DirAcc-Edges: 65.35654919338025
Dir (-)-Edges: 3.785493743185423
Dir (+)-Edges: 30.857957063434323
EdgeAcc-Edges: 3.9732266459631944
EdgeComp-Edges: 45.47830895066933
