Ratio: 0.2541598526205911
AbsRel: 24.359118108558654
SqRel: 11.678626597976685
RMSE: 1.498720749515295
LogRMSE: 37.84355708999634
$\delta < 1.05$: 0.15173966257393237
$\delta < 1.1$: 0.29102088936920506
$\delta < 1.25$: 0.5981635534968587
$\delta < 1.25^2$: 0.8375273800395507
$\delta < 1.25^3$: 0.8965934804353014
MAE: 0.8542548637390137
InvMAE: 110.7957824432373
InvRMSE: 230.13427142333984
LogMAE: 26.94714175720215
LogSI: 37.24017105147815
