Ratio: 1.6763728854179383
AbsRel: 34.369520069122316
SqRel: 23.28038425579071
RMSE: 1.5856105129957199
LogRMSE: 44.61342765731811
$\delta < 1.05$: 0.10479379272842022
$\delta < 1.1$: 0.20178986461299564
$\delta < 1.25$: 0.44285925028564316
$\delta < 1.25^2$: 0.724814620546062
$\delta < 1.25^3$: 0.8629274704383882
MAE: 1.0431493783473968
InvMAE: 143.34128050079346
InvRMSE: 182.5116171020508
LogMAE: 34.420927391052246
LogSI: 43.57666935092133
