MAE: 1.0773655652999878
RMSE: 2.656632898237024
InvMAE: 4.196931797266006
InvRMSE: 6.461495607580457
LogMAE: 5.314929339374815
LogRMSE: 8.631213033880506
LogSI: 7.702987341619156
AbsRel: 5.613543051140649
SqRel: 1.6143864125918064
ChamferDist: 0.44338336369821
F-Score: 56.121010694934185
IoU: 40.587539322599106
F-Score-20: 75.23851900454079
IoU-20: 61.70823075383902
