AbsRel: 0.09817810112361929
SqRel: 0.7501814095584015
RMSE: 4.526388708624983
LogRMSE: 0.18833196015662407
$\delta < 1.25$: 0.8906876930675828
$\delta < 1.25^2$: 0.9600384102575622
$\delta < 1.25^3$: 0.9805384472623375
ChamferDist: 0.8016647194943777
F-Score: 27.390356656853402
IoU: 16.056487920743493
F-Score-20: 54.473906837884805
IoU-20: 37.85984237968836
