MAE: 1.5889754988298825
RMSE: 3.6108760750549704
InvMAE: 5.887025189911661
InvRMSE: 8.773116877473937
LogMAE: 7.622722346724177
LogRMSE: 11.963430652589155
LogSI: 11.047643642879647
AbsRel: 7.733992664360561
SqRel: 1.9969132385370922
ChamferDist: 0.6448628750224055
F-Score: 49.93791906197378
IoU: 34.38016012793213
F-Score-20: 67.6750051898459
IoU-20: 52.28792484333179
