Ratio: 41.60567191505432
AbsRel: 29.54688803291321
SqRel: 23.16979737329483
RMSE: 19.397263507843018
LogRMSE: 37.79940108680725
$\delta < 1.05$: 0.14292687385641978
$\delta < 1.1$: 0.26947987613499286
$\delta < 1.25$: 0.5234142195670777
$\delta < 1.25^2$: 0.7705263619565265
$\delta < 1.25^3$: 0.913238363750427
MAE: 9.960811319828034
InvMAE: 15.49862408399582
InvRMSE: 24.026704221725463
LogMAE: 28.531526666641234
LogSI: 37.06522550786106
Chamfer: 3.679231200670781
F-Score: 5.25242997071147
IoU: 2.735248019978404
F-Score-20: 15.30734000170231
IoU-20: 8.47680241560936
