Ratio: 0.03686695786760782
AbsRel: 27.299195683479308
SqRel: 19.435585788965223
RMSE: 29.209194990158082
LogRMSE: 120.90185145187378
$\delta < 1.05$: 0.14634722134951028
$\delta < 1.1$: 0.27625674899391545
$\delta < 1.25$: 0.5612514211301137
$\delta < 1.25^2$: 0.8264119854338019
$\delta < 1.25^3$: 0.9226775150136507
MAE: 12.599644571065904
InvMAE: 13822.113837964058
InvRMSE: 92036.69505006504
LogMAE: 41.60773067092895
LogSI: 119.04657445087373
Chamfer: 3.34155376975217
F-Score: 6.600077744841576
IoU: 3.454279506623745
F-Score-20: 18.794582822799683
IoU-20: 10.51418724822998
