Ratio: 0.021151529776077295
AbsRel: 18.73643740433913
SqRel: 8.621263875777904
RMSE: 1.042730335868322
LogRMSE: 26.205344829559326
$\delta < 1.05$: 0.2224792257374234
$\delta < 1.1$: 0.3972806028065627
$\delta < 1.25$: 0.7132049600748163
$\delta < 1.25^2$: 0.9058740952628428
$\delta < 1.25^3$: 0.9598399327182565
MAE: 0.6942476030725699
InvMAE: 89.65326152508075
InvRMSE: 123.9654824418288
LogMAE: 19.660403480529784
LogSI: 25.81962781473397
