Ratio: 0.029822300344341877
AbsRel: 39.104903655201866
SqRel: 102.2440171300563
RMSE: 9.635851254377664
LogRMSE: 54.26047736326141
$\delta < 1.05$: 0.1164781707257965
$\delta < 1.1$: 0.2220421364135363
$\delta < 1.25$: 0.4558366339347402
$\delta < 1.25^2$: 0.6963386871365386
$\delta < 1.25^3$: 0.8159282764978221
MAE: 6.002997484308722
InvMAE: 551.1564515893235
InvRMSE: 4155.800314641319
LogMAE: 40.03122293788756
LogSI: 51.02343076880395
