Ratio: 10.479431721613958
AbsRel: 35.873499028132514
SqRel: 27.00569359926077
RMSE: 1.63924221937473
LogRMSE: 46.923240462083086
$\delta < 1.05$: 0.10066507302913644
$\delta < 1.1$: 0.1927926324857922
$\delta < 1.25$: 0.41921222824762244
$\delta < 1.25^2$: 0.6879475918722792
$\delta < 1.25^3$: 0.8401586019803646
MAE: 1.2182714198185847
InvMAE: 188.25845230689416
InvRMSE: 251.32797884427583
LogMAE: 37.218667083153356
LogSI: 44.807110872521456
