Ratio: 35.30017097220827
AbsRel: 54.6326683070093
SqRel: 432.5704711542001
RMSE: 9.150276032531208
LogRMSE: 54.03000374011395
$\delta < 1.05$: 0.10816415540230692
$\delta < 1.1$: 0.20808536037953274
$\delta < 1.25$: 0.44248498799510505
$\delta < 1.25^2$: 0.7014145854274362
$\delta < 1.25^3$: 0.8306231354337044
MAE: 5.875317639967786
InvMAE: 47.84474034587364
InvRMSE: 100.746468239301
LogMAE: 39.423271827099036
LogSI: 51.47049788768991
