Ratio: 0.03626726583645598
AbsRel: 6.356597013814109
SqRel: 2.1300555769247667
RMSE: 3.549024558195046
LogRMSE: 10.743526421955654
$\delta < 1.05$: 0.6332895554294792
$\delta < 1.1$: 0.8362502112692147
$\delta < 1.25$: 0.94942958422948
$\delta < 1.25^2$: 0.9868823868989378
$\delta < 1.25^3$: 0.9951102848379424
MAE: 1.4369081536786896
InvMAE: 4.454232476779393
InvRMSE: 7.0453869724273686
LogMAE: 6.367038754395076
LogSI: 10.671937736912243
Chamfer: 0.6379948810844626
F-Score: 56.77671128409249
IoU: 40.78098788057055
F-Score-20: 73.47309599740164
IoU-20: 59.18272420474461
