Ratio: 27.256596480778285
AbsRel: 7.092892508506775
SqRel: 3.9507163029270513
RMSE: 3.5159535626428466
LogRMSE: 10.978117128099713
$\delta < 1.05$: 0.5903422162588084
$\delta < 1.1$: 0.8243661052710978
$\delta < 1.25$: 0.9513406243957028
$\delta < 1.25^2$: 0.9861959122592717
$\delta < 1.25^3$: 0.9937172225241692
MAE: 1.4469834930981909
InvMAE: 5.184227656807218
InvRMSE: 8.087735076631818
LogMAE: 6.752918963091714
LogSI: 10.689922899052403
Chamfer: 0.5839229527256163
F-Score: 53.743149304900854
IoU: 37.88787220277957
F-Score-20: 72.30344669035503
IoU-20: 57.89034924336842
