Ratio: 0.03550494789308718
AbsRel: 8.05998157906386
SqRel: 1.8562288960339102
RMSE: 3.997849147652556
LogRMSE: 12.845886991799244
$\delta < 1.05$: 0.500739837254954
$\delta < 1.1$: 0.7377876296119625
$\delta < 1.25$: 0.9238895668162723
$\delta < 1.25^2$: 0.9846152402241194
$\delta < 1.25^3$: 0.9961959226771984
MAE: 1.75738416127632
InvMAE: 12.23965101300573
InvRMSE: 150.92930750027756
LogMAE: 8.197826273236538
LogSI: 12.769282409158414
Chamfer: 0.7472365609673007
F-Score: 48.803680670773325
IoU: 33.301677457759716
F-Score-20: 67.53682694698404
IoU-20: 51.90755698724758
