Ratio: 27.608784049566538
AbsRel: 8.79583758481441
SqRel: 2.4091928374776446
RMSE: 3.952762798480461
LogRMSE: 13.149491220164153
$\delta < 1.05$: 0.45218139455815837
$\delta < 1.1$: 0.7025992178127753
$\delta < 1.25$: 0.9187474046297531
$\delta < 1.25^2$: 0.984642222984605
$\delta < 1.25^3$: 0.9961426198103235
MAE: 1.8031350216068374
InvMAE: 6.883254635919092
InvRMSE: 9.928932272217756
LogMAE: 8.779057268350403
LogSI: 12.64275724734282
Chamfer: 0.7284318085159455
F-Score: 45.49605467312175
IoU: 30.539839654063886
F-Score-20: 65.6039039547458
IoU-20: 49.965629016329174
