Ratio: 0.013261621286090037
AbsRel: 28.61369675016403
SqRel: 16.220709683164955
RMSE: 12.307353144049644
LogRMSE: 40.190469511032106
$\delta < 1.05$: 0.13807083187402963
$\delta < 1.1$: 0.25529239280018223
$\delta < 1.25$: 0.5123848158124108
$\delta < 1.25^2$: 0.7676420508151687
$\delta < 1.25^3$: 0.8865470864565335
MAE: 8.193143133252859
InvMAE: 83.14384436422587
InvRMSE: 833.0314809959531
LogMAE: 30.966237978458405
LogSI: 39.13108725633369
Chamfer: 6.531138382583798
F-Score: 7.711220943719149
IoU: 4.224932465687394
F-Score-20: 14.492576034709812
IoU-20: 8.380638625707478
