Ratio: 69.02733372831345
AbsRel: 36.12399804734504
SqRel: 31.039986488580702
RMSE: 13.394712449193001
LogRMSE: 47.03422632980347
$\delta < 1.05$: 0.10397364934014731
$\delta < 1.1$: 0.1998135875013777
$\delta < 1.25$: 0.4265890885409214
$\delta < 1.25^2$: 0.690696309949013
$\delta < 1.25^3$: 0.8443493725508363
MAE: 9.335683874368668
InvMAE: 25.49580748257786
InvRMSE: 34.37124447319657
LogMAE: 36.6948311882019
LogSI: 44.137838620508774
Chamfer: 4.698526899747525
F-Score: 8.117005447998643
IoU: 4.441327673085034
F-Score-20: 15.880345489621162
IoU-20: 9.177190878480673
