Ratio: 0.10849002520587804
AbsRel: 21.947648603981786
SqRel: 9.647474207827075
RMSE: 0.8679464708797247
LogRMSE: 27.9919459265671
$\delta < 1.05$: 0.16146208289492306
$\delta < 1.1$: 0.3055660222804718
$\delta < 1.25$: 0.6104070459966732
$\delta < 1.25^2$: 0.8717302541036228
$\delta < 1.25^3$: 0.962824628710079
MAE: 0.6344819872751148
InvMAE: 112.57203488539483
InvRMSE: 360.2466644847065
LogMAE: 22.459468089841558
LogSI: 27.61787760061167
