Ratio: 6.797526450696706
AbsRel: 27.136235184625747
SqRel: 18.546199162071996
RMSE: 0.9621135421575756
LogRMSE: 32.95899793642376
$\delta < 1.05$: 0.13413491268713196
$\delta < 1.1$: 0.2564523994117611
$\delta < 1.25$: 0.5404584233228115
$\delta < 1.25^2$: 0.824398358807278
$\delta < 1.25^3$: 0.9395499974874733
MAE: 0.712836876762205
InvMAE: 121.1386642806027
InvRMSE: 164.22023602873543
LogMAE: 26.132452616268708
LogSI: 31.677886202980588
