Ratio: 0.09140595470224584
AbsRel: 38.936853564470006
SqRel: 42.73634608906012
RMSE: 7.041852926790857
LogRMSE: 63.23611376034586
$\delta < 1.05$: 0.11783429032267041
$\delta < 1.1$: 0.21966671441810695
$\delta < 1.25$: 0.43048330562975173
$\delta < 1.25^2$: 0.6609044616802707
$\delta < 1.25^3$: 0.7902363081666083
MAE: 3.7850678228055745
InvMAE: 1730.5215518283073
InvRMSE: 8468.025425772947
LogMAE: 46.21688007424323
LogSI: 60.06120857919447
Chamfer: 3.0285736982551135
F-Score: 29.46747671190703
IoU: 22.30553407848024
F-Score-20: 42.532168877752206
IoU-20: 33.48961842373798
