Ratio: 23.296170894323925
AbsRel: 53.54842683219454
SqRel: 117.34975129475541
RMSE: 7.178224351488803
LogRMSE: 67.74535312344582
$\delta < 1.05$: 0.08791738005130051
$\delta < 1.1$: 0.16601212830178388
$\delta < 1.25$: 0.3541684098258694
$\delta < 1.25^2$: 0.6049220072954544
$\delta < 1.25^3$: 0.7566506338149028
MAE: 4.033141635843156
InvMAE: 307.3289964631699
InvRMSE: 423.4820967515405
LogMAE: 51.02288982719896
LogSI: 62.17406568483283
Chamfer: 2.973813425538834
F-Score: 28.018219884706028
IoU: 19.307227575839566
F-Score-20: 42.92758848895296
IoU-20: 32.299741874506886
