Ratio: 33.190416725527854
AbsRel: 30.400760928738503
SqRel: 37.53834652992987
RMSE: 9.19096866073147
LogRMSE: 37.050945417342646
$\delta < 1.05$: 0.14684096721757914
$\delta < 1.1$: 0.278930057215383
$\delta < 1.25$: 0.5672910522027449
$\delta < 1.25^2$: 0.818944854271556
$\delta < 1.25^3$: 0.9142305960186836
MAE: 5.385779781226189
InvMAE: 30.745805836954425
InvRMSE: 45.08459543658841
LogMAE: 27.665218596304616
LogSI: 35.753285889515304
Chamfer: 2.7878505680286803
F-Score: 12.027539445969365
IoU: 6.552920600502722
F-Score-20: 24.386065633220056
IoU-20: 14.43428557119062
Ratio-Edges: 36.34673251295401
AbsRel-Edges: 39.16278510436513
SqRel-Edges: 67.43410769923061
RMSE-Edges: 11.258315781966534
LogRMSE-Edges: 44.06331430260652
$\delta < 1.05$-Edges: 0.12437168566119086
$\delta < 1.1$-Edges: 0.23262711204802794
$\delta < 1.25$-Edges: 0.48042812795974493
$\delta < 1.25^2$-Edges: 0.7434953776599114
$\delta < 1.25^3$-Edges: 0.8695619473093644
MAE-Edges: 7.35464132934614
InvMAE-Edges: 29.760752730743558
InvRMSE-Edges: 44.51441898875766
LogMAE-Edges: 33.421414862738715
LogSI-Edges: 42.540785196464064
Chamfer-Edges: 4.320963428495489
F-Score-Edges: 7.17190822746629
IoU-Edges: 4.195291879013473
F-Score-20-Edges: 14.659642263058743
IoU-20-Edges: 8.854084345873664
DirAcc-Edges: 65.48410788579659
Dir (-)-Edges: 3.434364020959282
Dir (+)-Edges: 31.081528093244128
EdgeAcc-Edges: 3.551709225105352
EdgeComp-Edges: 37.24177177206629
