Ratio: 0.027816097037221665
AbsRel: 23.946171581745148
SqRel: 15.024498182535172
RMSE: 8.249871653318404
LogRMSE: 35.74161486744881
$\delta < 1.05$: 0.1627087977382402
$\delta < 1.1$: 0.3090605895146771
$\delta < 1.25$: 0.6170184396524647
$\delta < 1.25^2$: 0.8482824594361833
$\delta < 1.25^3$: 0.9255258172026545
MAE: 4.693768539689481
InvMAE: 243.79413022875787
InvRMSE: 2644.709250215292
LogMAE: 25.15514286994934
LogSI: 35.10522644742033
Chamfer: 2.8778371663487383
F-Score: 12.33019883606583
IoU: 6.740162503253669
F-Score-20: 24.302144539952277
IoU-20: 14.463910232111811
Ratio-Edges: 0.023447253634633593
AbsRel-Edges: 29.05626742064953
SqRel-Edges: 18.541048240438105
RMSE-Edges: 9.469744140096008
LogRMSE-Edges: 40.49104891419411
$\delta < 1.05$-Edges: 0.12724490939213967
$\delta < 1.1$-Edges: 0.24375684317424479
$\delta < 1.25$-Edges: 0.5129824126258136
$\delta < 1.25^2$-Edges: 0.776366809143989
$\delta < 1.25^3$-Edges: 0.8906227439494424
MAE-Edges: 6.031563022825867
InvMAE-Edges: 117.69194770783186
InvRMSE-Edges: 1446.8663236558436
LogMAE-Edges: 30.503602520823478
LogSI-Edges: 39.583834838589446
Chamfer-Edges: 4.363921575187089
F-Score-Edges: 6.628857734501362
IoU-Edges: 3.6520191477239132
F-Score-20-Edges: 14.195371913090348
IoU-20-Edges: 8.261117002144456
DirAcc-Edges: 73.09743850001712
Dir (-)-Edges: 6.168870130537568
Dir (+)-Edges: 20.733691369445307
EdgeAcc-Edges: 3.6226371429886486
EdgeComp-Edges: 49.64857557011061
