Ratio: 0.031950007301557455
AbsRel: 25.967093750430692
SqRel: 23.28496707700914
RMSE: 9.667529103246427
LogRMSE: 43.03554167778261
$\delta < 1.05$: 0.16634011974574656
$\delta < 1.1$: 0.3134257115804777
$\delta < 1.25$: 0.6089034532782696
$\delta < 1.25^2$: 0.8268337776887608
$\delta < 1.25^3$: 0.9099643104483576
MAE: 5.4655999165773395
InvMAE: 1196.517075162703
InvRMSE: 10836.187102376261
LogMAE: 27.661666782748316
LogSI: 42.05743095636579
Chamfer: 2.8794687630906064
F-Score: 13.844569598859357
IoU: 7.790975084804719
F-Score-20: 27.27411398703052
IoU-20: 16.872817181156528
Ratio-Edges: 0.02968236991673907
AbsRel-Edges: 31.276575245888406
SqRel-Edges: 26.283754077027826
RMSE-Edges: 10.838188980169155
LogRMSE-Edges: 44.87940248383416
$\delta < 1.05$-Edges: 0.12801790237405347
$\delta < 1.1$-Edges: 0.24290012275521877
$\delta < 1.25$-Edges: 0.4924367770537403
$\delta < 1.25^2$-Edges: 0.7504914872619323
$\delta < 1.25^3$-Edges: 0.875316278983958
MAE-Edges: 6.994297297746917
InvMAE-Edges: 465.0997894813033
InvRMSE-Edges: 5054.669342384619
LogMAE-Edges: 32.6651380542057
LogSI-Edges: 43.6359561825449
Chamfer-Edges: 4.921810577359332
F-Score-Edges: 7.041635134270768
IoU-Edges: 4.056340219362888
F-Score-20-Edges: 14.706197569923463
IoU-20-Edges: 8.932278700241076
DirAcc-Edges: 68.28437670679332
Dir (-)-Edges: 4.637147077969845
Dir (+)-Edges: 27.07847621523684
EdgeAcc-Edges: 3.7144716092276986
EdgeComp-Edges: 45.486595571842926
