Ratio: 30.22010746359825
AbsRel: 28.09813921689987
SqRel: 24.234755654633044
RMSE: 7.971406457424163
LogRMSE: 35.830454561710354
$\delta < 1.05$: 0.14208416761158518
$\delta < 1.1$: 0.2691556937081026
$\delta < 1.25$: 0.5592563547139385
$\delta < 1.25^2$: 0.8220180652259053
$\delta < 1.25^3$: 0.9211564742277298
MAE: 4.735293257907033
InvMAE: 28.312879514694213
InvRMSE: 38.15712472915649
LogMAE: 27.043264424800874
LogSI: 34.78333871844032
Chamfer: 2.621571400334568
F-Score: 11.646640715301038
IoU: 6.311424093469977
F-Score-20: 23.338110231161117
IoU-20: 13.672609705030919
Ratio-Edges: 32.70500219225883
AbsRel-Edges: 33.81990919589996
SqRel-Edges: 34.439680932164194
RMSE-Edges: 9.510635138228535
LogRMSE-Edges: 42.018316144943235
$\delta < 1.05$-Edges: 0.12193700716241718
$\delta < 1.1$-Edges: 0.23192173140130556
$\delta < 1.25$-Edges: 0.4889268294774649
$\delta < 1.25^2$-Edges: 0.7584210456603617
$\delta < 1.25^3$-Edges: 0.8828196272861796
MAE-Edges: 6.198752617537975
InvMAE-Edges: 29.629661999344826
InvRMSE-Edges: 41.00300105690956
LogMAE-Edges: 31.934924401044846
LogSI-Edges: 40.667830278201905
Chamfer-Edges: 3.6123146328200515
F-Score-Edges: 7.309525357894599
IoU-Edges: 4.008034761752933
F-Score-20-Edges: 15.839632031321525
IoU-20-Edges: 9.189573068767785
DirAcc-Edges: 70.03562641330045
Dir (-)-Edges: 4.598598048788845
Dir (+)-Edges: 25.365775537910714
EdgeAcc-Edges: 3.3717650531516323
EdgeComp-Edges: 35.56457012165009
