Ratio: 6.646630258083343
AbsRel: 28.862282326507568
SqRel: 15.989028311157227
RMSE: 1.5220419432759285
LogRMSE: 41.64067578125
$\delta < 1.05$: 0.13055549460436708
$\delta < 1.1$: 0.24967497512279474
$\delta < 1.25$: 0.5209823917534139
$\delta < 1.25^2$: 0.7784195167367578
$\delta < 1.25^3$: 0.8809560056018334
MAE: 0.9272945078730583
InvMAE: 129.68095603790283
InvRMSE: 169.3429235031128
LogMAE: 30.72024915084839
LogSI: 40.37780793380813
