Ratio: 0.07108817938429783
AbsRel: 24.54217868270874
SqRel: 11.266242792844773
RMSE: 1.5064107907891273
LogRMSE: 38.23270792198181
$\delta < 1.05$: 0.15672742852419455
$\delta < 1.1$: 0.295896257303438
$\delta < 1.25$: 0.6054407969058657
$\delta < 1.25^2$: 0.8317359741003727
$\delta < 1.25^3$: 0.8975653727238092
MAE: 0.8549755185604095
InvMAE: 111.88254091186523
InvRMSE: 192.63181034698485
LogMAE: 27.033528997421264
LogSI: 37.58854352744111
