AbsRel: 0.1013483637930502
SqRel: 0.7789478655557123
RMSE: 4.573662863913363
LogRMSE: 0.18918164947752972
$\delta < 1.25$: 0.8858128448839127
$\delta < 1.25^2$: 0.9601081437362899
$\delta < 1.25^3$: 0.9804477769449687
ChamferDist: 0.8129090730052767
F-Score: 26.89607605906778
IoU: 15.711802611563092
F-Score-20: 53.78300367845182
IoU-20: 37.18032158669646
