MAE: 1.6602652977946346
RMSE: 3.688854007816022
InvMAE: 6.069021324804224
InvRMSE: 9.074030821308767
LogMAE: 7.966865926798136
LogRMSE: 12.370660944219017
LogSI: 11.368746400035558
AbsRel: 8.207645916499974
SqRel: 2.232030533482692
ChamferDist: 0.6681957278469223
F-Score: 49.19010731797277
IoU: 33.768571248266596
F-Score-20: 66.77077885420044
IoU-20: 51.364628875913795
