MAE: 1.07352734078254
RMSE: 2.6317789631443365
InvMAE: 4.159864315986633
InvRMSE: 6.389834772348404
LogMAE: 5.289900439466749
LogRMSE: 8.585906262057168
LogSI: 7.646679294924488
AbsRel: 5.600775965963091
SqRel: 1.727988359688648
ChamferDist: 0.44197158270648546
F-Score: 56.67174021200543
IoU: 41.056760149493016
F-Score-20: 75.45571962817439
IoU-20: 62.02077621355653
