AbsRel: 0.10819621257473269
SqRel: 0.8457663786655006
RMSE: 4.838774788157328
LogRMSE: 0.19894789372018967
$\delta < 1.25$: 0.8689079837452636
$\delta < 1.25^2$: 0.955410048771041
$\delta < 1.25^3$: 0.9790581337709241
ChamferDist: 0.8844002399331699
F-Score: 25.27037777688616
IoU: 14.61674519932937
F-Score-20: 52.08152491666665
IoU-20: 35.578703832421105
