MAE: 1.2134200807767255
RMSE: 3.028851626813412
InvMAE: 4.567941115583692
InvRMSE: 7.260268834318434
LogMAE: 5.865561058861869
LogRMSE: 9.80701462847846
LogSI: 9.003066586639472
AbsRel: 6.212393470491682
SqRel: 2.1548607602662275
ChamferDist: 0.4897139446224485
F-Score: 54.667404118031264
IoU: 39.11051702339734
F-Score-20: 73.18530890311514
IoU-20: 59.09614777458565
