MAE: 1.7999376914709624
RMSE: 3.9963283701542696
InvMAE: 6.564279174329313
InvRMSE: 9.890581574908063
LogMAE: 8.656637110958801
LogRMSE: 13.634480235035435
LogSI: 12.723852668305266
AbsRel: 8.7578416104697
SqRel: 2.607373375468459
ChamferDist: 0.7126062734086821
F-Score: 47.9501902325753
IoU: 32.60611235172105
F-Score-20: 65.53098813522081
IoU-20: 49.911206923013815
