Ratio: 0.19952858137785326
AbsRel: 28.24300687122345
SqRel: 26.990428668498993
RMSE: 37.00968255519867
LogRMSE: 209.4523894023895
$\delta < 1.05$: 0.14663024629711696
$\delta < 1.1$: 0.28235272954592017
$\delta < 1.25$: 0.620777191143133
$\delta < 1.25^2$: 0.845303207643725
$\delta < 1.25^3$: 0.8983838713099329
MAE: 15.525355442762375
InvMAE: 38789.706749079705
InvRMSE: 173450.25306502343
LogMAE: 67.97047852897644
LogSI: 203.62962766563678
Chamfer: 3.447737123989091
F-Score: 7.252472120285034
IoU: 3.812059965491295
F-Score-20: 20.779214715957643
IoU-20: 11.752182322502136
