Ratio: 8.06029852437973
AbsRel: 28.284112312316896
SqRel: 22.419117690086363
RMSE: 17.942960179328917
LogRMSE: 35.16596624183655
$\delta < 1.05$: 0.12496580837938193
$\delta < 1.1$: 0.24110821191120532
$\delta < 1.25$: 0.519429359921266
$\delta < 1.25^2$: 0.7974913120595185
$\delta < 1.25^3$: 0.947262762580166
MAE: 9.301301261425019
InvMAE: 15.356416732788086
InvRMSE: 23.773779178619385
LogMAE: 27.13067153930664
LogSI: 34.5113122783558
Chamfer: 2.9615325243513744
F-Score: 4.50080615067482
IoU: 2.3201889348626135
F-Score-20: 13.890752135634422
IoU-20: 7.550573726832867
