Ratio: 9.594280346893944
AbsRel: 57.86754790122199
SqRel: 472.676000733012
RMSE: 9.648057255509723
LogRMSE: 54.630806687701444
$\delta < 1.05$: 0.1042235514278697
$\delta < 1.1$: 0.20048131513945833
$\delta < 1.25$: 0.4318548077170402
$\delta < 1.25^2$: 0.6920057869028476
$\delta < 1.25^3$: 0.8250255515644719
MAE: 6.208384347202532
InvMAE: 47.02991530178908
InvRMSE: 99.77498444527254
LogMAE: 40.065947477058444
LogSI: 52.13780559541978
