Ratio: 3.0484944759882415
AbsRel: 28.070055653498724
SqRel: 21.063433975073007
RMSE: 1.4029320284494986
LogRMSE: 36.42826230856088
$\delta < 1.05$: 0.13222274718106633
$\delta < 1.1$: 0.257166531589107
$\delta < 1.25$: 0.5419261102125185
$\delta < 1.25^2$: 0.8154824910359241
$\delta < 1.25^3$: 0.9221218786487201
MAE: 0.9722503737302927
InvMAE: 133.11239310924825
InvRMSE: 178.37070536099947
LogMAE: 28.158830498915453
LogSI: 35.08913691954878
