Ratio: 0.1297437616765858
AbsRel: 39.75759134591962
SqRel: 104.58742205979044
RMSE: 9.743948039586234
LogRMSE: 57.04117437328458
$\delta < 1.05$: 0.1112960220026939
$\delta < 1.1$: 0.21182427156511488
$\delta < 1.25$: 0.4387091699115877
$\delta < 1.25^2$: 0.6907558552899598
$\delta < 1.25^3$: 0.8170805293949842
MAE: 6.054679906020785
InvMAE: 974.2797452938396
InvRMSE: 8083.909707299263
LogMAE: 40.918235793776574
LogSI: 53.8330223753381
