Ratio: 0.12273902863793151
AbsRel: 19.050190707720244
SqRel: 12.6830143229778
RMSE: 1.0914446682884142
LogRMSE: 26.69769018613375
$\delta < 1.05$: 0.20936754534346147
$\delta < 1.1$: 0.38696943909871157
$\delta < 1.25$: 0.7093882656705186
$\delta < 1.25^2$: 0.9060928207852564
$\delta < 1.25^3$: 0.9610178312945263
MAE: 0.6962454526470258
InvMAE: 226.28700154377864
InvRMSE: 1371.293227873582
LogMAE: 19.875187220940223
LogSI: 26.329675606545994
