Ratio: 5.399999999999999
AbsRel: 7.751862344931971
SqRel: 2.702135574849654
RMSE: 3.8048400836853893
LogRMSE: 12.268891771146857
$\delta < 1.05$: 0.5480654983649164
$\delta < 1.1$: 0.7652802849103522
$\delta < 1.25$: 0.9341253973230544
$\delta < 1.25^2$: 0.9864660933817011
$\delta < 1.25^3$: 0.9955488920247745
MAE: 1.6212466722982792
InvMAE: 5.635637147112127
InvRMSE: 8.818577685970471
LogMAE: 7.54012648532727
LogSI: 11.520112375073682
Chamfer: 0.5997938818961656
F-Score: 53.18950385915721
IoU: 37.23793977700128
F-Score-20: 70.11164149769976
IoU-20: 54.997216399096274
