Ratio: 5.399999999999999
AbsRel: 4.539848473582949
SqRel: 3.1417422634788923
RMSE: 2.625344361918313
LogRMSE: 8.100687657424382
$\delta < 1.05$: 0.765667587477019
$\delta < 1.1$: 0.9207533668439091
$\delta < 1.25$: 0.9835473219389708
$\delta < 1.25^2$: 0.9950489745941534
$\delta < 1.25^3$: 0.997334690015019
MAE: 0.946137481204101
InvMAE: 2.9451580265590125
InvRMSE: 5.585012030942099
LogMAE: 4.148373980351857
LogSI: 7.712603083194586
Chamfer: 0.36327447202457
F-Score: 67.09774198259626
IoU: 51.217846216474264
F-Score-20: 81.79643016815186
IoU-20: 69.80863251004901
