Ratio: 0.05416666019110259
AbsRel: 27.782043087482453
SqRel: 16.2952709364146
RMSE: 11.907604618906975
LogRMSE: 41.280970630645754
$\delta < 1.05$: 0.14157048831284508
$\delta < 1.1$: 0.2625161675945313
$\delta < 1.25$: 0.52635463138967
$\delta < 1.25^2$: 0.7839634649138688
$\delta < 1.25^3$: 0.8984942402575955
MAE: 7.928586501449346
InvMAE: 747.718642809987
InvRMSE: 4496.992350489974
LogMAE: 30.3132017724514
LogSI: 40.28965113546311
Chamfer: 5.273525386621973
F-Score: 9.360404608950018
IoU: 5.187519684844185
F-Score-20: 17.096758466588334
IoU-20: 10.052597894068807
