Ratio: 23.013360088944435
AbsRel: 34.17561386680603
SqRel: 31.153896697998047
RMSE: 12.669824243843555
LogRMSE: 42.60224540996551
$\delta < 1.05$: 0.11335331144191994
$\delta < 1.1$: 0.2174315663732936
$\delta < 1.25$: 0.4707058799765654
$\delta < 1.25^2$: 0.7462181219688744
$\delta < 1.25^3$: 0.8745605891405288
MAE: 8.747679382383824
InvMAE: 21.71758794605732
InvRMSE: 28.83411268222332
LogMAE: 33.037815861701965
LogSI: 40.52009856400373
Chamfer: 4.181038834290844
F-Score: 9.553356576398015
IoU: 5.283521483831108
F-Score-20: 17.958434623539446
IoU-20: 10.548090769708157
