Ratio: 0.43993627305873273
AbsRel: 23.182555705400052
SqRel: 13.368611264438439
RMSE: 0.955546781363746
LogRMSE: 29.036475006593477
$\delta < 1.05$: 0.14487565684627643
$\delta < 1.1$: 0.27661754805079203
$\delta < 1.25$: 0.5813794015366409
$\delta < 1.25^2$: 0.8667091232409748
$\delta < 1.25^3$: 0.9616995743574597
MAE: 0.6698237757457688
InvMAE: 159.57537891667917
InvRMSE: 1221.1655663598203
LogMAE: 23.47567971401623
LogSI: 28.66795576790352
