Ratio: 2.014915912978875
AbsRel: 26.986909961117153
SqRel: 15.34346289007671
RMSE: 0.9194086591402689
LogRMSE: 31.626215123984426
$\delta < 1.05$: 0.13044345968779034
$\delta < 1.1$: 0.2517378929540546
$\delta < 1.25$: 0.5427624359818441
$\delta < 1.25^2$: 0.8433968361647973
$\delta < 1.25^3$: 0.9476648243179772
MAE: 0.7020028980864662
InvMAE: 112.55805663012583
InvRMSE: 149.55463158027112
LogMAE: 25.411333951745924
LogSI: 30.435646670119112
