Ratio: 0.45203686170466323
AbsRel: 39.63727538289066
SqRel: 60.245141677269665
RMSE: 7.322304532188548
LogRMSE: 68.40073484918148
$\delta < 1.05$: 0.11947721655194057
$\delta < 1.1$: 0.2213460319727838
$\delta < 1.25$: 0.4400255047154656
$\delta < 1.25^2$: 0.6663443208468504
$\delta < 1.25^3$: 0.7952671090023381
MAE: 3.868402788303258
InvMAE: 3688.256320693647
InvRMSE: 20315.616746993983
LogMAE: 47.01525926430259
LogSI: 65.32760964299607
Chamfer: 2.671444979229956
F-Score: 32.39911668056435
IoU: 24.392459260494086
F-Score-20: 45.88297241894822
IoU-20: 36.20757971060903
