Ratio: 6.192061334320803
AbsRel: 52.717393566432754
SqRel: 131.08281356651673
RMSE: 7.223625695933565
LogRMSE: 64.45175780246133
$\delta < 1.05$: 0.0961289200118158
$\delta < 1.1$: 0.18569557273933876
$\delta < 1.25$: 0.39799150819922957
$\delta < 1.25^2$: 0.6517906987010461
$\delta < 1.25^3$: 0.7769161410676392
MAE: 4.061400989845894
InvMAE: 247.84287712006477
InvRMSE: 338.1633012520925
LogMAE: 47.910275252584064
LogSI: 59.95709873404362
Chamfer: 2.9209273273447085
F-Score: 31.32141575227897
IoU: 22.4680229523032
F-Score-20: 45.63861061779506
IoU-20: 35.66135816927732
