Ratio: 6.952681334018707
AbsRel: 29.213831975460053
SqRel: 38.05495748132467
RMSE: 8.406861611232161
LogRMSE: 36.286628506183625
$\delta < 1.05$: 0.14776210683860494
$\delta < 1.1$: 0.2819845015568089
$\delta < 1.25$: 0.5782536125238612
$\delta < 1.25^2$: 0.8252614402692475
$\delta < 1.25^3$: 0.9199865050913804
MAE: 4.858634034469723
InvMAE: 27.310316718816757
InvRMSE: 37.00728642344475
LogMAE: 26.796005308628082
LogSI: 35.328993970754276
Chamfer: 2.2435144440410566
F-Score: 13.337979455888272
IoU: 7.332423294782639
F-Score-20: 26.02396933734417
IoU-20: 15.591522095501423
Ratio-Edges: 7.609772546887398
AbsRel-Edges: 36.311931270360944
SqRel-Edges: 61.6837749825418
RMSE-Edges: 10.081745152696968
LogRMSE-Edges: 42.75885429978371
$\delta < 1.05$-Edges: 0.12468609483668269
$\delta < 1.1$-Edges: 0.2368732488589032
$\delta < 1.25$-Edges: 0.49355819002504875
$\delta < 1.25^2$-Edges: 0.7579806141980601
$\delta < 1.25^3$-Edges: 0.8813011502076564
MAE-Edges: 6.402523165643215
InvMAE-Edges: 29.144713490605355
InvRMSE-Edges: 40.42638770103454
LogMAE-Edges: 32.11456722021103
LogSI-Edges: 41.644371296713274
Chamfer-Edges: 3.275077151221103
F-Score-Edges: 8.443487324230373
IoU-Edges: 4.719740612953902
F-Score-20-Edges: 17.548241060078144
IoU-20-Edges: 10.444059182330966
DirAcc-Edges: 69.22268154486586
Dir (-)-Edges: 4.27596457755165
Dir (+)-Edges: 26.50135387758249
EdgeAcc-Edges: 3.7769616793248533
EdgeComp-Edges: 22.93754005522924
