Ratio: 7.079844881949886
AbsRel: 32.043061938132006
SqRel: 51.2947524073047
RMSE: 9.717244571428145
LogRMSE: 37.5827019956035
$\delta < 1.05$: 0.1536628371957007
$\delta < 1.1$: 0.29076983474927554
$\delta < 1.25$: 0.5795628063476883
$\delta < 1.25^2$: 0.8175327270453623
$\delta < 1.25^3$: 0.9107812154846002
MAE: 5.564720327354246
InvMAE: 29.873228270315355
InvRMSE: 43.896853887496455
LogMAE: 27.744281499308926
LogSI: 36.28566356895229
Chamfer: 2.432681511150975
F-Score: 13.720416887344852
IoU: 7.6085808557848775
F-Score-20: 27.145587677494174
IoU-20: 16.515860289450615
Ratio-Edges: 7.778507632056093
AbsRel-Edges: 41.59981157639447
SqRel-Edges: 84.65666371583939
RMSE-Edges: 12.121728781566901
LogRMSE-Edges: 45.38608776354322
$\delta < 1.05$-Edges: 0.12671209946902082
$\delta < 1.1$-Edges: 0.23598677983835376
$\delta < 1.25$-Edges: 0.47859195222692097
$\delta < 1.25^2$-Edges: 0.7366490184201896
$\delta < 1.25^3$-Edges: 0.8656846895190763
MAE-Edges: 7.763120374370829
InvMAE-Edges: 29.661319393270155
InvRMSE-Edges: 44.52913033416848
LogMAE-Edges: 34.11301940032859
LogSI-Edges: 43.78843673317855
Chamfer-Edges: 4.131873771810257
F-Score-Edges: 7.7637690898055345
IoU-Edges: 4.65189110738974
F-Score-20-Edges: 15.495915600637984
IoU-20-Edges: 9.497335920614354
DirAcc-Edges: 65.40588342782209
Dir (-)-Edges: 3.606115434147757
Dir (+)-Edges: 30.98800113803016
EdgeAcc-Edges: 3.9711256848112684
EdgeComp-Edges: 21.62448702147136
