Ratio: 0.12005821238519761
AbsRel: 23.496169987916947
SqRel: 15.019984142482281
RMSE: 8.125330806598067
LogRMSE: 36.363344396352765
$\delta < 1.05$: 0.1721298189421579
$\delta < 1.1$: 0.325574867834238
$\delta < 1.25$: 0.6377440142288415
$\delta < 1.25^2$: 0.8508252898147837
$\delta < 1.25^3$: 0.9260086082094907
MAE: 4.586503869481385
InvMAE: 312.95359467804434
InvRMSE: 4352.537663516402
LogMAE: 24.66750998735428
LogSI: 35.774257195576695
Chamfer: 2.5149029940175365
F-Score: 14.404421494156121
IoU: 8.00188637509942
F-Score-20: 27.557970195412636
IoU-20: 16.806250622570516
Ratio-Edges: 0.10289873382338044
AbsRel-Edges: 28.914774069190024
SqRel-Edges: 18.88780683964491
RMSE-Edges: 9.362287195213138
LogRMSE-Edges: 40.274397033452985
$\delta < 1.05$-Edges: 0.1325903732131095
$\delta < 1.1$-Edges: 0.2515836983963389
$\delta < 1.25$-Edges: 0.5179478869430225
$\delta < 1.25^2$-Edges: 0.779400504153462
$\delta < 1.25^3$-Edges: 0.8916549163817805
MAE-Edges: 5.962363685648889
InvMAE-Edges: 96.88690291643142
InvRMSE-Edges: 1175.89666390419
LogMAE-Edges: 30.24952932715416
LogSI-Edges: 39.40455145060691
Chamfer-Edges: 3.93806372113978
F-Score-Edges: 7.72972435362637
IoU-Edges: 4.284573606438935
F-Score-20-Edges: 16.082888006716967
IoU-20-Edges: 9.445703092366458
DirAcc-Edges: 72.17394676996608
Dir (-)-Edges: 6.03796371244047
Dir (+)-Edges: 21.78808951759345
EdgeAcc-Edges: 4.038377209492733
EdgeComp-Edges: 40.25453002559447
