Ratio: 0.14365676186536513
AbsRel: 26.174794926489554
SqRel: 26.80180817575224
RMSE: 9.705282559971655
LogRMSE: 48.209544053539155
$\delta < 1.05$: 0.1703850160131375
$\delta < 1.1$: 0.3246136489619018
$\delta < 1.25$: 0.6208437512981837
$\delta < 1.25^2$: 0.8244431898027902
$\delta < 1.25^3$: 0.9057864438110286
MAE: 5.445237940472941
InvMAE: 2405.962825015591
InvRMSE: 17148.652446887725
LogMAE: 28.865404599405103
LogSI: 47.061389714738574
Chamfer: 2.5239848967406373
F-Score: 15.220576921893704
IoU: 8.566877109504516
F-Score-20: 29.81879142791994
IoU-20: 18.631865310053673
Ratio-Edges: 0.12972490891087307
AbsRel-Edges: 31.522375943925645
SqRel-Edges: 28.670172358844795
RMSE-Edges: 10.86482579066765
LogRMSE-Edges: 46.689390705769355
$\delta < 1.05$-Edges: 0.13068167774994344
$\delta < 1.1$-Edges: 0.24714618572221506
$\delta < 1.25$-Edges: 0.49832326214905526
$\delta < 1.25^2$-Edges: 0.7498186917813485
$\delta < 1.25^3$-Edges: 0.875852524037432
MAE-Edges: 7.001284573305082
InvMAE-Edges: 877.8505198239891
InvRMSE-Edges: 7223.694525482647
LogMAE-Edges: 32.98002064617631
LogSI-Edges: 45.45358748549432
Chamfer-Edges: 4.5135545419087935
F-Score-Edges: 7.7150634175032575
IoU-Edges: 4.510168923291506
F-Score-20-Edges: 15.677386376018228
IoU-20-Edges: 9.654699970416578
DirAcc-Edges: 67.75775504180726
Dir (-)-Edges: 4.898872461125701
Dir (+)-Edges: 27.343372497067037
EdgeAcc-Edges: 4.010598486529891
EdgeComp-Edges: 31.115344521413785
