Ratio: 2.0167125851869585
AbsRel: 26.546929697418214
SqRel: 13.963798259449005
RMSE: 1.4911491877555847
LogRMSE: 39.30359852676391
$\delta < 1.05$: 0.14959720257009254
$\delta < 1.1$: 0.2819179596997243
$\delta < 1.25$: 0.5694186773663156
$\delta < 1.25^2$: 0.8064477164279826
$\delta < 1.25^3$: 0.8910102586039468
MAE: 0.8879325173258782
InvMAE: 115.64536866607666
InvRMSE: 150.73812631835938
LogMAE: 28.460137576293945
LogSI: 38.192796765869026
