Ratio: 0.32481377848431064
AbsRel: 23.520206351852416
SqRel: 12.117646919298172
RMSE: 1.4829013962864876
LogRMSE: 37.09422966384888
$\delta < 1.05$: 0.16420558099285812
$\delta < 1.1$: 0.3109703985875418
$\delta < 1.25$: 0.6277016659157514
$\delta < 1.25^2$: 0.838483268488587
$\delta < 1.25^3$: 0.8993380129552082
MAE: 0.8343216250300407
InvMAE: 114.22412576446533
InvRMSE: 362.91988663635254
LogMAE: 26.045878421783446
LogSI: 36.50401329911564
