AbsRel: 0.09688507902089886
SqRel: 0.7499008337075861
RMSE: 4.544517742852056
LogRMSE: 0.18544565281767927
$\delta < 1.25$: 0.8916955773376924
$\delta < 1.25^2$: 0.9616046061622558
$\delta < 1.25^3$: 0.9811877703519868
ChamferDist: 0.8038592220549946
F-Score: 27.990130736461843
IoU: 16.461720518265427
F-Score-20: 55.17006693201051
IoU-20: 38.514596759845396
