MAE: 0.9292465776205063
RMSE: 2.417377172985247
InvMAE: 3.478759341750826
InvRMSE: 5.651976950509208
LogMAE: 4.486331884860992
LogRMSE: 7.6972628395898
LogSI: 7.137059915048889
AbsRel: 4.6982080726964135
SqRel: 1.3754625319263765
ChamferDist: 0.3851503270438739
F-Score: 60.82665885244097
IoU: 44.902145062174114
F-Score-20: 79.11623881612505
IoU-20: 66.41519593851906
