MAE: 1.5943724399695367
RMSE: 3.647133554874754
InvMAE: 5.625744472434915
InvRMSE: 8.38434343213684
LogMAE: 7.497537625713583
LogRMSE: 11.784449092449586
LogSI: 10.958864197725925
AbsRel: 7.594832983485029
SqRel: 1.931396758606646
ChamferDist: 0.6496844059027778
F-Score: 50.61958206870073
IoU: 35.03012095967685
F-Score-20: 68.16557953255308
IoU-20: 52.840816735489966
