Ratio: 8.205646086692811
AbsRel: 26.38802984237671
SqRel: 22.07433596229553
RMSE: 17.047989871025084
LogRMSE: 33.56597255897522
$\delta < 1.05$: 0.14564595593258753
$\delta < 1.1$: 0.27546857713219197
$\delta < 1.25$: 0.5672510478721609
$\delta < 1.25^2$: 0.8247674013300347
$\delta < 1.25^3$: 0.9505277126285349
MAE: 8.629817702054977
InvMAE: 14.571471239089966
InvRMSE: 23.49497375869751
LogMAE: 25.23233072090149
LogSI: 32.87936639785011
Chamfer: 2.8771175186606404
F-Score: 5.230093789994717
IoU: 2.7088286840319635
F-Score-20: 15.818507457852364
IoU-20: 8.705543502926826
