Ratio: 0.18926431157775403
AbsRel: 28.535668314933776
SqRel: 26.880211817264556
RMSE: 36.747773892879486
LogRMSE: 206.79413184547425
$\delta < 1.05$: 0.14639903073019223
$\delta < 1.1$: 0.28154492931104685
$\delta < 1.25$: 0.6184671851754784
$\delta < 1.25^2$: 0.8454084565884451
$\delta < 1.25^3$: 0.8981007496965672
MAE: 15.668201045274735
InvMAE: 39045.4779111824
InvRMSE: 170585.7165938034
LogMAE: 68.32532805061341
LogSI: 200.8815448914202
Chamfer: 3.5157013627626674
F-Score: 6.977853206157684
IoU: 3.6625006194114684
F-Score-20: 19.981860957622526
IoU-20: 11.272859709024429
