Ratio: 10.933526082958341
AbsRel: 59.02939281335326
SqRel: 513.7548759352466
RMSE: 9.805022491334265
LogRMSE: 55.61809911856202
$\delta < 1.05$: 0.10765609301946662
$\delta < 1.1$: 0.20543077628255993
$\delta < 1.25$: 0.43425975966984154
$\delta < 1.25^2$: 0.6873960846052615
$\delta < 1.25^3$: 0.8170101162183432
MAE: 6.354913257563595
InvMAE: 47.201765812031354
InvRMSE: 100.03605311013123
LogMAE: 40.628411085616314
LogSI: 52.82532832156759
