Ratio: 0.11705577826402255
AbsRel: 40.55683378253817
SqRel: 114.05106784998034
RMSE: 9.913010925321835
LogRMSE: 58.10516094413039
$\delta < 1.05$: 0.10768218266030334
$\delta < 1.1$: 0.2049710366009262
$\delta < 1.25$: 0.43030815910537695
$\delta < 1.25^2$: 0.6798927044646698
$\delta < 1.25^3$: 0.8093377774469539
MAE: 6.202511030328648
InvMAE: 1197.1392483844886
InvRMSE: 7748.069438249006
LogMAE: 42.00347609370279
LogSI: 54.78709528561138
