Ratio: 0.15767248081872443
AbsRel: 19.235399991548977
SqRel: 18.15241403579712
RMSE: 1.1455839226796076
LogRMSE: 27.17082972746629
$\delta < 1.05$: 0.21515657444681183
$\delta < 1.1$: 0.39140378444090673
$\delta < 1.25$: 0.7093749029711944
$\delta < 1.25^2$: 0.9031140408548278
$\delta < 1.25^3$: 0.9600226555866165
MAE: 0.7107968794382535
InvMAE: 322.02616583750796
InvRMSE: 1824.3133195084793
LogMAE: 20.00746611521794
LogSI: 26.79434644684589
