Ratio: 3.2634244524515594
AbsRel: 27.146346285893365
SqRel: 17.411784106768096
RMSE: 1.3498061018723708
LogRMSE: 35.19020248413086
$\delta < 1.05$: 0.14101224470273627
$\delta < 1.1$: 0.26771360983937154
$\delta < 1.25$: 0.5548113591448859
$\delta < 1.25^2$: 0.8246173056220778
$\delta < 1.25^3$: 0.9262210791950425
MAE: 0.9423067715993294
InvMAE: 126.82476305448093
InvRMSE: 169.6194016471276
LogMAE: 27.231323934701773
LogSI: 33.95438579849794
