Ratio: 5.399999999999999
AbsRel: 4.139065713030951
SqRel: 2.066222736963204
RMSE: 2.4339841852230686
LogRMSE: 7.971709117208208
$\delta < 1.05$: 0.79847060661929
$\delta < 1.1$: 0.9320485980432495
$\delta < 1.25$: 0.9834106411545648
$\delta < 1.25^2$: 0.9942710824227671
$\delta < 1.25^3$: 0.9970368510196574
MAE: 0.8694642524846963
InvMAE: 2.904131143433707
InvRMSE: 5.896956629412514
LogMAE: 3.9486220063482014
LogSI: 7.760840757118213
Chamfer: 0.33577150798950217
F-Score: 67.4315377834865
IoU: 51.6358965247018
F-Score-20: 82.33496507372175
IoU-20: 70.58251483644759
