Ratio: 5.399999999999999
AbsRel: 7.694245162185716
SqRel: 2.098502619226286
RMSE: 3.706951894825953
LogRMSE: 12.395698624885886
$\delta < 1.05$: 0.5435930399462136
$\delta < 1.1$: 0.7576407499201528
$\delta < 1.25$: 0.9301691354686057
$\delta < 1.25^2$: 0.9858020609975108
$\delta < 1.25^3$: 0.9958492093276778
MAE: 1.6277253700454541
InvMAE: 5.7789581370499965
InvRMSE: 9.114657283926302
LogMAE: 7.68824238718653
LogSI: 11.656053772854749
Chamfer: 0.617137841856864
F-Score: 52.12138150147865
IoU: 36.26871275581831
F-Score-20: 69.21449496555914
IoU-20: 53.968034756695566
