Ratio: 0.05346490340790552
AbsRel: 28.161981259584426
SqRel: 16.270825139567258
RMSE: 12.111414466202259
LogRMSE: 42.68821676826477
$\delta < 1.05$: 0.13619633013850796
$\delta < 1.1$: 0.2552084953059369
$\delta < 1.25$: 0.5202888326411667
$\delta < 1.25^2$: 0.7798151054038367
$\delta < 1.25^3$: 0.8933468329219868
MAE: 8.10129409855604
InvMAE: 1700.966417012334
InvRMSE: 5162.5174143656495
LogMAE: 31.9069166097641
LogSI: 40.530143327676434
Chamfer: 5.868150867068518
F-Score: 7.58899544833973
IoU: 4.13323210815154
F-Score-20: 14.37281285682507
IoU-20: 8.320310325991363
