Ratio: 25.18592400145531
AbsRel: 34.15798545837402
SqRel: 31.375344969034195
RMSE: 12.635808091819287
LogRMSE: 42.37911663722992
$\delta < 1.05$: 0.12297720400029147
$\delta < 1.1$: 0.2336503436680303
$\delta < 1.25$: 0.48756426517700885
$\delta < 1.25^2$: 0.7480523607098472
$\delta < 1.25^3$: 0.8723651725893278
MAE: 8.668989263653755
InvMAE: 21.245874757766725
InvRMSE: 28.347520814418793
LogMAE: 32.65377228832245
LogSI: 40.44277032647004
Chamfer: 4.757481394545464
F-Score: 8.41604585684836
IoU: 4.6261207445450125
F-Score-20: 16.099378304690124
IoU-20: 9.373045737653971
