Ratio: 0.46568339208801685
AbsRel: 22.23361597294472
SqRel: 12.66550051382193
RMSE: 0.9745783783632134
LogRMSE: 28.701159790021563
$\delta < 1.05$: 0.16034900791086992
$\delta < 1.1$: 0.3027633179300061
$\delta < 1.25$: 0.6131978991687126
$\delta < 1.25^2$: 0.8737039528198752
$\delta < 1.25^3$: 0.9626876254981469
MAE: 0.6537294977711975
InvMAE: 262.90248181404326
InvRMSE: 1782.8390113527257
LogMAE: 22.561481992039113
LogSI: 28.384862775369353
