Ratio: 2.1781227307946676
AbsRel: 26.020917422909985
SqRel: 14.356521223480913
RMSE: 0.882388754152559
LogRMSE: 30.50909787945062
$\delta < 1.05$: 0.14424576254673813
$\delta < 1.1$: 0.27514803397346366
$\delta < 1.25$: 0.5746067318795546
$\delta < 1.25^2$: 0.8527215279444251
$\delta < 1.25^3$: 0.950185529589361
MAE: 0.6714749075586278
InvMAE: 107.75835954158678
InvRMSE: 145.2268356649883
LogMAE: 24.28893752637624
LogSI: 29.19475789975957
