Ratio: 0.36628159661414034
AbsRel: 40.486959224340445
SqRel: 49.42411439018993
RMSE: 7.425222202946553
LogRMSE: 70.93945748304066
$\delta < 1.05$: 0.11383028207153344
$\delta < 1.1$: 0.20375348393055084
$\delta < 1.25$: 0.41011488879661234
$\delta < 1.25^2$: 0.6574256598486641
$\delta < 1.25^3$: 0.7806217903774222
MAE: 3.98158905175314
InvMAE: 4257.784357586945
InvRMSE: 18585.16262684761
LogMAE: 49.73479800532309
LogSI: 67.44114633077244
Chamfer: 2.9825868285830848
F-Score: 28.612959559775142
IoU: 21.736422553298432
F-Score-20: 41.75272584509764
IoU-20: 33.15098934798863
