Ratio: 7.67604370187059
AbsRel: 54.02708586904991
SqRel: 134.69912002474854
RMSE: 7.179726426281998
LogRMSE: 65.46627959680329
$\delta < 1.05$: 0.100014647243223
$\delta < 1.1$: 0.19245638273605764
$\delta < 1.25$: 0.40990774137162317
$\delta < 1.25^2$: 0.6585116527962604
$\delta < 1.25^3$: 0.7766062765103079
MAE: 4.052811351076268
InvMAE: 244.18673714964012
InvRMSE: 331.6144385477002
LogMAE: 48.3218164286545
LogSI: 61.17719270920897
Chamfer: 3.1063420223451947
F-Score: 30.623099007371938
IoU: 22.39649342529155
F-Score-20: 44.215175886972666
IoU-20: 35.1632861063526
