Ratio: 7.3474624961614605
AbsRel: 28.52276943087578
SqRel: 29.720324660241605
RMSE: 8.22087603777647
LogRMSE: 36.090331907272336
$\delta < 1.05$: 0.14939526262630293
$\delta < 1.1$: 0.28362353432478365
$\delta < 1.25$: 0.5783338600287203
$\delta < 1.25^2$: 0.8245280902217069
$\delta < 1.25^3$: 0.9193972683462022
MAE: 4.807331986539066
InvMAE: 27.44509147107601
InvRMSE: 37.390884303450584
LogMAE: 26.750504432916642
LogSI: 35.087731100581266
Chamfer: 2.4374429694522104
F-Score: 12.375390161573886
IoU: 6.771540584415197
F-Score-20: 24.773632719516755
IoU-20: 14.794526893496514
Ratio-Edges: 8.006779280304908
AbsRel-Edges: 35.48176120996475
SqRel-Edges: 48.581555274277925
RMSE-Edges: 9.77248565915972
LogRMSE-Edges: 42.68315126419068
$\delta < 1.05$-Edges: 0.12169595293802046
$\delta < 1.1$-Edges: 0.2316419376656649
$\delta < 1.25$-Edges: 0.48562317892366286
$\delta < 1.25^2$-Edges: 0.7549470475808809
$\delta < 1.25^3$-Edges: 0.8819649016239245
MAE-Edges: 6.285792603306472
InvMAE-Edges: 29.987844498753546
InvRMSE-Edges: 41.60798815667629
LogMAE-Edges: 32.26856572031975
LogSI-Edges: 41.41169478436932
Chamfer-Edges: 3.4167680128812994
F-Score-Edges: 7.239928676337004
IoU-Edges: 4.00449813792482
F-Score-20-Edges: 15.574672503918409
IoU-20-Edges: 9.113775981813669
DirAcc-Edges: 69.42676587607497
Dir (-)-Edges: 4.047943540788707
Dir (+)-Edges: 26.52529058313633
EdgeAcc-Edges: 3.836458611909906
EdgeComp-Edges: 36.34407230935672
