Ratio: 7.4309780016253075
AbsRel: 31.460822265994164
SqRel: 47.08276549862277
RMSE: 9.671848286082668
LogRMSE: 37.461775799412884
$\delta < 1.05$: 0.1538549124767397
$\delta < 1.1$: 0.2924642362952359
$\delta < 1.25$: 0.5795798075354284
$\delta < 1.25^2$: 0.8178466439086574
$\delta < 1.25^3$: 0.9114429888618654
MAE: 5.544275299868276
InvMAE: 29.57523124417951
InvRMSE: 43.470250134006626
LogMAE: 27.651583077830654
LogSI: 36.2140405455118
Chamfer: 2.6100168741438616
F-Score: 12.783809470361279
IoU: 7.028695354807762
F-Score-20: 25.853129423510644
IoU-20: 15.6079612376613
Ratio-Edges: 8.210567297654993
AbsRel-Edges: 40.99004920386022
SqRel-Edges: 83.46759399974269
RMSE-Edges: 11.983725773061023
LogRMSE-Edges: 44.868192254484086
$\delta < 1.05$-Edges: 0.12862028549678725
$\delta < 1.1$-Edges: 0.23773218626726533
$\delta < 1.25$-Edges: 0.4839049575382918
$\delta < 1.25^2$-Edges: 0.7416687816352949
$\delta < 1.25^3$-Edges: 0.869458845790298
MAE-Edges: 7.643366967901295
InvMAE-Edges: 29.30166565094119
InvRMSE-Edges: 43.883614947749116
LogMAE-Edges: 33.67806283477085
LogSI-Edges: 43.36167873000275
Chamfer-Edges: 4.270530337590767
F-Score-Edges: 7.372289435614168
IoU-Edges: 4.384087815997647
F-Score-20-Edges: 14.749927363909928
IoU-20-Edges: 9.020900692620309
DirAcc-Edges: 65.28642329123608
Dir (-)-Edges: 3.4758756976368965
Dir (+)-Edges: 31.237701011127037
EdgeAcc-Edges: 4.074863230586585
EdgeComp-Edges: 33.06302161188817
