Ratio: 0.11628502888654257
AbsRel: 23.429868960380553
SqRel: 15.44453163214028
RMSE: 8.272953079678118
LogRMSE: 37.81195256948471
$\delta < 1.05$: 0.17393121057583102
$\delta < 1.1$: 0.3298184317342229
$\delta < 1.25$: 0.6384583502832006
$\delta < 1.25^2$: 0.8506459800586036
$\delta < 1.25^3$: 0.9245427767154049
MAE: 4.643725776076317
InvMAE: 473.07000926434995
InvRMSE: 5498.752527731657
LogMAE: 24.86359432220459
LogSI: 37.2022540546032
Chamfer: 2.6664267088171982
F-Score: 13.45327930867672
IoU: 7.425824920833111
F-Score-20: 26.439815019369124
IoU-20: 16.06745913416147
Ratio-Edges: 0.09990634296075364
AbsRel-Edges: 29.023359526991843
SqRel-Edges: 19.144022607132793
RMSE-Edges: 9.479015400856733
LogRMSE-Edges: 40.609384684562684
$\delta < 1.05$-Edges: 0.13247534057656082
$\delta < 1.1$-Edges: 0.2491983805014077
$\delta < 1.25$-Edges: 0.517605579939388
$\delta < 1.25^2$-Edges: 0.7772358264803568
$\delta < 1.25^3$-Edges: 0.8905949607590649
MAE-Edges: 6.023803994618357
InvMAE-Edges: 125.5479739868641
InvRMSE-Edges: 1188.7215462946892
LogMAE-Edges: 30.459358694553377
LogSI-Edges: 39.72533036849645
Chamfer-Edges: 4.106469047342672
F-Score-Edges: 7.107753527574241
IoU-Edges: 4.0351702012866735
F-Score-20-Edges: 14.759357662498951
IoU-20-Edges: 8.642045280486345
DirAcc-Edges: 72.3194819183198
Dir (-)-Edges: 6.034351766197279
Dir (+)-Edges: 21.64616631548292
EdgeAcc-Edges: 4.16473996449868
EdgeComp-Edges: 52.885211486462204
