Ratio: 0.1405243276405439
AbsRel: 25.982719900377337
SqRel: 24.990037047170823
RMSE: 9.816722070690124
LogRMSE: 49.39508427650698
$\delta < 1.05$: 0.17072328385232716
$\delta < 1.1$: 0.32379966867664606
$\delta < 1.25$: 0.6210867632899745
$\delta < 1.25^2$: 0.8255655792281391
$\delta < 1.25^3$: 0.9059031343395239
MAE: 5.481508346555694
InvMAE: 2531.3483991764438
InvRMSE: 18531.193409916046
LogMAE: 29.020455866167623
LogSI: 48.19027701395542
Chamfer: 2.653483200351766
F-Score: 14.41123693112404
IoU: 8.095939913949659
F-Score-20: 28.5946357903942
IoU-20: 17.815338661901414
Ratio-Edges: 0.10927149953438611
AbsRel-Edges: 31.38194207210167
SqRel-Edges: 27.9727053991525
RMSE-Edges: 10.911223590179207
LogRMSE-Edges: 47.2877596814648
$\delta < 1.05$-Edges: 0.1298466321809481
$\delta < 1.1$-Edges: 0.2467434949353383
$\delta < 1.25$-Edges: 0.5003883636175617
$\delta < 1.25^2$-Edges: 0.7514920451844672
$\delta < 1.25^3$-Edges: 0.8755725765181797
MAE-Edges: 6.99739607694784
InvMAE-Edges: 950.3198478730675
InvRMSE-Edges: 7842.331633504544
LogMAE-Edges: 33.04644172861685
LogSI-Edges: 46.02644335647355
Chamfer-Edges: 4.652234990692236
F-Score-Edges: 7.07165239070317
IoU-Edges: 4.088530231415739
F-Score-20-Edges: 14.753385549549963
IoU-20-Edges: 9.054129239118177
DirAcc-Edges: 68.3749107904831
Dir (-)-Edges: 4.805756703841871
Dir (+)-Edges: 26.81933250567504
EdgeAcc-Edges: 4.171195921123943
EdgeComp-Edges: 38.623763056662526
