Ratio: 0.30947206964943635
AbsRel: 24.311200787353517
SqRel: 12.53092629699707
RMSE: 1.53922072776556
LogRMSE: 38.95040129852295
$\delta < 1.05$: 0.1540959567112104
$\delta < 1.1$: 0.2950229131305564
$\delta < 1.25$: 0.6138732381657505
$\delta < 1.25^2$: 0.8351111880925095
$\delta < 1.25^3$: 0.8951932010458696
MAE: 0.8651630451261997
InvMAE: 121.16691787567139
InvRMSE: 277.9819324234009
LogMAE: 27.235655280303956
LogSI: 38.311251698061916
