Ratio: 2.1415870856046677
AbsRel: 28.23280219154358
SqRel: 15.328353107070923
RMSE: 1.5499232873916626
LogRMSE: 41.034979486083984
$\delta < 1.05$: 0.13758599029432464
$\delta < 1.1$: 0.2609790281225466
$\delta < 1.25$: 0.5428352112338202
$\delta < 1.25^2$: 0.8044862205634529
$\delta < 1.25^3$: 0.885439985162198
MAE: 0.9354184956789017
InvMAE: 119.33264161071777
InvRMSE: 154.26914179077147
LogMAE: 29.834616159057617
LogSI: 40.23611904885327
