Ratio: 0.21127452517166342
AbsRel: 27.20490423297882
SqRel: 25.790988389015197
RMSE: 37.53071435451508
LogRMSE: 221.29715306854249
$\delta < 1.05$: 0.16501559679340067
$\delta < 1.1$: 0.31423055710939807
$\delta < 1.25$: 0.6555857629305184
$\delta < 1.25^2$: 0.8464814911602534
$\delta < 1.25^3$: 0.8968143263779812
MAE: 15.43551256775856
InvMAE: 40758.45999925423
InvRMSE: 185109.8855855503
LogMAE: 69.1705964756012
LogSI: 215.2763762195174
Chamfer: 3.3913420413500788
F-Score: 7.564278625011444
IoU: 3.9668052405118943
F-Score-20: 21.918274418830872
IoU-20: 12.445819090366363
