Ratio: 7.879590626716614
AbsRel: 28.268602449417113
SqRel: 18.431391736984253
RMSE: 18.5173342256546
LogRMSE: 36.03156499099732
$\delta < 1.05$: 0.11954136946382758
$\delta < 1.1$: 0.23120256982311388
$\delta < 1.25$: 0.5033194315044183
$\delta < 1.25^2$: 0.7970156007895962
$\delta < 1.25^3$: 0.941026976631415
MAE: 9.666902564525603
InvMAE: 15.395129952430725
InvRMSE: 23.362893766403197
LogMAE: 27.869344799041748
LogSI: 35.507536802549915
Chamfer: 3.295223421419333
F-Score: 3.86420952552557
IoU: 1.979672729447484
F-Score-20: 12.49531467962265
IoU-20: 6.733829310774803
