Ratio: 9.755956831267062
AbsRel: 57.00660983543225
SqRel: 455.82313404489526
RMSE: 9.51687944416508
LogRMSE: 55.32680895937933
$\delta < 1.05$: 0.10704877768239413
$\delta < 1.1$: 0.20465933291419006
$\delta < 1.25$: 0.4339709319579117
$\delta < 1.25^2$: 0.6919135997544227
$\delta < 1.25^3$: 0.8224840524548925
MAE: 6.1669356054522
InvMAE: 47.34745595166501
InvRMSE: 100.03206553266722
LogMAE: 40.35629949013749
LogSI: 52.53453923277115
