Ratio: 3.235071379954998
AbsRel: 29.90125435755803
SqRel: 19.95969989116375
RMSE: 1.458633425144049
LogRMSE: 37.23631521371695
$\delta < 1.05$: 0.1278943596490416
$\delta < 1.1$: 0.24254369839994014
$\delta < 1.25$: 0.5130443412774626
$\delta < 1.25^2$: 0.8010176658272571
$\delta < 1.25^3$: 0.9187222465679441
MAE: 1.0332119250756044
InvMAE: 133.4228140757634
InvRMSE: 175.72734148759108
LogMAE: 29.151212668785682
LogSI: 35.77936205253479
