Ratio: 0.12576794126772645
AbsRel: 39.8602436754201
SqRel: 99.05989626277189
RMSE: 9.740487568982514
LogRMSE: 56.10595605191629
$\delta < 1.05$: 0.10904107805920016
$\delta < 1.1$: 0.2092255618541757
$\delta < 1.25$: 0.43623790238106996
$\delta < 1.25^2$: 0.6868749418636405
$\delta < 1.25^3$: 0.8122860936421694
MAE: 6.10879816682884
InvMAE: 752.194433161496
InvRMSE: 5466.609347180935
LogMAE: 41.1105233457591
LogSI: 52.84044231716492
