Ratio: 0.12461353643142449
AbsRel: 19.26092435176556
SqRel: 10.1019602059401
RMSE: 1.0758609771957763
LogRMSE: 26.71707746212299
$\delta < 1.05$: 0.21251436409371505
$\delta < 1.1$: 0.3864153526479152
$\delta < 1.25$: 0.7075362186058727
$\delta < 1.25^2$: 0.8984600956701171
$\delta < 1.25^3$: 0.9586004720409016
MAE: 0.7060379664943769
InvMAE: 132.02653999548693
InvRMSE: 546.7157813541705
LogMAE: 20.117445533459
LogSI: 26.331971664123383
