Ratio: 5.399999999999999
AbsRel: 7.875445433920878
SqRel: 1.9953166386512524
RMSE: 3.6463864608410677
LogRMSE: 12.132876346447716
$\delta < 1.05$: 0.5363245112008954
$\delta < 1.1$: 0.7560778648511715
$\delta < 1.25$: 0.9268719049285222
$\delta < 1.25^2$: 0.9861447860390828
$\delta < 1.25^3$: 0.9965555343802305
MAE: 1.6224546846162322
InvMAE: 5.9250845442886
InvRMSE: 8.906365667384096
LogMAE: 7.771528536922361
LogSI: 11.164860471678876
Chamfer: 0.6522263571176137
F-Score: 50.12582554478495
IoU: 34.60756604403166
F-Score-20: 67.34444188468295
IoU-20: 52.053352761305185
