Ratio: 5.399999999999999
AbsRel: 5.3784646926607405
SqRel: 1.5234461007639766
RMSE: 2.5331774348446303
LogRMSE: 8.50205337183816
$\delta < 1.05$: 0.6857323237442666
$\delta < 1.1$: 0.881614742563925
$\delta < 1.25$: 0.9707903624139527
$\delta < 1.25^2$: 0.9934998162284757
$\delta < 1.25^3$: 0.9979498101260355
MAE: 1.0169477298004286
InvMAE: 4.1974696963174
InvRMSE: 6.6187332497324265
LogMAE: 5.13537000485829
LogSI: 7.719146217463942
Chamfer: 0.4333610505194777
F-Score: 57.51302250236273
IoU: 41.77938812128135
F-Score-20: 74.9992882175105
IoU-20: 61.4338844999671
