Ratio: 25.779814654588698
AbsRel: 33.26145486974716
SqRel: 28.70855185878277
RMSE: 12.393654041290283
LogRMSE: 40.97784429168701
$\delta < 1.05$: 0.12695866469509212
$\delta < 1.1$: 0.2396126901862392
$\delta < 1.25$: 0.49760868591657015
$\delta < 1.25^2$: 0.7596904935537829
$\delta < 1.25^3$: 0.8830884761008511
MAE: 8.482900472402573
InvMAE: 20.479333469867708
InvRMSE: 27.480940364599228
LogMAE: 31.547421393871307
LogSI: 38.971911491638004
Chamfer: 4.603410517458691
F-Score: 7.887843333214521
IoU: 4.327091302640736
F-Score-20: 15.376501415252685
IoU-20: 8.93672346611321
