Ratio: 0.055833276410353225
AbsRel: 26.815694041013717
SqRel: 15.977374403342605
RMSE: 11.730936670362949
LogRMSE: 42.41212234568596
$\delta < 1.05$: 0.1494633259756502
$\delta < 1.1$: 0.27550447313648985
$\delta < 1.25$: 0.5461129265565615
$\delta < 1.25^2$: 0.8004445080019424
$\delta < 1.25^3$: 0.9054562275705782
MAE: 7.746073270380497
InvMAE: 2006.4054119614364
InvRMSE: 6970.986837663949
LogMAE: 30.453861459493638
LogSI: 40.37178820743593
Chamfer: 5.268135798044656
F-Score: 7.749031007662415
IoU: 4.219928130859509
F-Score-20: 14.917499721959233
IoU-20: 8.656686259955167
