Ratio: 0.39681233294098883
AbsRel: 23.37255595437613
SqRel: 11.258073955637599
RMSE: 0.9363388714326448
LogRMSE: 29.445203711133484
$\delta < 1.05$: 0.14324111719245136
$\delta < 1.1$: 0.2756177546932974
$\delta < 1.25$: 0.5790246896773095
$\delta < 1.25^2$: 0.8589262511870408
$\delta < 1.25^3$: 0.9580679412868649
MAE: 0.6767235097876929
InvMAE: 141.74573713996725
InvRMSE: 661.0440481401729
LogMAE: 23.8174108270476
LogSI: 29.080204785203463
