Ratio: 2.1777803032952345
AbsRel: 28.18237176510172
SqRel: 16.32373462175375
RMSE: 0.9492828025958224
LogRMSE: 32.70018981501961
$\delta < 1.05$: 0.12583687650879793
$\delta < 1.1$: 0.2421501421885031
$\delta < 1.25$: 0.5272645813720241
$\delta < 1.25^2$: 0.8296770236608233
$\delta < 1.25^3$: 0.9422743327959603
MAE: 0.7276754192894023
InvMAE: 115.73083425516018
InvRMSE: 153.02121623794602
LogMAE: 26.30093195095704
LogSI: 31.29309575587324
