Ratio: 6.757769866665584
AbsRel: 51.28304971690383
SqRel: 113.3817318806701
RMSE: 6.975734179192468
LogRMSE: 63.7696513068733
$\delta < 1.05$: 0.10769171435840179
$\delta < 1.1$: 0.20160700113598262
$\delta < 1.25$: 0.4204149621212281
$\delta < 1.25^2$: 0.6675152791034523
$\delta < 1.25^3$: 0.7811280853141385
MAE: 3.899685174141204
InvMAE: 238.33196953800305
InvRMSE: 325.2981020870106
LogMAE: 47.11675256199814
LogSI: 59.37436349652324
Chamfer: 3.285462178601332
F-Score: 30.837364202003446
IoU: 22.571681663279897
F-Score-20: 43.91590862556508
IoU-20: 34.913136312023305
