Ratio: 0.43206203231962437
AbsRel: 39.46201333874151
SqRel: 56.143013700074626
RMSE: 7.1886050408786275
LogRMSE: 65.62870948942084
$\delta < 1.05$: 0.11809426853420164
$\delta < 1.1$: 0.2188034235999686
$\delta < 1.25$: 0.43163097491315777
$\delta < 1.25^2$: 0.6684758629946381
$\delta < 1.25^3$: 0.7919692516900776
MAE: 3.8301734443985676
InvMAE: 2842.6989516852004
InvRMSE: 14024.918335267459
LogMAE: 46.67647347416034
LogSI: 62.671608081882354
Chamfer: 2.7292755229594667
F-Score: 29.950242538351798
IoU: 22.835338517441972
F-Score-20: 43.442522105693136
IoU-20: 34.36761390232352
