Ratio: 0.1309736270744566
AbsRel: 23.373780879974365
SqRel: 15.216699981540442
RMSE: 8.192725507952273
LogRMSE: 36.27527974009514
$\delta < 1.05$: 0.16903181177512977
$\delta < 1.1$: 0.3211984702000779
$\delta < 1.25$: 0.6341846542861715
$\delta < 1.25^2$: 0.8530286414323696
$\delta < 1.25^3$: 0.9279747704363734
MAE: 4.614682804569602
InvMAE: 319.6675950849056
InvRMSE: 3905.901163763404
LogMAE: 24.65685672044754
LogSI: 35.7029394756252
Chamfer: 2.7276198528286977
F-Score: 12.425665422081947
IoU: 6.787271766662598
F-Score-20: 25.173720448613167
IoU-20: 15.079099707603454
Ratio-Edges: 0.11214011104972656
AbsRel-Edges: 28.910352573394775
SqRel-Edges: 18.688846127986906
RMSE-Edges: 9.44278442233801
LogRMSE-Edges: 40.24395167469979
$\delta < 1.05$-Edges: 0.13236146408932253
$\delta < 1.1$-Edges: 0.24679065524829977
$\delta < 1.25$-Edges: 0.5161936422639618
$\delta < 1.25^2$-Edges: 0.7789371013217357
$\delta < 1.25^3$-Edges: 0.8901826059326754
MAE-Edges: 6.016275664512068
InvMAE-Edges: 90.97980028569698
InvRMSE-Edges: 876.7190821838379
LogMAE-Edges: 30.394808044433592
LogSI-Edges: 39.378051026046684
Chamfer-Edges: 4.268084403140854
F-Score-Edges: 6.465816933214665
IoU-Edges: 3.602365117892623
F-Score-20-Edges: 14.011842576265336
IoU-20-Edges: 8.200118957459926
DirAcc-Edges: 72.44403758522631
Dir (-)-Edges: 5.707571542981465
Dir (+)-Edges: 21.848390871792233
EdgeAcc-Edges: 4.097414039712118
EdgeComp-Edges: 62.57912071077831
