Ratio: 0.15328304889790392
AbsRel: 25.83498288739112
SqRel: 24.638135524853585
RMSE: 9.789591093803606
LogRMSE: 49.187648213294246
$\delta < 1.05$: 0.16841875673305026
$\delta < 1.1$: 0.3195245039094786
$\delta < 1.25$: 0.6212172066220001
$\delta < 1.25^2$: 0.8289900132690513
$\delta < 1.25^3$: 0.90796094907942
MAE: 5.4954215401411055
InvMAE: 2675.259808160105
InvRMSE: 18343.907145378358
LogMAE: 29.08690406430152
LogSI: 48.07015138797271
Chamfer: 2.7144879602408167
F-Score: 13.694402100886068
IoU: 7.63092351528906
F-Score-20: 27.600572924017907
IoU-20: 16.98084540520945
Ratio-Edges: 0.12647858374946463
AbsRel-Edges: 30.908276571946985
SqRel-Edges: 24.49028814253854
RMSE-Edges: 10.809749401628581
LogRMSE-Edges: 46.6389638152777
$\delta < 1.05$-Edges: 0.12864602768500782
$\delta < 1.1$-Edges: 0.24707520987571602
$\delta < 1.25$-Edges: 0.4999829285187657
$\delta < 1.25^2$-Edges: 0.7531010584548241
$\delta < 1.25^3$-Edges: 0.8766726191186045
MAE-Edges: 6.957330106656536
InvMAE-Edges: 919.3870568543477
InvRMSE-Edges: 7269.5185638281255
LogMAE-Edges: 32.93802070929334
LogSI-Edges: 45.426391094217905
Chamfer-Edges: 4.832197419466008
F-Score-Edges: 6.664616334472411
IoU-Edges: 3.8562219904382635
F-Score-20-Edges: 14.167760301473873
IoU-20-Edges: 8.774521094696974
DirAcc-Edges: 67.41303933549072
Dir (-)-Edges: 4.83609689693079
Dir (+)-Edges: 27.7508637675785
EdgeAcc-Edges: 4.2191199360862255
EdgeComp-Edges: 44.41770654467952
