Ratio: 7.051477031111717
AbsRel: 26.890320687294007
SqRel: 20.970775638520717
RMSE: 7.905631432458758
LogRMSE: 35.07109954595566
$\delta < 1.05$: 0.1500409127381589
$\delta < 1.1$: 0.2870152164611639
$\delta < 1.25$: 0.5854251651187216
$\delta < 1.25^2$: 0.8325691618745413
$\delta < 1.25^3$: 0.9263444483626386
MAE: 4.673684154376388
InvMAE: 26.16933253109455
InvRMSE: 35.43696950912476
LogMAE: 26.074619879722594
LogSI: 34.03105405876078
Chamfer: 2.6647164454318197
F-Score: 11.651404789090156
IoU: 6.34614765740931
F-Score-20: 23.614396433234216
IoU-20: 14.031235895454884
Ratio-Edges: 7.724753423333168
AbsRel-Edges: 33.51249905705452
SqRel-Edges: 33.1145164231956
RMSE-Edges: 9.326103743091226
LogRMSE-Edges: 41.71678615570068
$\delta < 1.05$-Edges: 0.12472675871664402
$\delta < 1.1$-Edges: 0.23730790523679893
$\delta < 1.25$-Edges: 0.49478273742795975
$\delta < 1.25^2$-Edges: 0.7626546149263882
$\delta < 1.25^3$-Edges: 0.8838940091413937
MAE-Edges: 6.112173742204905
InvMAE-Edges: 29.286055492162703
InvRMSE-Edges: 40.346046479344366
LogMAE-Edges: 31.645526715517043
LogSI-Edges: 40.40169448284019
Chamfer-Edges: 3.647764320286849
F-Score-Edges: 6.781286140084267
IoU-Edges: 3.7527648750320077
F-Score-20-Edges: 14.789594948291779
IoU-20-Edges: 8.605072044953705
DirAcc-Edges: 69.58770814061054
Dir (-)-Edges: 4.163881287045602
Dir (+)-Edges: 26.248410572343854
EdgeAcc-Edges: 3.9181712608311905
EdgeComp-Edges: 46.39435546287522
