Ratio: 7.302767678076221
AbsRel: 30.31877104297761
SqRel: 36.07125540879465
RMSE: 9.147044428490823
LogRMSE: 36.843265687265706
$\delta < 1.05$: 0.1546272517013234
$\delta < 1.1$: 0.29284193091616506
$\delta < 1.25$: 0.5795078970054827
$\delta < 1.25^2$: 0.8188359563675055
$\delta < 1.25^3$: 0.9131315158297701
MAE: 5.414248167468656
InvMAE: 29.073343949164112
InvRMSE: 42.41948398343978
LogMAE: 27.48192436895063
LogSI: 35.562743433641344
Chamfer: 2.8294809185776724
F-Score: 12.170026557791617
IoU: 6.677065231550125
F-Score-20: 24.736926814509975
IoU-20: 14.867713128443688
Ratio-Edges: 8.180584426331365
AbsRel-Edges: 38.67364283106686
SqRel-Edges: 58.89694718765278
RMSE-Edges: 11.173341139313441
LogRMSE-Edges: 43.790236361509834
$\delta < 1.05$-Edges: 0.12848440575711162
$\delta < 1.1$-Edges: 0.23786176215562443
$\delta < 1.25$-Edges: 0.47998918584445416
$\delta < 1.25^2$-Edges: 0.7442292663942089
$\delta < 1.25^3$-Edges: 0.8709854599297026
MAE-Edges: 7.367416391925874
InvMAE-Edges: 28.61666936812058
InvRMSE-Edges: 42.668610529338615
LogMAE-Edges: 33.28647166420431
LogSI-Edges: 42.262891641841165
Chamfer-Edges: 4.405525246633945
F-Score-Edges: 7.007477839485882
IoU-Edges: 4.234966079506025
F-Score-20-Edges: 13.915349132991304
IoU-20-Edges: 8.559362270726877
DirAcc-Edges: 65.1383811196273
Dir (-)-Edges: 3.2988058632961983
Dir (+)-Edges: 31.5628130170765
EdgeAcc-Edges: 4.085656297331275
EdgeComp-Edges: 40.133411975323156
