Ratio: 0.3049677735755219
AbsRel: 23.459528028488158
SqRel: 12.253701094532014
RMSE: 1.4946776326656341
LogRMSE: 37.31588709640503
$\delta < 1.05$: 0.1634772963832311
$\delta < 1.1$: 0.3107442601296823
$\delta < 1.25$: 0.6272317271468633
$\delta < 1.25^2$: 0.843564787925963
$\delta < 1.25^3$: 0.9025110449919336
MAE: 0.8378098363697529
InvMAE: 115.9623707687378
InvRMSE: 347.5542022216797
LogMAE: 26.052098651504515
LogSI: 36.75328679853929
