Ratio: 2.1021415900707243
AbsRel: 28.712520809173583
SqRel: 15.77694147462845
RMSE: 1.5102002272248267
LogRMSE: 40.2300501625061
$\delta < 1.05$: 0.12953711310967295
$\delta < 1.1$: 0.24831470770920205
$\delta < 1.25$: 0.5250438525126586
$\delta < 1.25^2$: 0.7978326468762756
$\delta < 1.25^3$: 0.8936579277482215
MAE: 0.9366841439008713
InvMAE: 119.67877677764892
InvRMSE: 153.39129242248535
LogMAE: 29.8670818649292
LogSI: 39.20992172334627
