AbsRel: 0.10069554612318447
SqRel: 0.760589694756603
RMSE: 4.54670334751671
LogRMSE: 0.1879270629185002
$\delta < 1.25$: 0.8853566815155194
$\delta < 1.25^2$: 0.9604194467413597
$\delta < 1.25^3$: 0.9807899538174345
ChamferDist: 0.8199079002506251
F-Score: 27.210493398704692
IoU: 15.944863174190822
F-Score-20: 54.10003541566036
IoU-20: 37.551197823014114
