MAE: 1.6442463006252892
RMSE: 3.643587988761305
InvMAE: 6.097448700044784
InvRMSE: 9.110636648956252
LogMAE: 7.951002600368547
LogRMSE: 12.32918461480755
LogSI: 11.26746652860167
AbsRel: 8.180447413511803
SqRel: 2.275243366902774
ChamferDist: 0.6702437900646698
F-Score: 49.63713062345479
IoU: 34.25238452208417
F-Score-20: 66.87913614548057
IoU-20: 51.61276139821743
