MAE: 1.065458234442132
RMSE: 2.60911568905626
InvMAE: 4.343770314114434
InvRMSE: 6.634444187538964
LogMAE: 5.3754683106286185
LogRMSE: 8.669238278184618
LogSI: 7.6681623820303635
AbsRel: 5.699484606470381
SqRel: 1.704473691167576
ChamferDist: 0.44211073202746254
F-Score: 56.49696419700581
IoU: 41.05686222597558
F-Score-20: 75.16631443750113
IoU-20: 61.84919404632811
