Ratio: 0.19609853244886705
AbsRel: 24.671851251602174
SqRel: 21.802689758062364
RMSE: 34.430588796138764
LogRMSE: 181.00334050559997
$\delta < 1.05$: 0.18105514487292296
$\delta < 1.1$: 0.34609122529612635
$\delta < 1.25$: 0.6980834624597856
$\delta < 1.25^2$: 0.8644980627430428
$\delta < 1.25^3$: 0.912103943519374
MAE: 13.971431855440139
InvMAE: 29835.86887577343
InvRMSE: 148051.40083461188
LogMAE: 55.414105381011964
LogSI: 176.98424886268666
Chamfer: 3.285933369674719
F-Score: 8.00346039390564
IoU: 4.214666778326035
F-Score-20: 23.41566993999481
IoU-20: 13.417211777210236
