Ratio: 7.5619369316101075
AbsRel: 24.8390537815094
SqRel: 18.903688370227815
RMSE: 17.24343333053589
LogRMSE: 32.59109170913696
$\delta < 1.05$: 0.14360378922794423
$\delta < 1.1$: 0.2719746179775891
$\delta < 1.25$: 0.557873690280844
$\delta < 1.25^2$: 0.8513386811753526
$\delta < 1.25^3$: 0.9566610333167771
MAE: 8.755242111682891
InvMAE: 13.590740105628967
InvRMSE: 20.483325412750244
LogMAE: 24.72805442428589
LogSI: 32.06142702690587
Chamfer: 2.82141892140155
F-Score: 4.983028049275279
IoU: 2.583813479736447
F-Score-20: 15.104838426470756
IoU-20: 8.293841934800149
