Ratio: 0.13760466514086656
AbsRel: 19.220412235993606
SqRel: 15.34286419584201
RMSE: 1.087840613585252
LogRMSE: 26.551010959331805
$\delta < 1.05$: 0.20569881262728587
$\delta < 1.1$: 0.38299360858176495
$\delta < 1.25$: 0.704926794847225
$\delta < 1.25^2$: 0.9054429975739215
$\delta < 1.25^3$: 0.9612421852522466
MAE: 0.698792010133083
InvMAE: 172.35870870003333
InvRMSE: 1058.1264241218566
LogMAE: 19.933021624638485
LogSI: 26.188004237976084
