Ratio: 3.276442794616406
AbsRel: 29.638736114501953
SqRel: 22.40692705631256
RMSE: 1.5232286906700867
LogRMSE: 36.5890909077571
$\delta < 1.05$: 0.13662626455177132
$\delta < 1.1$: 0.25798247092547355
$\delta < 1.25$: 0.5319447159792957
$\delta < 1.25^2$: 0.8123249724851831
$\delta < 1.25^3$: 0.9211447141434935
MAE: 1.038284969008886
InvMAE: 126.79336922278772
InvRMSE: 168.6250222660945
LogMAE: 28.12801617549016
LogSI: 35.27949044995567
