Ratio: 9.84922774757505
AbsRel: 56.385237122865
SqRel: 463.17590557513216
RMSE: 9.469733615760846
LogRMSE: 54.01579947963424
$\delta < 1.05$: 0.1158543410887314
$\delta < 1.1$: 0.21975141797357264
$\delta < 1.25$: 0.45279230647293445
$\delta < 1.25^2$: 0.7028583247182396
$\delta < 1.25^3$: 0.8286751990551107
MAE: 6.0968601237230775
InvMAE: 45.86594203876273
InvRMSE: 99.09632317474605
LogMAE: 39.08173077844184
LogSI: 51.330354210542595
