Ratio: 0.12393186535351305
AbsRel: 39.390090536109
SqRel: 108.86620242392536
RMSE: 9.737234359097588
LogRMSE: 56.20979899034372
$\delta < 1.05$: 0.11647628475225458
$\delta < 1.1$: 0.22162194412378441
$\delta < 1.25$: 0.4527111223831007
$\delta < 1.25^2$: 0.6936458179637882
$\delta < 1.25^3$: 0.8174400688133047
MAE: 6.0403243045368535
InvMAE: 1046.1476420452777
InvRMSE: 7033.854166891543
LogMAE: 40.4309327719992
LogSI: 52.99698084920634
