Ratio: 5.399999999999999
AbsRel: 8.059426575350615
SqRel: 2.093990511163795
RMSE: 3.576521217503065
LogRMSE: 11.887592398315851
$\delta < 1.05$: 0.5253752636885604
$\delta < 1.1$: 0.7505111784615122
$\delta < 1.25$: 0.9265084654291755
$\delta < 1.25^2$: 0.9872553732705694
$\delta < 1.25^3$: 0.9969419088505753
MAE: 1.6276556695440063
InvMAE: 5.964871829638452
InvRMSE: 8.700041493755176
LogMAE: 7.821889070279759
LogSI: 10.755360866715332
Chamfer: 0.6531165903482761
F-Score: 49.36843000409519
IoU: 34.090871847543205
F-Score-20: 67.00081162321513
IoU-20: 51.80326937095611
