Ratio: 5.399999999999999
AbsRel: 5.651034664085933
SqRel: 1.5928678929167135
RMSE: 2.433664058957781
LogRMSE: 8.246472266060966
$\delta < 1.05$: 0.6662932958277602
$\delta < 1.1$: 0.881049085653724
$\delta < 1.25$: 0.9690693521233775
$\delta < 1.25^2$: 0.991752268374052
$\delta < 1.25^3$: 0.9980995217348014
MAE: 1.029565461703709
InvMAE: 4.319356412887573
InvRMSE: 6.382630514757974
LogMAE: 5.309407455069678
LogSI: 7.081442537135073
Chamfer: 0.4336118458224728
F-Score: 56.46378478417173
IoU: 41.043989557520085
F-Score-20: 75.44689338210438
IoU-20: 62.38062393158674
