Ratio: 24.96683321964741
AbsRel: 34.38342356490409
SqRel: 30.419514414012433
RMSE: 12.741235133051871
LogRMSE: 42.213678111076355
$\delta < 1.05$: 0.12611875726953653
$\delta < 1.1$: 0.2374852995901121
$\delta < 1.25$: 0.4872508091474186
$\delta < 1.25^2$: 0.7456761411498696
$\delta < 1.25^3$: 0.8749005082097663
MAE: 8.696079997718334
InvMAE: 21.05832054720074
InvRMSE: 28.374012358523906
LogMAE: 32.45868093919754
LogSI: 40.43793919034228
Chamfer: 4.18510229617448
F-Score: 8.408530112087726
IoU: 4.631574667938054
F-Score-20: 16.330921481728552
IoU-20: 9.564610545128584
