Ratio: 0.05321434855470382
AbsRel: 27.73685726928711
SqRel: 16.377917312294244
RMSE: 12.048083268940449
LogRMSE: 43.9978426785469
$\delta < 1.05$: 0.1423631083386173
$\delta < 1.1$: 0.26424754486162705
$\delta < 1.25$: 0.5288574450353376
$\delta < 1.25^2$: 0.7864976421970855
$\delta < 1.25^3$: 0.8961400864152784
MAE: 7.989685949802399
InvMAE: 2155.3829913242757
InvRMSE: 8033.4992727310655
LogMAE: 31.70785022878647
LogSI: 41.84808896009823
Chamfer: 5.387563736505943
F-Score: 7.697895021788776
IoU: 4.197208352123387
F-Score-20: 14.822526883196318
IoU-20: 8.61925550073036
