Ratio: 0.36917409776500154
AbsRel: 23.410534182090643
SqRel: 13.785046279840513
RMSE: 0.9891741959099011
LogRMSE: 29.80906337335569
$\delta < 1.05$: 0.14521714896924873
$\delta < 1.1$: 0.2778152157081121
$\delta < 1.25$: 0.5843270632972145
$\delta < 1.25^2$: 0.8595666058019883
$\delta < 1.25^3$: 0.957338981647274
MAE: 0.6820994727199595
InvMAE: 223.9541301989774
InvRMSE: 1686.7914640910765
LogMAE: 23.80256059556197
LogSI: 29.443823507192917
