Ratio: 2.0803692051941467
AbsRel: 29.547656326118958
SqRel: 18.70180022206146
RMSE: 1.0406003719486228
LogRMSE: 33.83643923914032
$\delta < 1.05$: 0.1242191233537822
$\delta < 1.1$: 0.23917113152923658
$\delta < 1.25$: 0.5176420205740048
$\delta < 1.25^2$: 0.8157025806726188
$\delta < 1.25^3$: 0.9361183666730248
MAE: 0.7695880709757134
InvMAE: 118.18525217505406
InvRMSE: 156.1320078263589
LogMAE: 27.067676937908207
LogSI: 32.412346969994076
