Ratio: 0.3745577731641379
AbsRel: 40.41085554606607
SqRel: 61.549335920340134
RMSE: 7.6271243980198955
LogRMSE: 76.13635832943984
$\delta < 1.05$: 0.10931378222666752
$\delta < 1.1$: 0.20095430256728408
$\delta < 1.25$: 0.42008293630708726
$\delta < 1.25^2$: 0.6586990481837111
$\delta < 1.25^3$: 0.786210339839768
MAE: 4.029488241376631
InvMAE: 5835.953319388514
InvRMSE: 27592.442256753096
LogMAE: 50.384405259652574
LogSI: 72.63062738367812
Chamfer: 2.849531629064142
F-Score: 29.810490912204813
IoU: 22.207719137329324
F-Score-20: 43.82715973279586
IoU-20: 34.52919133896249
