Ratio: 6.061861334662688
AbsRel: 53.85766190957795
SqRel: 129.95812737802356
RMSE: 7.276336921380753
LogRMSE: 65.06581697806217
$\delta < 1.05$: 0.09746278679014243
$\delta < 1.1$: 0.18670989730152457
$\delta < 1.25$: 0.40541836817173443
$\delta < 1.25^2$: 0.6482880599617746
$\delta < 1.25^3$: 0.7694346599884235
MAE: 4.120658588637576
InvMAE: 248.37709839811737
InvRMSE: 332.01608378117163
LogMAE: 48.3031499843278
LogSI: 60.95142265213342
Chamfer: 2.742547304961825
F-Score: 31.28111233806781
IoU: 22.373208149839815
F-Score-20: 46.15775577925039
IoU-20: 36.38387962169054
