Ratio: 0.1304264670184985
AbsRel: 23.262646095752714
SqRel: 15.27703287050128
RMSE: 8.163159623034298
LogRMSE: 36.386489411592486
$\delta < 1.05$: 0.17147523072448748
$\delta < 1.1$: 0.326365553453059
$\delta < 1.25$: 0.6400642195619903
$\delta < 1.25^2$: 0.8557941461482446
$\delta < 1.25^3$: 0.9298025288915943
MAE: 4.580982165373862
InvMAE: 402.5260869461298
InvRMSE: 4635.8012743663785
LogMAE: 24.462652215957643
LogSI: 35.83955288014922
Chamfer: 2.498994544250223
F-Score: 13.167963538318872
IoU: 7.2289097987115385
F-Score-20: 26.341428289413454
IoU-20: 15.902532844841481
Ratio-Edges: 0.11413773352363328
AbsRel-Edges: 28.767451248168946
SqRel-Edges: 18.817658658474684
RMSE-Edges: 9.420845074132085
LogRMSE-Edges: 40.2087258374691
$\delta < 1.05$-Edges: 0.13506463959642306
$\delta < 1.1$-Edges: 0.25164452141777516
$\delta < 1.25$-Edges: 0.5226583714653117
$\delta < 1.25^2$-Edges: 0.7817627435906206
$\delta < 1.25^3$-Edges: 0.8932164125743691
MAE-Edges: 5.965314593352377
InvMAE-Edges: 108.11543477386236
InvRMSE-Edges: 1230.135554059744
LogMAE-Edges: 30.118340927362443
LogSI-Edges: 39.37791631418618
Chamfer-Edges: 3.9738593513905975
F-Score-Edges: 6.924479381144047
IoU-Edges: 3.853332047238946
F-Score-20-Edges: 14.906124289035796
IoU-20-Edges: 8.727824565023184
DirAcc-Edges: 73.09742190444376
Dir (-)-Edges: 5.967908979168808
Dir (+)-Edges: 20.934669116387433
EdgeAcc-Edges: 3.9658786949900855
EdgeComp-Edges: 50.63201143135641
