Ratio: 7.204553798860119
AbsRel: 31.02889617612285
SqRel: 41.57811980424389
RMSE: 9.414519558548927
LogRMSE: 36.56469986023441
$\delta < 1.05$: 0.15884570034748946
$\delta < 1.1$: 0.3003005484170114
$\delta < 1.25$: 0.5879754914142328
$\delta < 1.25^2$: 0.8263444746671291
$\delta < 1.25^3$: 0.9154215133770909
MAE: 5.471627459103061
InvMAE: 28.36408456740841
InvRMSE: 41.857640644811816
LogMAE: 27.028111064664778
LogSI: 35.294626928936985
Chamfer: 2.479490377701824
F-Score: 12.996994982496386
IoU: 7.182448940238645
F-Score-20: 26.238783444589185
IoU-20: 15.914090794670967
Ratio-Edges: 7.942853864034017
AbsRel-Edges: 40.96539862078
SqRel-Edges: 72.2610506190194
RMSE-Edges: 11.882816997443149
LogRMSE-Edges: 44.793754295274326
$\delta < 1.05$-Edges: 0.12655224279056976
$\delta < 1.1$-Edges: 0.23538663159140996
$\delta < 1.25$-Edges: 0.4757226185487343
$\delta < 1.25^2$-Edges: 0.7401978501958796
$\delta < 1.25^3$-Edges: 0.8674535874266044
MAE-Edges: 7.724204965958409
InvMAE-Edges: 28.76796559765448
InvRMSE-Edges: 42.98550861785614
LogMAE-Edges: 33.81658712399551
LogSI-Edges: 43.119101327612235
Chamfer-Edges: 4.146761835661126
F-Score-Edges: 7.062531267116272
IoU-Edges: 4.207749167746968
F-Score-20-Edges: 14.238768324626038
IoU-20-Edges: 8.678604705914173
DirAcc-Edges: 67.09711588179087
Dir (-)-Edges: 3.2686515350307044
Dir (+)-Edges: 29.634232583178427
EdgeAcc-Edges: 4.0082170136346384
EdgeComp-Edges: 33.57486849780564
