Ratio: 6.92155167967081
AbsRel: 27.587644488811492
SqRel: 25.681260035037994
RMSE: 8.161616266071796
LogRMSE: 35.12820168733597
$\delta < 1.05$: 0.15257590839893814
$\delta < 1.1$: 0.29033654872300857
$\delta < 1.25$: 0.5875083050004606
$\delta < 1.25^2$: 0.835277194942046
$\delta < 1.25^3$: 0.9276647334497707
MAE: 4.745687442086637
InvMAE: 26.040875039100648
InvRMSE: 35.3413317233324
LogMAE: 25.950242820978165
LogSI: 34.13499873963536
Chamfer: 2.3693107653558867
F-Score: 12.479336098581552
IoU: 6.830549861937762
F-Score-20: 25.054419758319856
IoU-20: 15.001587524712086
Ratio-Edges: 7.544182945489883
AbsRel-Edges: 34.84321255207062
SqRel-Edges: 42.53216676019132
RMSE-Edges: 9.826251573078334
LogRMSE-Edges: 42.22036313772202
$\delta < 1.05$-Edges: 0.12474184559940901
$\delta < 1.1$-Edges: 0.23742428254547585
$\delta < 1.25$-Edges: 0.4954437286506269
$\delta < 1.25^2$-Edges: 0.7632231561930071
$\delta < 1.25^3$-Edges: 0.8860475060770776
MAE-Edges: 6.31885804489255
InvMAE-Edges: 28.62238955438137
InvRMSE-Edges: 39.52978046298027
LogMAE-Edges: 31.752817420959474
LogSI-Edges: 40.904455479403005
Chamfer-Edges: 3.4119836639740786
F-Score-Edges: 7.212447061315179
IoU-Edges: 4.012685935012996
F-Score-20-Edges: 15.62084151238203
IoU-20-Edges: 9.125729835778476
DirAcc-Edges: 70.73273578562373
Dir (-)-Edges: 4.286270963956556
Dir (+)-Edges: 24.980993250419704
EdgeAcc-Edges: 3.790982839865394
EdgeComp-Edges: 37.779887799735384
