Ratio: 0.15126232697032277
AbsRel: 25.669166885806668
SqRel: 25.505653121798268
RMSE: 9.724947626994503
LogRMSE: 48.93951985666829
$\delta < 1.05$: 0.17188732028065626
$\delta < 1.1$: 0.32701178885899707
$\delta < 1.25$: 0.6259073687105411
$\delta < 1.25^2$: 0.8320578278726173
$\delta < 1.25^3$: 0.9105410184629983
MAE: 5.449633014230959
InvMAE: 2889.834954056894
InvRMSE: 18459.612925448262
LogMAE: 28.881764646960843
LogSI: 47.83768650626606
Chamfer: 2.4825311955453944
F-Score: 14.28222086927583
IoU: 7.9967384473258445
F-Score-20: 28.756483940001456
IoU-20: 17.847508455861
Ratio-Edges: 0.12066494653139061
AbsRel-Edges: 31.112398608213937
SqRel-Edges: 26.805902941924295
RMSE-Edges: 10.787357388207921
LogRMSE-Edges: 46.676619308758404
$\delta < 1.05$-Edges: 0.13028843356220565
$\delta < 1.1$-Edges: 0.2482046911322447
$\delta < 1.25$-Edges: 0.5008109696771894
$\delta < 1.25^2$-Edges: 0.7527946366039412
$\delta < 1.25^3$-Edges: 0.8781328645943417
MAE-Edges: 6.938649420571678
InvMAE-Edges: 958.1705944986126
InvRMSE-Edges: 7265.905610437331
LogMAE-Edges: 32.8530577606625
LogSI-Edges: 45.50650247427145
Chamfer-Edges: 4.508419341488771
F-Score-Edges: 7.0553992197794075
IoU-Edges: 4.097104604035811
F-Score-20-Edges: 14.619006485915651
IoU-20-Edges: 9.005165247161404
DirAcc-Edges: 69.00090043669276
Dir (-)-Edges: 4.818158702135049
Dir (+)-Edges: 26.18094086117219
EdgeAcc-Edges: 4.077972966592993
EdgeComp-Edges: 35.828731790759164
