Ratio: 0.29482218325320037
AbsRel: 24.012059030532836
SqRel: 15.790537787151337
RMSE: 1.5432614076912403
LogRMSE: 38.04674856376648
$\delta < 1.05$: 0.1634597530133929
$\delta < 1.1$: 0.3106773936951213
$\delta < 1.25$: 0.6215604388746976
$\delta < 1.25^2$: 0.8402199410436358
$\delta < 1.25^3$: 0.8989592191438299
MAE: 0.8521130824744702
InvMAE: 181.2229948120117
InvRMSE: 1097.3062343048095
LogMAE: 26.467376294326783
LogSI: 37.471075335931125
