Ratio: 2.121728985238075
AbsRel: 29.557408712387083
SqRel: 18.604642970561983
RMSE: 1.5584283766031266
LogRMSE: 41.234461748504636
$\delta < 1.05$: 0.14313108855187098
$\delta < 1.1$: 0.26873163799182975
$\delta < 1.25$: 0.5397484602264949
$\delta < 1.25^2$: 0.7843321755202111
$\delta < 1.25^3$: 0.8823389667840813
MAE: 0.9492879626512527
InvMAE: 120.40717052154541
InvRMSE: 155.5958478363037
LogMAE: 30.106465662384032
LogSI: 40.34608992919016
