Scale: 0.2399528590063869
Shift: 0.07171086900593407
AbsRel: 14.589541651652409
SqRel: 12.935924348647777
RMSE: 1.0620886412950663
LogRMSE: 26.656952441288876
$\delta_{.05}$: 28.88427168149442
$\delta_{.1}$: 50.876702961780445
$\delta_{.25}$: 81.53848833468959
$\delta_{.25^2}$: 94.93912150752307
$\delta_{.25^3}$: 98.19015524267279
MAE: 0.5169034192653803
InvMAE: 1947.1487102185763
InvRMSE: 10262.325155111459
LogMAE: 15.873432796184833
LogSI: 26.293970694896963
