Scale: 5.3508816104668835
Shift: 0.0
AbsRel: 18.611082216409535
SqRel: 9.291660138276907
RMSE: 0.9635085215476843
LogRMSE: 24.30200093782865
$\delta_{.05}$: 22.86354699841186
$\delta_{.1}$: 41.74691975954144
$\delta_{.25}$: 72.87434382860567
$\delta_{.25^2}$: 91.1580660462937
$\delta_{.25^3}$: 96.74613950026134
MAE: 0.6382126820316681
InvMAE: 86.82710409604586
InvRMSE: 124.3189390886747
LogMAE: 18.21799863081712
LogSI: 23.027142110924288
