Scale: 18.899151441762264
Shift: 0.0
AbsRel: 43.913972552047184
SqRel: 374.1326425588719
RMSE: 7.29660634569523
LogRMSE: 42.93159494057899
$\delta_{.05}$: 17.995457658778303
$\delta_{.1}$: 33.32410960217285
$\delta_{.25}$: 60.59605590538724
$\delta_{.25^2}$: 81.42263549386523
$\delta_{.25^3}$: 89.70819134985805
MAE: 4.4160654886287425
InvMAE: 37.89261759343169
InvRMSE: 92.54613230688155
LogMAE: 29.078441141966746
LogSI: 40.77578526990741
