Scale: 0.07450512245615121
Shift: 0.012978814061773494
AbsRel: 33.526675791483825
SqRel: 116.6880172886656
RMSE: 8.935251835416251
LogRMSE: 51.633953954072275
$\delta_{.05}$: 20.138258573012187
$\delta_{.1}$: 33.87598656165809
$\delta_{.25}$: 57.036620173286664
$\delta_{.25^2}$: 76.9901656544141
$\delta_{.25^3}$: 86.39666312615894
MAE: 5.217127070365465
InvMAE: 2296.390588045655
InvRMSE: 11603.663506849998
LogMAE: 33.849235922766375
LogSI: 48.613396827629344
