Scale: 0.31474276745727864
Shift: -0.013763807155727965
AbsRel: 11.387526007602704
SqRel: 5.912078523125488
RMSE: 0.5227805290496496
LogRMSE: 15.64171637453435
$\delta_{.05}$: 34.89233907818186
$\delta_{.1}$: 58.63296587745586
$\delta_{.25}$: 87.65945216346546
$\delta_{.25^2}$: 97.79727064500058
$\delta_{.25^3}$: 99.43961983072874
MAE: 0.29295190528536424
InvMAE: 255.80336666836286
InvRMSE: 1464.9194888149927
LogMAE: 11.291324631154355
LogSI: 15.579788143808686
