Scale: 3.603802180436044
Shift: 0.0
AbsRel: 12.972138352714913
SqRel: 4.257025755941868
RMSE: 0.419016081213222
LogRMSE: 16.43473468060158
$\delta_{.05}$: 32.552257207332026
$\delta_{.1}$: 55.341712970974264
$\delta_{.25}$: 84.1412148740284
$\delta_{.25^2}$: 96.78454956158023
$\delta_{.25^3}$: 99.3308932808097
MAE: 0.29110986701802377
InvMAE: 64.8754946492863
InvRMSE: 91.65339450077909
LogMAE: 12.355912339796713
LogSI: 15.469072136124424
