Scale: 3.5393247198581697
Shift: 0.0
AbsRel: 16.31618462371826
SqRel: 7.01868541097641
RMSE: 1.0799250029444694
LogRMSE: 25.23388338127136
$\delta_{.05}$: 27.444522376161295
$\delta_{.1}$: 48.20542556952784
$\delta_{.25}$: 76.67208918856603
$\delta_{.25^2}$: 90.8617474044167
$\delta_{.25^3}$: 96.05704386817044
MAE: 0.5910295040547848
InvMAE: 67.75965685195924
InvRMSE: 90.73878117599487
LogMAE: 17.299543312263488
LogSI: 24.097611852456644
