Scale: 0.28916092973524554
Shift: 0.009719986754500849
AbsRel: 14.975322747516632
SqRel: 10.959095784646273
RMSE: 1.0992884704202412
LogRMSE: 23.537251270103454
$\delta_{.05}$: 28.532670105754026
$\delta_{.1}$: 50.837005622072446
$\delta_{.25}$: 80.38285750286344
$\delta_{.25^2}$: 92.70965142955187
$\delta_{.25^3}$: 96.76091553713464
MAE: 0.557711704440415
InvMAE: 111.23555313148499
InvRMSE: 968.73592502594
LogMAE: 15.678656112766266
LogSI: 23.327995806931856
