Ratio: 47.50328611755371
AbsRel: 25.582445628166198
SqRel: 16.79247531414032
RMSE: 19.55141466140747
LogRMSE: 35.0882439994812
$\delta < 1.05$: 0.1480516670799912
$\delta < 1.1$: 0.2853938964709514
$\delta < 1.25$: 0.5605579312580373
$\delta < 1.25^2$: 0.8222208807416496
$\delta < 1.25^3$: 0.9376840793982176
MAE: 9.588318736553193
InvMAE: 13.850299122810364
InvRMSE: 21.488315411567687
LogMAE: 25.974816854476927
LogSI: 34.04982814145595
Chamfer: 3.499564626382203
F-Score: 5.740251852333546
IoU: 3.009832167074084
F-Score-20: 17.018970299124717
IoU-20: 9.573380110800267
