Ratio: 0.031388841478231184
AbsRel: 26.995191418647767
SqRel: 22.669712180137633
RMSE: 34.359204123973846
LogRMSE: 164.52312111663818
$\delta < 1.05$: 0.16262764577876498
$\delta < 1.1$: 0.30872841685337393
$\delta < 1.25$: 0.629650635471871
$\delta < 1.25^2$: 0.8466322429327839
$\delta < 1.25^3$: 0.9058894285103072
MAE: 14.541518681526185
InvMAE: 25179.61526656103
InvRMSE: 132692.2601871462
LogMAE: 52.58858387184143
LogSI: 161.34729948197963
Chamfer: 3.528438547007383
F-Score: 7.691027386665344
IoU: 4.080339420437813
F-Score-20: 21.76310685157776
IoU-20: 12.453883806943894
