Ratio: 0.027020751339307366
AbsRel: 39.45525439010073
SqRel: 108.47004355550347
RMSE: 9.779230632723179
LogRMSE: 57.18593573249509
$\delta < 1.05$: 0.1173807661969502
$\delta < 1.1$: 0.22258383106766572
$\delta < 1.25$: 0.4584958154465036
$\delta < 1.25^2$: 0.6932073084565881
$\delta < 1.25^3$: 0.8162725384192088
MAE: 6.067908772705916
InvMAE: 1265.6696239512064
InvRMSE: 8232.74258170641
LogMAE: 40.703027376679564
LogSI: 53.927606258214546
