Ratio: 0.02816407079855557
AbsRel: 19.32185301193824
SqRel: 13.327231446596292
RMSE: 1.1082866814503303
LogRMSE: 26.72833997286283
$\delta < 1.05$: 0.2090340916695647
$\delta < 1.1$: 0.3838990705939923
$\delta < 1.25$: 0.7054590506696004
$\delta < 1.25^2$: 0.9037964685913927
$\delta < 1.25^3$: 0.9599767157210131
MAE: 0.7093084132900604
InvMAE: 168.80168221106896
InvRMSE: 961.540724036877
LogMAE: 19.995282915555514
LogSI: 26.366315722385714
