Ratio: 14.022802735842191
AbsRel: 34.537558667109565
SqRel: 58.38948390520536
RMSE: 1.803422097334495
LogRMSE: 40.118302254310024
$\delta < 1.05$: 0.1304868061762257
$\delta < 1.1$: 0.24822438243758374
$\delta < 1.25$: 0.5116011030950042
$\delta < 1.25^2$: 0.7795579012936341
$\delta < 1.25^3$: 0.8979139357175543
MAE: 1.1469862394149486
InvMAE: 133.52733800447905
InvRMSE: 177.62755906911997
LogMAE: 30.504576040414662
LogSI: 38.734789301994184
