Ratio: 46.10121094271741
AbsRel: 55.57497477638347
SqRel: 405.29954577775277
RMSE: 9.373006757465713
LogRMSE: 53.833177675580764
$\delta < 1.05$: 0.11868488766371259
$\delta < 1.1$: 0.22593574547226117
$\delta < 1.25$: 0.4645975978467979
$\delta < 1.25^2$: 0.7115645636863249
$\delta < 1.25^3$: 0.8312713898194197
MAE: 5.967693866234724
InvMAE: 45.45443908622981
InvRMSE: 98.81071496651312
LogMAE: 38.650643765659076
LogSI: 51.14351617232534
