Ratio: 31.643440084457396
AbsRel: 6.765266614300864
SqRel: 4.132935457634074
RMSE: 3.620457307568618
LogRMSE: 10.97388569184712
$\delta < 1.05$: 0.6461520030484263
$\delta < 1.1$: 0.8402569621690144
$\delta < 1.25$: 0.9518610891813767
$\delta < 1.25^2$: 0.9858456197294666
$\delta < 1.25^3$: 0.9927229832625752
MAE: 1.426073132923671
InvMAE: 4.705530143976212
InvRMSE: 7.765373467377254
LogMAE: 6.3903295193399705
LogSI: 10.70956068522693
Chamfer: 0.5680261333029235
F-Score: 57.39309863009623
IoU: 41.70112551676375
F-Score-20: 74.23847389783178
IoU-20: 60.463238648942536
