Ratio: 0.032091571850395184
AbsRel: 6.14862692969186
SqRel: 2.400719144131456
RMSE: 3.525828793815204
LogRMSE: 10.576170044285911
$\delta < 1.05$: 0.6697567012015652
$\delta < 1.1$: 0.8484873354767793
$\delta < 1.25$: 0.9519018820225252
$\delta < 1.25^2$: 0.9855817211590636
$\delta < 1.25^3$: 0.9936871419883045
MAE: 1.3770617561255183
InvMAE: 4.628776075499398
InvRMSE: 37.91840767111097
LogMAE: 6.087105396475111
LogSI: 10.512588654871301
Chamfer: 0.6081409839462776
F-Score: 58.872742656639645
IoU: 43.09453103729657
F-Score-20: 74.68609660761697
IoU-20: 60.97999740191868
