Ratio: 0.03172890614160866
AbsRel: 8.150201821985421
SqRel: 2.2523024233937994
RMSE: 4.056236064004386
LogRMSE: 13.287947065991126
$\delta < 1.05$: 0.5160374283332956
$\delta < 1.1$: 0.7390040550282228
$\delta < 1.25$: 0.924217072941476
$\delta < 1.25^2$: 0.9838156633500423
$\delta < 1.25^3$: 0.9957892699854732
MAE: 1.7423247057327464
InvMAE: 40.13437926696122
InvRMSE: 670.2170290862856
LogMAE: 8.174996099954734
LogSI: 13.231838297353436
Chamfer: 0.7082730942568526
F-Score: 49.88625739542253
IoU: 34.286720636066484
F-Score-20: 67.5867604682782
IoU-20: 52.10281297034281
