Ratio: 32.29730194331678
AbsRel: 8.699036550302447
SqRel: 2.5046184645291487
RMSE: 4.0288760562433055
LogRMSE: 13.347183738018106
$\delta < 1.05$: 0.4740618348281663
$\delta < 1.1$: 0.7145430891297007
$\delta < 1.25$: 0.9175820255515055
$\delta < 1.25^2$: 0.9832879291757669
$\delta < 1.25^3$: 0.9951319951582421
MAE: 1.8079248358684084
InvMAE: 6.637775922845478
InvRMSE: 9.853900680512739
LogMAE: 8.673135833871877
LogSI: 12.923914622122773
Chamfer: 0.7144022147682313
F-Score: 47.10724032930801
IoU: 31.957935605403836
F-Score-20: 66.35226351717499
IoU-20: 50.81437562360354
