Ratio: 0.01155930815247031
AbsRel: 29.030327561855316
SqRel: 17.22046451304853
RMSE: 12.377500272452831
LogRMSE: 42.67493128347397
$\delta < 1.05$: 0.1317457715068573
$\delta < 1.1$: 0.24879152875106741
$\delta < 1.25$: 0.507816895240742
$\delta < 1.25^2$: 0.7673484031380056
$\delta < 1.25^3$: 0.8840030496015614
MAE: 8.301889524817467
InvMAE: 1347.2319262363017
InvRMSE: 3752.567996345639
LogMAE: 32.58845384836197
LogSI: 40.49276328871347
Chamfer: 6.304113064008872
F-Score: 7.179958875919227
IoU: 3.9000948550836183
F-Score-20: 13.777844784781337
IoU-20: 7.949085050666705
