Ratio: 93.24433283901215
AbsRel: 36.62746298885345
SqRel: 35.26987395620346
RMSE: 13.257557772397995
LogRMSE: 44.76922355365753
$\delta < 1.05$: 0.11533353686405587
$\delta < 1.1$: 0.22008995578473145
$\delta < 1.25$: 0.46391492773656695
$\delta < 1.25^2$: 0.721431977966814
$\delta < 1.25^3$: 0.8553914528126573
MAE: 9.152422776937485
InvMAE: 22.63180519580841
InvRMSE: 30.408853806138037
LogMAE: 34.60885210227966
LogSI: 42.85087503480878
Chamfer: 4.44993385448831
F-Score: 8.3049486566782
IoU: 4.5811991887465116
F-Score-20: 16.0262631778121
IoU-20: 9.357804463505746
