Ratio: 8.756632896009206
AbsRel: 32.54462900657537
SqRel: 22.770852256623247
RMSE: 1.1126655824368519
LogRMSE: 36.025910479577675
$\delta < 1.05$: 0.11647893861640793
$\delta < 1.1$: 0.22583322949932005
$\delta < 1.25$: 0.4899363625688894
$\delta < 1.25^2$: 0.7865425927122367
$\delta < 1.25^3$: 0.9210394502591492
MAE: 0.832118010849034
InvMAE: 123.86359736241332
InvRMSE: 162.7732116920868
LogMAE: 28.889451270438844
LogSI: 34.26487598685476
