Ratio: 0.08700090708755956
AbsRel: 24.617503113702895
SqRel: 15.640738044173345
RMSE: 1.033937970170643
LogRMSE: 31.330797892462588
$\delta < 1.05$: 0.14122419917055853
$\delta < 1.1$: 0.2700126728772226
$\delta < 1.25$: 0.5635548317940262
$\delta < 1.25^2$: 0.8392465137409575
$\delta < 1.25^3$: 0.9492673997604384
MAE: 0.7132389974817406
InvMAE: 236.36774973329784
InvRMSE: 1677.272434870402
LogMAE: 25.043315466026282
LogSI: 30.91664790145288
