Ratio: 0.07048697934441606
AbsRel: 41.342520875793895
SqRel: 71.46982362090954
RMSE: 7.632527048892952
LogRMSE: 74.48477392892518
$\delta < 1.05$: 0.10702971844128117
$\delta < 1.1$: 0.20309168279024292
$\delta < 1.25$: 0.4167665394726512
$\delta < 1.25^2$: 0.6505990294971453
$\delta < 1.25^3$: 0.7798656200367682
MAE: 4.0380931915242995
InvMAE: 5209.369732071409
InvRMSE: 24344.35311885924
LogMAE: 50.52631020443291
LogSI: 70.99435178086769
Chamfer: 3.0653539021796776
F-Score: 27.893148134588643
IoU: 21.057526459501226
F-Score-20: 40.78491109164084
IoU-20: 32.192625150194786
