Ratio: 24.87152153071034
AbsRel: 57.451577673574384
SqRel: 186.4524364392652
RMSE: 7.400042801582072
LogRMSE: 67.52131563225431
$\delta < 1.05$: 0.0918275734348914
$\delta < 1.1$: 0.176233055192552
$\delta < 1.25$: 0.3759469888452749
$\delta < 1.25^2$: 0.6259610421789327
$\delta < 1.25^3$: 0.754650614476377
MAE: 4.181416398636177
InvMAE: 266.18706255019
InvRMSE: 356.3494811518911
LogMAE: 50.477645251853616
LogSI: 63.024273408210405
Chamfer: 2.9729871135659907
F-Score: 28.995523816724997
IoU: 20.447586580333812
F-Score-20: 43.259537812390114
IoU-20: 33.45934914059616
