Ratio: 0.025612058004047658
AbsRel: 24.11278596997261
SqRel: 16.011108553409578
RMSE: 8.598997356630862
LogRMSE: 38.933304166793825
$\delta < 1.05$: 0.16622376595267085
$\delta < 1.1$: 0.31521925855649935
$\delta < 1.25$: 0.6180583795643206
$\delta < 1.25^2$: 0.8460803936976923
$\delta < 1.25^3$: 0.9238330876644728
MAE: 4.858697534762323
InvMAE: 606.860395154953
InvRMSE: 6798.267248849868
LogMAE: 25.62888796210289
LogSI: 38.323080932814776
Chamfer: 2.6948335506050887
F-Score: 13.518573105670512
IoU: 7.4452095144800845
F-Score-20: 26.143290704339744
IoU-20: 15.756182390153407
Ratio-Edges: 0.02147774730839788
AbsRel-Edges: 29.303858577013017
SqRel-Edges: 19.773176253587007
RMSE-Edges: 9.629545318707823
LogRMSE-Edges: 42.247302982807156
$\delta < 1.05$-Edges: 0.13005349208811537
$\delta < 1.1$-Edges: 0.24428034818880193
$\delta < 1.25$-Edges: 0.5102361442026888
$\delta < 1.25^2$-Edges: 0.7760369696354499
$\delta < 1.25^3$-Edges: 0.8905607048871467
MAE-Edges: 6.11660250198096
InvMAE-Edges: 346.16825953483584
InvRMSE-Edges: 3440.776496015787
LogMAE-Edges: 30.867885202765464
LogSI-Edges: 41.381201988969735
Chamfer-Edges: 4.090859337851109
F-Score-Edges: 6.9206569870561365
IoU-Edges: 3.8579323633387683
F-Score-20-Edges: 14.739898802489042
IoU-20-Edges: 8.598842478618026
DirAcc-Edges: 73.94124792287663
Dir (-)-Edges: 6.040910229725563
Dir (+)-Edges: 20.017841847397815
EdgeAcc-Edges: 3.9081354585794745
EdgeComp-Edges: 46.796495355968716
