Ratio: 0.029005774627140442
AbsRel: 26.73508509666689
SqRel: 26.10401364028454
RMSE: 10.321620450654338
LogRMSE: 53.28458167476039
$\delta < 1.05$: 0.16573394285711152
$\delta < 1.1$: 0.3127312670246158
$\delta < 1.25$: 0.6041278700301801
$\delta < 1.25^2$: 0.8195024967453206
$\delta < 1.25^3$: 0.9037680771658123
MAE: 5.803732553441678
InvMAE: 3385.002222991451
InvRMSE: 22341.35264237927
LogMAE: 30.460335232211698
LogSI: 52.087740793094326
Chamfer: 2.6675668798010883
F-Score: 14.395324885229911
IoU: 8.073098927659373
F-Score-20: 28.367114581273448
IoU-20: 17.531672349629865
Ratio-Edges: 0.02410757522366129
AbsRel-Edges: 31.610385679419522
SqRel-Edges: 27.964057635316273
RMSE-Edges: 11.067864474396107
LogRMSE-Edges: 49.33960194774703
$\delta < 1.05$-Edges: 0.12992195238525306
$\delta < 1.1$-Edges: 0.2457313641491832
$\delta < 1.25$-Edges: 0.49318705842090355
$\delta < 1.25^2$-Edges: 0.7474059450467561
$\delta < 1.25^3$-Edges: 0.8728353664777244
MAE-Edges: 7.1079758794430425
InvMAE-Edges: 1410.4592413008993
InvRMSE-Edges: 10270.519452651342
LogMAE-Edges: 33.769713560116834
LogSI-Edges: 48.065263457008975
Chamfer-Edges: 4.579717028111592
F-Score-Edges: 7.178963732927599
IoU-Edges: 4.1443440145855535
F-Score-20-Edges: 14.899205842706698
IoU-20-Edges: 9.162984504061294
DirAcc-Edges: 69.16670893411897
Dir (-)-Edges: 4.750190959311055
Dir (+)-Edges: 26.083100106569965
EdgeAcc-Edges: 3.8970840947355976
EdgeComp-Edges: 37.02104067429552
