Ratio: 36.530456941127774
AbsRel: 28.853042552471162
SqRel: 22.057296592593193
RMSE: 8.419765256941318
LogRMSE: 36.676599180698396
$\delta < 1.05$: 0.13972034488050564
$\delta < 1.1$: 0.26628124100611505
$\delta < 1.25$: 0.5488842661629666
$\delta < 1.25^2$: 0.8112270488919563
$\delta < 1.25^3$: 0.917697809532107
MAE: 5.015744384154678
InvMAE: 27.50304745197296
InvRMSE: 36.80574136018753
LogMAE: 27.695471410751342
LogSI: 35.4409780742938
Chamfer: 2.673835265526493
F-Score: 11.8080557115376
IoU: 6.4497614199668165
F-Score-20: 23.40043895304203
IoU-20: 13.863807380199432
Ratio-Edges: 40.106083772182465
AbsRel-Edges: 34.672217861413955
SqRel-Edges: 33.2743238285929
RMSE-Edges: 9.590831650048495
LogRMSE-Edges: 42.257559971809386
$\delta < 1.05$-Edges: 0.1199990481309403
$\delta < 1.1$-Edges: 0.22906377828978677
$\delta < 1.25$-Edges: 0.4837750716735482
$\delta < 1.25^2$-Edges: 0.7521258576267479
$\delta < 1.25^3$-Edges: 0.878660866358313
MAE-Edges: 6.300873484686017
InvMAE-Edges: 29.319925926327706
InvRMSE-Edges: 40.45169803380966
LogMAE-Edges: 32.27093052148819
LogSI-Edges: 40.93447795452231
Chamfer-Edges: 3.5946466517217344
F-Score-Edges: 7.071174163222313
IoU-Edges: 3.9278609869256615
F-Score-20-Edges: 15.125475035905838
IoU-20-Edges: 8.818855598270893
DirAcc-Edges: 69.31898351577756
Dir (-)-Edges: 4.078992787885017
Dir (+)-Edges: 26.60202369633741
EdgeAcc-Edges: 3.612035331336233
EdgeComp-Edges: 33.532764092583975
