Ratio: 39.82913863212831
AbsRel: 32.19525266093593
SqRel: 42.49913850661247
RMSE: 9.674736959107461
LogRMSE: 38.17050197478264
$\delta < 1.05$: 0.14658461049598445
$\delta < 1.1$: 0.2774808784083102
$\delta < 1.25$: 0.5582864267286133
$\delta < 1.25^2$: 0.8058080035571704
$\delta < 1.25^3$: 0.9054540267234783
MAE: 5.725028656144296
InvMAE: 29.794923838338544
InvRMSE: 43.467740088432066
LogMAE: 28.54405638602472
LogSI: 36.67424471487943
Chamfer: 2.7863074510286254
F-Score: 12.23844726454827
IoU: 6.720278322888959
F-Score-20: 24.631783149934584
IoU-20: 14.753644755117355
Ratio-Edges: 43.973815590104245
AbsRel-Edges: 40.869405797571915
SqRel-Edges: 73.00404549634534
RMSE-Edges: 11.585780923584707
LogRMSE-Edges: 44.852457978990344
$\delta < 1.05$-Edges: 0.12739006270051503
$\delta < 1.1$-Edges: 0.23218891569843947
$\delta < 1.25$-Edges: 0.47273495246712666
$\delta < 1.25^2$-Edges: 0.7362791934178691
$\delta < 1.25^3$-Edges: 0.864601199953891
MAE-Edges: 7.596505431071216
InvMAE-Edges: 29.30709330949908
InvRMSE-Edges: 43.69718029249727
LogMAE-Edges: 34.03417044496224
LogSI-Edges: 43.27231550117095
Chamfer-Edges: 4.2690958160395684
F-Score-Edges: 7.205450754451985
IoU-Edges: 4.345642579254371
F-Score-20-Edges: 14.126771886247436
IoU-20-Edges: 8.606151246264869
DirAcc-Edges: 65.17457017639916
Dir (-)-Edges: 3.1244293893937467
Dir (+)-Edges: 31.7010004342071
EdgeAcc-Edges: 3.793835975995581
EdgeComp-Edges: 33.89410938518762
