Ratio: 0.05402192691653203
AbsRel: 25.43541965446472
SqRel: 13.008696955823899
RMSE: 1.5865704619050025
LogRMSE: 40.21882933235168
$\delta < 1.05$: 0.14064048091384948
$\delta < 1.1$: 0.270043189588307
$\delta < 1.25$: 0.5850000571998589
$\delta < 1.25^2$: 0.8343169878810388
$\delta < 1.25^3$: 0.8920098563009262
MAE: 0.8978764573156833
InvMAE: 120.19733486785888
InvRMSE: 289.3070618850708
LogMAE: 28.414910674667357
LogSI: 39.56350753067301
