Ratio: 8.396291925239563
AbsRel: 36.24888124771118
SqRel: 25.340164729881288
RMSE: 1.715908267700672
LogRMSE: 46.44900080795288
$\delta < 1.05$: 0.11292097882623152
$\delta < 1.1$: 0.21533671643497873
$\delta < 1.25$: 0.4488067023791682
$\delta < 1.25^2$: 0.7128707691193727
$\delta < 1.25^3$: 0.8501248675151175
MAE: 1.110072773551941
InvMAE: 138.90966025390625
InvRMSE: 173.52855602722167
LogMAE: 35.260188299942016
LogSI: 45.608755850092145
