Ratio: 2385991.1375
AbsRel: 18.382489214897156
SqRel: 22.312814361333846
RMSE: 20.134510113239287
LogRMSE: 32.06837130641937
$\delta < 1.05$: 0.2231465239912962
$\delta < 1.1$: 0.40696205564438376
$\delta < 1.25$: 0.7245687946400962
$\delta < 1.25^2$: 0.8977020326525759
$\delta < 1.25^3$: 0.9472064018240278
MAE: 8.97176393699646
InvMAE: 149.07438360357284
InvRMSE: 7083.309778556823
LogMAE: 19.84324793434143
LogSI: 30.96105462135128
Chamfer: 3.5908381250679797
F-Score: 8.283320423647762
IoU: 4.386413722284138
F-Score-20: 25.035366686761378
IoU-20: 14.676116251587867
