Ratio: 5.198412206302734e-07
AbsRel: 15.9998566365242
SqRel: 13.210688538193702
RMSE: 21.402049746990205
LogRMSE: 59.1576919631958
$\delta < 1.05$: 0.3756680942425871
$\delta < 1.1$: 0.58998795305662
$\delta < 1.25$: 0.8087908203509805
$\delta < 1.25^2$: 0.920798762656974
$\delta < 1.25^3$: 0.9631027908987735
MAE: 8.562136459350587
InvMAE: 3514.2052540819645
InvRMSE: 41274.641503036975
LogMAE: 18.63314816761017
LogSI: 58.90163881512287
Chamfer: 2.823234432467405
F-Score: 15.413403796434402
IoU: 8.44836803996563
F-Score-20: 37.42120103931427
IoU-20: 23.379479629516602
