Ratio: 753252.8730769231
AbsRel: 18.08318863428556
SqRel: 11.233042077101194
RMSE: 1.2455187690487275
LogRMSE: 22.934401309673603
$\delta < 1.05$: 0.25822425069115795
$\delta < 1.1$: 0.4531649352701563
$\delta < 1.25$: 0.744766279887773
$\delta < 1.25^2$: 0.9202897306880914
$\delta < 1.25^3$: 0.9768230418099586
MAE: 0.7262344284928762
InvMAE: 84.53534232653104
InvRMSE: 468.6137234995915
LogMAE: 16.93058467571552
LogSI: 21.62152491130511
