Ratio: 4.718699763891516e-07
AbsRel: 32.71981339550874
SqRel: 121.70721688853251
RMSE: 8.699509248805688
LogRMSE: 48.79177635988312
$\delta < 1.05$: 0.22421090818568576
$\delta < 1.1$: 0.36804268283121155
$\delta < 1.25$: 0.590351637846596
$\delta < 1.25^2$: 0.7817320404850127
$\delta < 1.25^3$: 0.8746970469112446
MAE: 5.029996992961708
InvMAE: 1637.2095501567217
InvRMSE: 10487.940055168263
LogMAE: 31.816742673583096
LogSI: 46.19126212246981
