Ratio: 1.2913197586614522e-06
AbsRel: 10.709889304821308
SqRel: 7.08056160856898
RMSE: 0.7842771408649591
LogRMSE: 17.038909161641048
$\delta < 1.05$: 0.45285405141689966
$\delta < 1.1$: 0.6749229886674759
$\delta < 1.25$: 0.8842270373002601
$\delta < 1.25^2$: 0.9635360062513406
$\delta < 1.25^3$: 0.9883493434992344
MAE: 0.391173184972543
InvMAE: 533.244434537154
InvRMSE: 2411.6707872508123
LogMAE: 10.78560160783621
LogSI: 16.876088355604033
