Ratio: 2305674.602438341
AbsRel: 48.63333024679278
SqRel: 546.1424805640906
RMSE: 8.670646578608073
LogRMSE: 45.44986927990421
$\delta < 1.05$: 0.18490091551255977
$\delta < 1.1$: 0.3267298717228524
$\delta < 1.25$: 0.6014967289126513
$\delta < 1.25^2$: 0.8149556088566166
$\delta < 1.25^3$: 0.8963314974800443
MAE: 4.859838442818466
InvMAE: 203.98156294266738
InvRMSE: 3963.6748608495086
LogMAE: 29.620215746319346
LogSI: 43.43391201969241
