Ratio: 1585160.7641964285
AbsRel: 19.23484626156943
SqRel: 6.762050934008189
RMSE: 8.197204417841775
LogRMSE: 30.099830805914742
$\delta < 1.05$: 0.19539944667341472
$\delta < 1.1$: 0.36492262208007614
$\delta < 1.25$: 0.6767680529716923
$\delta < 1.25^2$: 0.8748146020183163
$\delta < 1.25^3$: 0.943912545133254
MAE: 4.175028074043138
InvMAE: 16.34568817956107
InvRMSE: 91.90418720109122
LogMAE: 21.35202544280461
LogSI: 28.647846863530717
Chamfer: 2.8702473698720365
F-Score: 18.46094912477902
IoU: 10.429296168259212
F-Score-20: 35.010945937633515
IoU-20: 21.89657767176628
