Ratio: 8.994140517904093e-07
AbsRel: 15.100289398261479
SqRel: 5.622645808437041
RMSE: 6.257118869764464
LogRMSE: 23.77100755759648
$\delta < 1.05$: 0.285931681119971
$\delta < 1.1$: 0.49433164475148755
$\delta < 1.25$: 0.7817135367686872
$\delta < 1.25^2$: 0.9375106017888443
$\delta < 1.25^3$: 0.9784667641533458
MAE: 3.1137910264730455
InvMAE: 213.91874053478242
InvRMSE: 2970.225535635267
LogMAE: 15.488908537796565
LogSI: 23.575298396474974
Chamfer: 1.4233039650954207
F-Score: 29.933148286002023
IoU: 18.413321085316795
F-Score-20: 49.488457544871736
IoU-20: 34.0726284796851
