Ratio: 9.150674594077995e-07
AbsRel: 13.71394877272881
SqRel: 4.7634789077050845
RMSE: 5.71182917552126
LogRMSE: 20.5894040490952
$\delta < 1.05$: 0.3111651604991777
$\delta < 1.1$: 0.5302696720100482
$\delta < 1.25$: 0.8132619502489845
$\delta < 1.25^2$: 0.951097644888752
$\delta < 1.25^3$: 0.9849518674292096
MAE: 2.797515646811643
InvMAE: 72.8620580946741
InvRMSE: 1370.4801490061855
LogMAE: 13.862122404429078
LogSI: 20.448927246065065
Chamfer: 1.1905684585039682
F-Score: 33.43530646825861
IoU: 20.949758449032263
F-Score-20: 53.21487369274069
IoU-20: 37.4594015329162
