Ratio: 1558087.0001917179
AbsRel: 18.45283659469862
SqRel: 6.538019591496766
RMSE: 8.074114177124631
LogRMSE: 28.86712801675855
$\delta < 1.05$: 0.2036605854532523
$\delta < 1.1$: 0.37990383185407367
$\delta < 1.25$: 0.6966923604615388
$\delta < 1.25^2$: 0.884964554515204
$\delta < 1.25^3$: 0.9488028142377384
MAE: 4.046560382367643
InvMAE: 16.025754656528402
InvRMSE: 108.34716118917875
LogMAE: 20.34270028614559
LogSI: 27.577269137048063
Chamfer: 2.7312305878944336
F-Score: 20.13478992175471
IoU: 11.50699281930192
F-Score-20: 37.511621718026376
IoU-20: 23.81783581730778
