Ratio: 2.1473637530996253e-07
AbsRel: 16.96090681862831
SqRel: 11.599100803270936
RMSE: 8.612055818885565
LogRMSE: 28.362647432088853
$\delta < 1.05$: 0.27963766084041947
$\delta < 1.1$: 0.4834790499510602
$\delta < 1.25$: 0.773625675946658
$\delta < 1.25^2$: 0.9191507686834209
$\delta < 1.25^3$: 0.9639614762385436
MAE: 5.097608596622944
InvMAE: 1487.7147507908344
InvRMSE: 4527.014415890455
LogMAE: 18.371380184173585
LogSI: 26.936396805295914
Chamfer: 3.385585106279604
F-Score: 12.615954718429595
IoU: 7.107893382813781
F-Score-20: 23.278289984941484
IoU-20: 14.170002077870071
