Ratio: 6564212.9243125
AbsRel: 26.02297001647949
SqRel: 28.61766757327318
RMSE: 11.566570462584496
LogRMSE: 33.09036565208435
$\delta < 1.05$: 0.2146442474094007
$\delta < 1.1$: 0.3779469918232271
$\delta < 1.25$: 0.660344072174398
$\delta < 1.25^2$: 0.8623992296439946
$\delta < 1.25^3$: 0.9370094680443258
MAE: 6.9212760401666165
InvMAE: 118.83518444871902
InvRMSE: 2340.0614841313363
LogMAE: 22.62096224594116
LogSI: 31.385861902204436
Chamfer: 3.3075882593371797
F-Score: 10.613715383842587
IoU: 5.937209847189486
F-Score-20: 20.105284665107728
IoU-20: 12.008239275157452
