Ratio: 460583.2458428899
AbsRel: 23.11497679179597
SqRel: 55.24486589805431
RMSE: 1.3714678286025102
LogRMSE: 25.71215409168045
$\delta < 1.05$: 0.1970401537666365
$\delta < 1.1$: 0.3651204884762192
$\delta < 1.25$: 0.6966701393375544
$\delta < 1.25^2$: 0.9083836800107477
$\delta < 1.25^3$: 0.9717466944890546
MAE: 0.7680208978075136
InvMAE: 96.13883362633008
InvRMSE: 484.8285986436616
LogMAE: 19.40422289014227
LogSI: 24.072447919437504
