Ratio: 1.6075531973775692e-06
AbsRel: 10.47971707819434
SqRel: 3.5299992948679386
RMSE: 0.4889129251583454
LogRMSE: 13.950691565461115
$\delta < 1.05$: 0.3708215540712996
$\delta < 1.1$: 0.6239960672114135
$\delta < 1.25$: 0.8959497016072945
$\delta < 1.25^2$: 0.9792945952352707
$\delta < 1.25^3$: 0.99503796194643
MAE: 0.31459291992475497
InvMAE: 80.60372230547284
InvRMSE: 303.20118456003496
LogMAE: 10.35105976088696
LogSI: 13.89925687587532
