Ratio: 1640786.533881579
AbsRel: 39.08681118317198
SqRel: 59.8088387525538
RMSE: 6.155687983326935
LogRMSE: 51.07613647634333
$\delta < 1.05$: 0.18037701750351803
$\delta < 1.1$: 0.30793809348469803
$\delta < 1.25$: 0.5346661863569936
$\delta < 1.25^2$: 0.7269217663720932
$\delta < 1.25^3$: 0.8384482371996517
MAE: 3.2149504618032982
InvMAE: 232.63993244447778
InvRMSE: 1243.8486098685903
LogMAE: 36.70334519678326
LogSI: 46.91713801821851
Chamfer: 2.884850747935161
F-Score: 32.72149362642514
IoU: 24.385832959434918
F-Score-20: 44.83019748452748
IoU-20: 34.61840071866387
