Ratio: 2.1096554286317803e-06
AbsRel: 30.945555377234683
SqRel: 66.97970419064984
RMSE: 6.980399066060069
LogRMSE: 75.2723190029272
$\delta < 1.05$: 0.2163964393367185
$\delta < 1.1$: 0.36720054010372244
$\delta < 1.25$: 0.6085477754666457
$\delta < 1.25^2$: 0.7875586252334088
$\delta < 1.25^3$: 0.8764238332891024
MAE: 3.3890729631337395
InvMAE: 12191.176522628914
InvRMSE: 42194.29679073218
LogMAE: 42.05160304074082
LogSI: 71.74694666627869
Chamfer: 2.3589751564595227
F-Score: 39.55127715614745
IoU: 31.14952918937314
F-Score-20: 51.313452412314604
IoU-20: 41.702195187906725
