Ratio: 2007738.00078125
AbsRel: 33.642201262712476
SqRel: 120.45121358588338
RMSE: 10.237383851855993
LogRMSE: 41.98633878827095
$\delta < 1.05$: 0.14607397872664016
$\delta < 1.1$: 0.27447658714042034
$\delta < 1.25$: 0.537974204431423
$\delta < 1.25^2$: 0.7805239331291736
$\delta < 1.25^3$: 0.8852588909741881
MAE: 5.9393772035464645
InvMAE: 179.10448170661925
InvRMSE: 3172.2549472224714
LogMAE: 30.572977277040483
LogSI: 40.57410207056424
Chamfer: 4.543303635110748
F-Score: 8.555676506832242
IoU: 4.6094752352871
F-Score-20: 17.06289812594652
IoU-20: 9.876283504143357
Ratio-Edges: 2364990.2663500328
AbsRel-Edges: 39.162220587134364
SqRel-Edges: 153.76638070203364
RMSE-Edges: 10.456398759819567
LogRMSE-Edges: 48.23999669790268
$\delta < 1.05$-Edges: 0.12696530944831938
$\delta < 1.1$-Edges: 0.2359497327777597
$\delta < 1.25$-Edges: 0.47440388405563916
$\delta < 1.25^2$-Edges: 0.7375540795698785
$\delta < 1.25^3$-Edges: 0.8639426484293046
MAE-Edges: 6.84067497363314
InvMAE-Edges: 1847.3963349688054
InvRMSE-Edges: 7297.530536925793
LogMAE-Edges: 35.20249461948872
LogSI-Edges: 46.87159086393743
Chamfer-Edges: 5.568892816184308
F-Score-Edges: 6.251133742146194
IoU-Edges: 3.539464090820402
F-Score-20-Edges: 12.753380787372588
IoU-20-Edges: 7.643843161463738
DirAcc-Edges: 68.77389655497309
Dir (-)-Edges: 4.271484843423442
Dir (+)-Edges: 26.954618601603453
EdgeAcc-Edges: 3.341601240169966
EdgeComp-Edges: 123.94642495248193
