Ratio: 7.816963311974533e-05
AbsRel: 23.278475711345674
SqRel: 15.823320645540953
RMSE: 8.815613687895238
LogRMSE: 48.72085856676102
$\delta < 1.05$: 0.1851928121435372
$\delta < 1.1$: 0.34488556271463083
$\delta < 1.25$: 0.6454260636649619
$\delta < 1.25^2$: 0.8518530952109038
$\delta < 1.25^3$: 0.9237925803339079
MAE: 4.883028992526233
InvMAE: 2311.108054218292
InvRMSE: 19367.597430278063
LogMAE: 26.44246589541435
LogSI: 47.93283481179667
Chamfer: 3.030621984973112
F-Score: 12.51869434863329
IoU: 6.898584670498967
F-Score-20: 24.18283973008394
IoU-20: 14.549262573719025
Ratio-Edges: 6.788993977261132e-05
AbsRel-Edges: 29.81589104115963
SqRel-Edges: 21.652809292152526
RMSE-Edges: 10.377566434815526
LogRMSE-Edges: 58.148056423664094
$\delta < 1.05$-Edges: 0.1326239789683877
$\delta < 1.1$-Edges: 0.24710651351311463
$\delta < 1.25$-Edges: 0.5063420171616647
$\delta < 1.25^2$-Edges: 0.7718843641198613
$\delta < 1.25^3$-Edges: 0.8850782662657308
MAE-Edges: 6.500162717048079
InvMAE-Edges: 2790.5794936096668
InvRMSE-Edges: 22148.38618640542
LogMAE-Edges: 33.855110841989514
LogSI-Edges: 56.91635940316115
Chamfer-Edges: 4.685191632915447
F-Score-Edges: 6.640224654302001
IoU-Edges: 3.735258813854307
F-Score-20-Edges: 13.798277046531439
IoU-20-Edges: 8.217568538114428
DirAcc-Edges: 78.10410296107857
Dir (-)-Edges: 6.474224933189434
Dir (+)-Edges: 15.421672105732005
EdgeAcc-Edges: 3.7289232295384074
EdgeComp-Edges: 117.25879809730115
