Ratio: 2250617.4412903227
AbsRel: 35.29814751840407
SqRel: 50.206249182378095
RMSE: 11.665029967292663
LogRMSE: 44.78200085055443
$\delta < 1.05$: 0.13785028054576198
$\delta < 1.1$: 0.25962170550998653
$\delta < 1.25$: 0.5048557365142338
$\delta < 1.25^2$: 0.7451745925594587
$\delta < 1.25^3$: 0.8570079488301959
MAE: 6.913806805918294
InvMAE: 108.50841726979901
InvRMSE: 2830.732544016684
LogMAE: 33.25009308968821
LogSI: 43.06829464179372
Chamfer: 5.232042275287608
F-Score: 9.182390581407855
IoU: 5.186230529123737
F-Score-20: 17.806820231099284
IoU-20: 10.979810543444849
Ratio-Edges: 2697378.7245915034
AbsRel-Edges: 42.47311777850382
SqRel-Edges: 82.15112676207536
RMSE-Edges: 12.018018139538421
LogRMSE-Edges: 52.230288995481004
$\delta < 1.05$-Edges: 0.12454118787566001
$\delta < 1.1$-Edges: 0.22754899977606372
$\delta < 1.25$-Edges: 0.45416132589823727
$\delta < 1.25^2$-Edges: 0.7052706816738523
$\delta < 1.25^3$-Edges: 0.8410313620706482
MAE-Edges: 7.89686185483839
InvMAE-Edges: 1382.3959612280714
InvRMSE-Edges: 8732.861023138395
LogMAE-Edges: 37.29411942288767
LogSI-Edges: 50.42324079941139
Chamfer-Edges: 6.348822062983837
F-Score-Edges: 6.0546136128844
IoU-Edges: 3.7187734364051055
F-Score-20-Edges: 11.14438315172211
IoU-20-Edges: 6.9479114593244065
DirAcc-Edges: 62.60530501873091
Dir (-)-Edges: 2.193691691909573
Dir (+)-Edges: 35.20100328935951
EdgeAcc-Edges: 3.5942346597199846
EdgeComp-Edges: 107.87555141864893
