Ratio: 8.765376439315444e-05
AbsRel: 26.940068526729462
SqRel: 30.736705091480285
RMSE: 10.748143832981587
LogRMSE: 63.758686504364015
$\delta < 1.05$: 0.1826256980996174
$\delta < 1.1$: 0.33697151526373414
$\delta < 1.25$: 0.6056466214313304
$\delta < 1.25^2$: 0.8116775352916772
$\delta < 1.25^3$: 0.9007255149521961
MAE: 6.01716400827131
InvMAE: 5552.973636654885
InvRMSE: 36080.17410710796
LogMAE: 32.61920038592431
LogSI: 62.06290981256586
Chamfer: 3.102540853760862
F-Score: 14.692354104372733
IoU: 8.496126625285964
F-Score-20: 27.666451472420725
IoU-20: 17.822085167680896
Ratio-Edges: 6.628679284175657e-05
AbsRel-Edges: 33.45812868604473
SqRel-Edges: 38.273729492441504
RMSE-Edges: 12.235074578668751
LogRMSE-Edges: 70.84264578943939
$\delta < 1.05$-Edges: 0.1244384527793245
$\delta < 1.1$-Edges: 0.23713152150782055
$\delta < 1.25$-Edges: 0.4771193237638598
$\delta < 1.25^2$-Edges: 0.7313445776856333
$\delta < 1.25^3$-Edges: 0.8620340647539948
MAE-Edges: 7.753505452337608
InvMAE-Edges: 5071.894945727766
InvRMSE-Edges: 36770.238958907124
LogMAE-Edges: 38.67706295836206
LogSI-Edges: 68.97277256383308
Chamfer-Edges: 5.174903590125539
F-Score-Edges: 6.899322894322716
IoU-Edges: 4.0222565784271245
F-Score-20-Edges: 13.81309711244566
IoU-20-Edges: 8.537440733670019
DirAcc-Edges: 74.91987126733609
Dir (-)-Edges: 5.69122875906567
Dir (+)-Edges: 19.38889997359824
EdgeAcc-Edges: 3.7134112877112475
EdgeComp-Edges: 86.8388590998138
