Ratio: 549855.62869375
AbsRel: 17.746658016967775
SqRel: 12.857491148424149
RMSE: 1.2528674432754516
LogRMSE: 24.8886421585083
$\delta < 1.05$: 0.2551047156508551
$\delta < 1.1$: 0.46088725779023104
$\delta < 1.25$: 0.769868944499721
$\delta < 1.25^2$: 0.9187526587732238
$\delta < 1.25^3$: 0.9613828768521624
MAE: 0.6141823205322027
InvMAE: 68.55448124084472
InvRMSE: 150.31562212600707
LogMAE: 17.14686333503723
LogSI: 23.54411710325468
