Ratio: 1.5611566759469772e-06
AbsRel: 14.430073727893829
SqRel: 10.466542756605149
RMSE: 1.0249085999786853
LogRMSE: 22.191363591575623
$\delta < 1.05$: 0.296972308627241
$\delta < 1.1$: 0.5298740843884174
$\delta < 1.25$: 0.8234812714920081
$\delta < 1.25^2$: 0.9278301411138633
$\delta < 1.25^3$: 0.9688363600509183
MAE: 0.5364063782200217
InvMAE: 145.02482024879455
InvRMSE: 876.1613779159546
LogMAE: 14.865696821308136
LogSI: 21.99733508158442
