Scale: 0.25564827616380686
Shift: 0.028535711488067682
AbsRel: 14.621615048922026
SqRel: 16.797295170472218
RMSE: 1.1254162935339487
LogRMSE: 24.994878981663632
$\delta_{.05}$: 28.938176464334987
$\delta_{.1}$: 50.968530409614345
$\delta_{.25}$: 81.87951507267724
$\delta_{.25^2}$: 95.22195972602103
$\delta_{.25^3}$: 98.29963264156157
MAE: 0.5291388003413494
InvMAE: 1465.2520694087102
InvRMSE: 8449.131278726138
LogMAE: 15.260285788315993
LogSI: 24.72823322351803
