Scale: 0.07582776098252669
Shift: 0.0050120918226011545
AbsRel: 34.66714082170495
SqRel: 127.71387726783485
RMSE: 9.469399636970508
LogRMSE: 57.484115325816546
$\delta_{.05}$: 19.023904120793453
$\delta_{.1}$: 32.759649895425056
$\delta_{.25}$: 55.37163648565007
$\delta_{.25^2}$: 75.84913656681053
$\delta_{.25^3}$: 85.85754683232895
MAE: 5.456425374632726
InvMAE: 3247.9449294102565
InvRMSE: 17788.955235275986
LogMAE: 35.688584645767385
LogSI: 54.43264513454041
