Scale: 20.321409587902874
Shift: 0.0
AbsRel: 44.28359744260129
SqRel: 342.4625206990627
RMSE: 7.793923693120212
LogRMSE: 44.959366119495954
$\delta_{.05}$: 19.000901556646618
$\delta_{.1}$: 34.47011268269475
$\delta_{.25}$: 60.07923251373711
$\delta_{.25^2}$: 79.40397343278484
$\delta_{.25^3}$: 88.20721607896179
MAE: 4.669846977153166
InvMAE: 37.58386709497648
InvRMSE: 92.55221471444374
LogMAE: 30.25117488506129
LogSI: 42.434782500751034
