Scale: 5.728292388549217
Shift: 0.0
AbsRel: 16.930237033550554
SqRel: 8.26781731238732
RMSE: 0.9592363024904178
LogRMSE: 22.973684569138747
$\delta_{.05}$: 26.90563812865601
$\delta_{.1}$: 46.97071083446189
$\delta_{.25}$: 76.37488639887314
$\delta_{.25^2}$: 92.30529678883316
$\delta_{.25^3}$: 96.98446534608455
MAE: 0.604385680441673
InvMAE: 78.23506576831524
InvRMSE: 116.26273949549748
LogMAE: 16.711559955890362
LogSI: 21.785870813915462
