Scale: 0.3372839567419622
Shift: -0.06478932204473967
AbsRel: 11.173950261296847
SqRel: 5.3568759903494
RMSE: 0.5292304192501653
LogRMSE: 15.720087937987907
$\delta_{.05}$: 35.786384813034985
$\delta_{.1}$: 59.64880043383442
$\delta_{.25}$: 87.92067740802908
$\delta_{.25^2}$: 97.79929949519527
$\delta_{.25^3}$: 99.4455237756192
MAE: 0.2896282643375958
InvMAE: 297.72604943779993
InvRMSE: 1674.5761038433157
LogMAE: 11.148112981691273
LogSI: 15.651818389425785
