Scale: 3.688292412218333
Shift: 0.0
AbsRel: 12.75769163709168
SqRel: 4.150508664252197
RMSE: 0.4147115557337755
LogRMSE: 16.4091008150614
$\delta_{.05}$: 33.69091198623957
$\delta_{.1}$: 56.068836914230985
$\delta_{.25}$: 84.28546052541144
$\delta_{.25^2}$: 96.61711849279794
$\delta_{.25^3}$: 99.30157726723183
MAE: 0.2865010690433899
InvMAE: 64.59866644337272
InvRMSE: 91.93067243412729
LogMAE: 12.24422373064432
LogSI: 15.49794660364844
