Scale: 3.757607539319992
Shift: 0.0
AbsRel: 15.479098609161378
SqRel: 7.4897971863031385
RMSE: 1.1085367932260037
LogRMSE: 25.18333026161194
$\delta_{.05}$: 31.474058075339975
$\delta_{.1}$: 53.09550511059922
$\delta_{.25}$: 78.65927632984484
$\delta_{.25^2}$: 90.09866007970471
$\delta_{.25^3}$: 95.5108755090152
MAE: 0.5842917910814285
InvMAE: 64.96626764144898
InvRMSE: 89.57451887512207
LogMAE: 16.632218881034852
LogSI: 24.102867335537216
