Scale: 0.2901326902199399
Shift: -0.018681644982747655
AbsRel: 14.42695044555664
SqRel: 17.361904855644703
RMSE: 1.1396988792836666
LogRMSE: 23.26444192829132
$\delta_{.05}$: 33.444934602150205
$\delta_{.1}$: 56.06629927596856
$\delta_{.25}$: 81.91076019202312
$\delta_{.25^2}$: 92.78892081917068
$\delta_{.25^3}$: 96.58363205905569
MAE: 0.5456784445554018
InvMAE: 114.91936869812012
InvRMSE: 1182.057771722412
LogMAE: 14.830120907974242
LogSI: 23.07011209918296
