Scale: 0.22415171519349228
Shift: 0.1323928753627369
AbsRel: 15.744648871788613
SqRel: 16.95582961155818
RMSE: 1.1604091429939636
LogRMSE: 26.528610880925104
$\delta_{.05}$: 27.017619283963914
$\delta_{.1}$: 47.70935248850172
$\delta_{.25}$: 79.32624404685467
$\delta_{.25^2}$: 94.37056625092187
$\delta_{.25^3}$: 97.90616780600193
MAE: 0.5552048963537582
InvMAE: 1581.6772377571692
InvRMSE: 8967.828914991525
LogMAE: 16.53370114839994
LogSI: 26.200208818981583
