Scale: 15.509361400732544
Shift: 0.0
AbsRel: 43.05541714531424
SqRel: 350.9204972823372
RMSE: 7.237457603884385
LogRMSE: 42.3714645732144
$\delta_{.05}$: 18.782408446197397
$\delta_{.1}$: 34.25015420149724
$\delta_{.25}$: 61.5109066543597
$\delta_{.25^2}$: 82.20512386384988
$\delta_{.25^3}$: 90.01993163928734
MAE: 4.364063488461512
InvMAE: 36.89354932361654
InvRMSE: 92.00558303022598
LogMAE: 28.439773827924856
LogSI: 40.343827864499445
