Scale: 0.09017201915375865
Shift: 0.011887814620274051
AbsRel: 33.33642762124271
SqRel: 123.89309400386874
RMSE: 8.85220347278054
LogRMSE: 51.94572190853513
$\delta_{.05}$: 19.547157326303463
$\delta_{.1}$: 33.77049759322216
$\delta_{.25}$: 57.21535769094039
$\delta_{.25^2}$: 77.35598768765657
$\delta_{.25^3}$: 87.03870715575721
MAE: 5.152028055535839
InvMAE: 2672.992670884314
InvRMSE: 12998.633315842782
LogMAE: 33.732697730107155
LogSI: 49.008988955573145
