Scale: 4.783877100577722
Shift: 0.0
AbsRel: 21.462998363788312
SqRel: 11.62321152320275
RMSE: 1.0532825919298026
LogRMSE: 26.953913207420936
$\delta_{.05}$: 19.99687920286229
$\delta_{.1}$: 36.83805159519766
$\delta_{.25}$: 67.46478182180729
$\delta_{.25^2}$: 88.80799423493835
$\delta_{.25^3}$: 95.71787524042662
MAE: 0.7152805368946149
InvMAE: 96.73943308316744
InvRMSE: 134.19643796774056
LogMAE: 20.583751650590163
LogSI: 25.596910907483796
