Scale: 0.3831440174913749
Shift: -0.019172319741048473
AbsRel: 11.790020916804625
SqRel: 4.57155375679334
RMSE: 0.5105043282612748
LogRMSE: 15.921915671147337
$\delta_{.05}$: 32.7208362144199
$\delta_{.1}$: 56.369126930612474
$\delta_{.25}$: 86.54428561541908
$\delta_{.25^2}$: 97.59231456497332
$\delta_{.25^3}$: 99.44936858896872
MAE: 0.301989404849184
InvMAE: 204.83055159367552
InvRMSE: 1015.9450274476218
LogMAE: 11.747436461463252
LogSI: 15.854850124027733
