Scale: 2.9944154755055723
Shift: 0.0
AbsRel: 13.613513390223185
SqRel: 4.325653574882297
RMSE: 0.4365737323822961
LogRMSE: 17.135064751365498
$\delta_{.05}$: 30.23802826519581
$\delta_{.1}$: 52.44413408205705
$\delta_{.25}$: 82.69796462188116
$\delta_{.25^2}$: 96.58719776991283
$\delta_{.25^3}$: 99.2505275056387
MAE: 0.30757635061142097
InvMAE: 67.70940271721703
InvRMSE: 94.89805401210026
LogMAE: 12.99516643879975
LogSI: 16.092179765481262
