Scale: 0.32230588456082127
Shift: 0.011378423789657947
AbsRel: 15.705284001350403
SqRel: 18.305434553295374
RMSE: 1.209525453621149
LogRMSE: 24.709772696495055
$\delta_{.05}$: 27.654207737491717
$\delta_{.1}$: 49.5320335854426
$\delta_{.25}$: 79.46769965139407
$\delta_{.25^2}$: 92.4723900740956
$\delta_{.25^3}$: 96.5484872684106
MAE: 0.5826474821433425
InvMAE: 231.19598997039796
InvRMSE: 2250.451173131561
LogMAE: 16.244838404655457
LogSI: 24.503368351425287
