Scale: 3.1655344297885897
Shift: 0.0
AbsRel: 16.900932298851014
SqRel: 7.983509745788575
RMSE: 1.085019758272171
LogRMSE: 25.534205862045287
$\delta_{.05}$: 26.707822640866613
$\delta_{.1}$: 47.23960534874287
$\delta_{.25}$: 75.63499858080928
$\delta_{.25^2}$: 90.90043781118493
$\delta_{.25^3}$: 95.94594969864805
MAE: 0.5944418994009495
InvMAE: 69.7620087425232
InvRMSE: 93.13525497436524
LogMAE: 17.60882898387909
LogSI: 24.555853608259007
