Ratio: 0.19739780257163897
AbsRel: 27.20836200237274
SqRel: 22.755835669994354
RMSE: 33.69817014074326
LogRMSE: 167.316139377594
$\delta < 1.05$: 0.14059494886701202
$\delta < 1.1$: 0.2738691082756404
$\delta < 1.25$: 0.6160092375946403
$\delta < 1.25^2$: 0.8533215649427305
$\delta < 1.25^3$: 0.9134250534956393
MAE: 14.307475820064544
InvMAE: 26058.258406879424
InvRMSE: 133810.91626975345
LogMAE: 53.714825029373166
LogSI: 164.02217104417622
Chamfer: 3.5766579561268244
F-Score: 6.427695174455643
IoU: 3.3759208570718764
F-Score-20: 19.102265932559966
IoU-20: 10.720155142784119
