Ratio: 7.239641938209534
AbsRel: 24.947253442764282
SqRel: 15.67069905090332
RMSE: 17.44439109659195
LogRMSE: 33.092060724258424
$\delta < 1.05$: 0.14877270564520986
$\delta < 1.1$: 0.2823987582301356
$\delta < 1.25$: 0.5701820388434267
$\delta < 1.25^2$: 0.8355115894225088
$\delta < 1.25^3$: 0.9540381697104444
MAE: 8.757598263263702
InvMAE: 13.94161536884308
InvRMSE: 21.8635992603302
LogMAE: 24.86409404659271
LogSI: 32.39720930941998
Chamfer: 2.9873340957306938
F-Score: 5.253415585368872
IoU: 2.710956488803029
F-Score-20: 16.613357080459593
IoU-20: 9.172290163815022
