Ratio: 3.079538323145646
AbsRel: 33.91793179438665
SqRel: 31.7991134423476
RMSE: 1.867374601134887
LogRMSE: 40.745284077570986
$\delta < 1.05$: 0.12688519064467518
$\delta < 1.1$: 0.2438523450108478
$\delta < 1.25$: 0.514114607207426
$\delta < 1.25^2$: 0.7843880968349899
$\delta < 1.25^3$: 0.8936747857064431
MAE: 1.2029007454331104
InvMAE: 132.35780620281514
InvRMSE: 175.7941200021597
LogMAE: 30.728229144169735
LogSI: 39.330277767666246
