Ratio: 0.10935531384044805
AbsRel: 40.93881173411827
SqRel: 101.34056804960619
RMSE: 9.876728505430735
LogRMSE: 56.920582322261794
$\delta < 1.05$: 0.10393881729512332
$\delta < 1.1$: 0.20097534024040015
$\delta < 1.25$: 0.4229473128419637
$\delta < 1.25^2$: 0.6734047963177051
$\delta < 1.25^3$: 0.8039673475487953
MAE: 6.2272423841226265
InvMAE: 680.2666377032284
InvRMSE: 5010.377554709601
LogMAE: 42.263016997966
LogSI: 53.54875864152628
