Ratio: 0.13739099018296366
AbsRel: 20.296847465955295
SqRel: 10.875266946462485
RMSE: 1.126422522503596
LogRMSE: 27.94888670994685
$\delta < 1.05$: 0.19320726330190613
$\delta < 1.1$: 0.35947581937096107
$\delta < 1.25$: 0.6841356207509044
$\delta < 1.25^2$: 0.890847884165637
$\delta < 1.25^3$: 0.954554283009133
MAE: 0.7544343751898178
InvMAE: 132.18675087415255
InvRMSE: 487.09935367877665
LogMAE: 21.302266626358033
LogSI: 27.50711023773444
