Ratio: 9.861400713567777
AbsRel: 63.31486934610547
SqRel: 545.4803235616384
RMSE: 10.634445992018609
LogRMSE: 57.49555762680122
$\delta < 1.05$: 0.10070232533493544
$\delta < 1.1$: 0.1947744341892754
$\delta < 1.25$: 0.41249729625705894
$\delta < 1.25^2$: 0.6668063143926063
$\delta < 1.25^3$: 0.8041377878669621
MAE: 6.787402938166006
InvMAE: 48.61711247405664
InvRMSE: 101.25114100930936
LogMAE: 42.32150587586544
LogSI: 54.75209775822971
