Ratio: 5.399999999999999
AbsRel: 8.13322877737642
SqRel: 2.3749065491730814
RMSE: 3.5962421782543323
LogRMSE: 11.929919689710886
$\delta < 1.05$: 0.5204070766366009
$\delta < 1.1$: 0.7487319958277764
$\delta < 1.25$: 0.9324345603977108
$\delta < 1.25^2$: 0.9877492119048995
$\delta < 1.25^3$: 0.9966513591810457
MAE: 1.6284746953680471
InvMAE: 5.8191721172420525
InvRMSE: 8.654597616268813
LogMAE: 7.746102651569741
LogSI: 10.896379174995777
Chamfer: 0.654369353219137
F-Score: 49.03669160275371
IoU: 33.58562798807226
F-Score-20: 67.14759900672304
IoU-20: 51.570529736624174
