Ratio: 5.399999999999999
AbsRel: 4.463781901768276
SqRel: 0.8402619543671608
RMSE: 2.01332559044872
LogRMSE: 6.601004925455366
$\delta < 1.05$: 0.7166110598226119
$\delta < 1.1$: 0.9333191142417024
$\delta < 1.25$: 0.9911357656554157
$\delta < 1.25^2$: 0.9975579463868499
$\delta < 1.25^3$: 0.9988869076194445
MAE: 0.8783420783919947
InvMAE: 3.22323607478823
InvRMSE: 4.863823096752167
LogMAE: 4.269077887875693
LogSI: 5.551432346205932
Chamfer: 0.362792089507027
F-Score: 60.503161659240725
IoU: 44.125000098092215
F-Score-20: 79.2925577218192
IoU-20: 66.3750140108381
