Ratio: 0.04803619650598463
AbsRel: 30.0839941842556
SqRel: 18.526483452543616
RMSE: 12.646786530375481
LogRMSE: 43.28077125024795
$\delta < 1.05$: 0.12518577165911937
$\delta < 1.1$: 0.2351584121212818
$\delta < 1.25$: 0.4875370053570083
$\delta < 1.25^2$: 0.7541142305967582
$\delta < 1.25^3$: 0.87776459955292
MAE: 8.573861984610557
InvMAE: 1288.4262863549293
InvRMSE: 3018.0323920850756
LogMAE: 33.56495849132538
LogSI: 41.05356522829045
Chamfer: 6.266153382421406
F-Score: 7.31938822182687
IoU: 3.9820598380705343
F-Score-20: 14.084580859942594
IoU-20: 8.150638940420235
