Ratio: 21.805342946887016
AbsRel: 38.39634183502197
SqRel: 40.610278708219525
RMSE: 13.680566990733146
LogRMSE: 45.899321451187134
$\delta < 1.05$: 0.10668176726317001
$\delta < 1.1$: 0.20416909050580828
$\delta < 1.25$: 0.44193692465037837
$\delta < 1.25^2$: 0.7113448154659209
$\delta < 1.25^3$: 0.8509881326808506
MAE: 9.522762691140175
InvMAE: 23.053081071972848
InvRMSE: 30.58728442466259
LogMAE: 35.64755434036255
LogSI: 44.17777878507959
Chamfer: 4.160088640937471
F-Score: 8.552953378275037
IoU: 4.720415269035846
F-Score-20: 16.681391439259052
IoU-20: 9.764978404968977
