Ratio: 0.39055324297451877
AbsRel: 24.725441035145284
SqRel: 16.710403775266553
RMSE: 1.0952562171316476
LogRMSE: 31.71365999154724
$\delta < 1.05$: 0.13810342303566558
$\delta < 1.1$: 0.2641703880264256
$\delta < 1.25$: 0.5586785814274023
$\delta < 1.25^2$: 0.8446448184519963
$\delta < 1.25^3$: 0.9515920253939538
MAE: 0.7209623013409453
InvMAE: 366.0536151938482
InvRMSE: 2681.6122863256237
LogMAE: 25.059346586921528
LogSI: 31.303425276125907
