Ratio: 2.0900732556796586
AbsRel: 30.782898122746644
SqRel: 20.234311614926074
RMSE: 1.0636944116665683
LogRMSE: 34.83367054907189
$\delta < 1.05$: 0.11919682596086201
$\delta < 1.1$: 0.22979027323984683
$\delta < 1.25$: 0.5062492436781751
$\delta < 1.25^2$: 0.8055577796544815
$\delta < 1.25^3$: 0.9288957496251721
MAE: 0.7924450239001428
InvMAE: 120.6882657450638
InvRMSE: 159.75060044151562
LogMAE: 27.856543209939193
LogSI: 33.35953475419975
