Ratio: 5.785790406060561
AbsRel: 54.4328751062092
SqRel: 124.79259016958186
RMSE: 6.956091266877628
LogRMSE: 65.73248946141969
$\delta < 1.05$: 0.0921455177202892
$\delta < 1.1$: 0.17536848398630012
$\delta < 1.25$: 0.3827631560205677
$\delta < 1.25^2$: 0.6386709676161245
$\delta < 1.25^3$: 0.7682780189902877
MAE: 3.936397759017477
InvMAE: 259.8562245556327
InvRMSE: 347.5936170884867
LogMAE: 49.070186297517076
LogSI: 61.68279815826828
Chamfer: 2.5748758763764736
F-Score: 30.59343481885189
IoU: 22.106074067793394
F-Score-20: 45.32656048519189
IoU-20: 35.28559436202406
