Ratio: 0.3712949713744617
AbsRel: 40.70488414707366
SqRel: 53.757604063892266
RMSE: 7.367586917009508
LogRMSE: 72.73787418792122
$\delta < 1.05$: 0.1091256499508108
$\delta < 1.1$: 0.20174469322467597
$\delta < 1.25$: 0.41639787241748166
$\delta < 1.25^2$: 0.6414811248495692
$\delta < 1.25^3$: 0.7739129170659134
MAE: 3.918622166139372
InvMAE: 3884.194719445249
InvRMSE: 22241.101337432065
LogMAE: 49.60158657964907
LogSI: 69.4217115331698
Chamfer: 2.6116376235021344
F-Score: 29.424722763190143
IoU: 21.939108377459803
F-Score-20: 44.020308078460076
IoU-20: 34.609906336717735
