Ratio: 6.9527347868680955
AbsRel: 27.850110663175585
SqRel: 23.332032514810564
RMSE: 8.033993343487381
LogRMSE: 35.166542980670926
$\delta < 1.05$: 0.15155379936646912
$\delta < 1.1$: 0.29167806409081826
$\delta < 1.25$: 0.5846847614358502
$\delta < 1.25^2$: 0.8311722046833367
$\delta < 1.25^3$: 0.9228135504228504
MAE: 4.726429628357291
InvMAE: 26.440411364436148
InvRMSE: 35.78841197371483
LogMAE: 26.156278717517853
LogSI: 34.160046811768815
Chamfer: 2.246539367605046
F-Score: 12.900678884088993
IoU: 7.0837114730477335
F-Score-20: 25.9142237085104
IoU-20: 15.606313083469868
Ratio-Edges: 7.444935258924961
AbsRel-Edges: 34.348234786987305
SqRel-Edges: 34.867640699148176
RMSE-Edges: 9.608779930993915
LogRMSE-Edges: 42.081222484111784
$\delta < 1.05$-Edges: 0.12374264455218562
$\delta < 1.1$-Edges: 0.23543889509729937
$\delta < 1.25$-Edges: 0.492607822349296
$\delta < 1.25^2$-Edges: 0.7621065586073767
$\delta < 1.25^3$-Edges: 0.8835325113413266
MAE-Edges: 6.221939042508602
InvMAE-Edges: 29.21263949453831
InvRMSE-Edges: 40.352235832214355
LogMAE-Edges: 31.79489177584648
LogSI-Edges: 40.956150428895654
Chamfer-Edges: 3.113104767487242
F-Score-Edges: 7.476250214278698
IoU-Edges: 4.027209321372211
F-Score-20-Edges: 16.681672401726246
IoU-20-Edges: 9.645122106522322
DirAcc-Edges: 69.87470342104362
Dir (-)-Edges: 4.535026831294755
Dir (+)-Edges: 25.590269747661633
EdgeAcc-Edges: 3.5751722925450498
EdgeComp-Edges: 23.737844360397183
