Ratio: 0.14504717664443473
AbsRel: 25.862344253909203
SqRel: 22.743617344075634
RMSE: 9.610188413175845
LogRMSE: 46.43527150615569
$\delta < 1.05$: 0.17171420679074967
$\delta < 1.1$: 0.3244114696375815
$\delta < 1.25$: 0.6180493385301963
$\delta < 1.25^2$: 0.8247584918748587
$\delta < 1.25^3$: 0.9070640394615469
MAE: 5.436594600975513
InvMAE: 2463.9311362644935
InvRMSE: 15434.319087557024
LogMAE: 28.927415326333815
LogSI: 45.28411558333998
Chamfer: 2.5776382713169554
F-Score: 14.404921949448124
IoU: 8.085405382494773
F-Score-20: 28.947632226251788
IoU-20: 18.013086646819307
Ratio-Edges: 0.11683799994833857
AbsRel-Edges: 31.080503857681176
SqRel-Edges: 24.965727672779483
RMSE-Edges: 10.798306442987101
LogRMSE-Edges: 45.946273601444716
$\delta < 1.05$-Edges: 0.13219240747500785
$\delta < 1.1$-Edges: 0.24832214904526176
$\delta < 1.25$-Edges: 0.5000448522389406
$\delta < 1.25^2$-Edges: 0.750072553066249
$\delta < 1.25^3$-Edges: 0.875709161935503
MAE-Edges: 6.948403754163217
InvMAE-Edges: 853.1758426797935
InvRMSE-Edges: 6286.263501384055
LogMAE-Edges: 32.913980966767454
LogSI-Edges: 44.71887226053388
Chamfer-Edges: 4.548765377370146
F-Score-Edges: 7.284118138891614
IoU-Edges: 4.243769041594922
F-Score-20-Edges: 15.098447800305934
IoU-20-Edges: 9.213037060941357
DirAcc-Edges: 67.24643951298042
Dir (-)-Edges: 4.77030186910593
Dir (+)-Edges: 27.983258617913656
EdgeAcc-Edges: 3.930629974264024
EdgeComp-Edges: 28.825255330326584
