Ratio: 0.12620806453757907
AbsRel: 23.143259468078615
SqRel: 14.752424849569797
RMSE: 8.037962701655925
LogRMSE: 34.54528529047966
$\delta < 1.05$: 0.17523327737786057
$\delta < 1.1$: 0.3309283682616184
$\delta < 1.25$: 0.6394675657974769
$\delta < 1.25^2$: 0.8559815875263336
$\delta < 1.25^3$: 0.9287396212192195
MAE: 4.526203739754855
InvMAE: 213.53293678581716
InvRMSE: 2554.2829839795827
LogMAE: 24.23405185222626
LogSI: 34.00886053909832
Chamfer: 2.5279727389656803
F-Score: 13.819519702792167
IoU: 7.625058852732182
F-Score-20: 27.490135836601258
IoU-20: 16.738445265293123
Ratio-Edges: 0.10669391420381402
AbsRel-Edges: 28.49811312317848
SqRel-Edges: 18.073369494006037
RMSE-Edges: 9.291148465238512
LogRMSE-Edges: 39.907148298025135
$\delta < 1.05$-Edges: 0.13782638965609867
$\delta < 1.1$-Edges: 0.2574709004179998
$\delta < 1.25$-Edges: 0.5256771396734528
$\delta < 1.25^2$-Edges: 0.7823688922269411
$\delta < 1.25^3$-Edges: 0.8943990670105885
MAE-Edges: 5.883255483787507
InvMAE-Edges: 106.17516489297151
InvRMSE-Edges: 1105.549155177474
LogMAE-Edges: 29.95642480611801
LogSI-Edges: 39.06892672125169
Chamfer-Edges: 3.923309690674407
F-Score-Edges: 7.4734486204385755
IoU-Edges: 4.1936671876721086
F-Score-20-Edges: 15.987355305552482
IoU-20-Edges: 9.406421486586332
DirAcc-Edges: 72.20054144396478
Dir (-)-Edges: 5.936391843971631
Dir (+)-Edges: 21.86306671206359
EdgeAcc-Edges: 3.729472597950697
EdgeComp-Edges: 37.122535552202855
