Ratio: 7.172071841609093
AbsRel: 31.58383599496657
SqRel: 40.505017530918124
RMSE: 9.513492688901962
LogRMSE: 37.21919952146469
$\delta < 1.05$: 0.1539162706593862
$\delta < 1.1$: 0.2921385190489772
$\delta < 1.25$: 0.5786733315035341
$\delta < 1.25^2$: 0.8151502894327647
$\delta < 1.25^3$: 0.9092984391832767
MAE: 5.573603222543193
InvMAE: 29.28305852151686
InvRMSE: 43.042942419975034
LogMAE: 27.691279630353375
LogSI: 35.899404265618415
Chamfer: 2.48555214646333
F-Score: 13.265366736112103
IoU: 7.352171232104301
F-Score-20: 26.716732264180337
IoU-20: 16.272631724342222
Ratio-Edges: 7.816697747255462
AbsRel-Edges: 40.32037536085041
SqRel-Edges: 63.86170743883046
RMSE-Edges: 11.851623063967898
LogRMSE-Edges: 45.08029081244874
$\delta < 1.05$-Edges: 0.12559393865696472
$\delta < 1.1$-Edges: 0.23300011824024522
$\delta < 1.25$-Edges: 0.4717416854184962
$\delta < 1.25^2$-Edges: 0.7311455619126361
$\delta < 1.25^3$-Edges: 0.863670155748372
MAE-Edges: 7.719837311173187
InvMAE-Edges: 29.40046418835135
InvRMSE-Edges: 43.899358582652475
LogMAE-Edges: 34.139313494613745
LogSI-Edges: 43.4491310543976
Chamfer-Edges: 4.104164932285397
F-Score-Edges: 7.375481049882041
IoU-Edges: 4.364987647611331
F-Score-20-Edges: 15.041907276281345
IoU-20-Edges: 9.26661359940479
DirAcc-Edges: 65.52939844066131
Dir (-)-Edges: 3.773655217617477
Dir (+)-Edges: 30.69694634172121
EdgeAcc-Edges: 3.7900246022891575
EdgeComp-Edges: 23.283671165782607
