Ratio: 1.925573486828804
AbsRel: 29.72069817619324
SqRel: 18.380677045059205
RMSE: 1.5662657809972762
LogRMSE: 41.28568858184814
$\delta < 1.05$: 0.1350305366305005
$\delta < 1.1$: 0.2571361287612364
$\delta < 1.25$: 0.5323682655547968
$\delta < 1.25^2$: 0.7833758211195289
$\delta < 1.25^3$: 0.8805292043623582
MAE: 0.952906394314766
InvMAE: 121.961646975708
InvRMSE: 156.66087349853515
LogMAE: 30.34209793319702
LogSI: 40.40980519444363
