Ratio: 0.31741158782940904
AbsRel: 24.606310094451903
SqRel: 13.327755512666702
RMSE: 1.5448878948926925
LogRMSE: 38.538935610580445
$\delta < 1.05$: 0.15535346882792833
$\delta < 1.1$: 0.29558864612879
$\delta < 1.25$: 0.6049399390801106
$\delta < 1.25^2$: 0.8341464759495714
$\delta < 1.25^3$: 0.8956626535178243
MAE: 0.8667820350468158
InvMAE: 151.6188285583496
InvRMSE: 670.9476955200196
LogMAE: 27.143446837234496
LogSI: 37.92530040003751
