Ratio: 7.358468027114868
AbsRel: 27.129965948104857
SqRel: 16.674504539489746
RMSE: 18.617186872959138
LogRMSE: 35.8366647529602
$\delta < 1.05$: 0.12710061730165553
$\delta < 1.1$: 0.24278922675611547
$\delta < 1.25$: 0.5116937627589228
$\delta < 1.25^2$: 0.8134891788113102
$\delta < 1.25^3$: 0.9358573998828711
MAE: 9.680877562999726
InvMAE: 14.779329496383667
InvRMSE: 21.844179264068604
LogMAE: 27.46378728675842
LogSI: 35.20062070361074
Chamfer: 3.260424154922821
F-Score: 4.442607362419367
IoU: 2.2958420435637237
F-Score-20: 13.69593978524208
IoU-20: 7.494457810342312
