Ratio: 0.20613409908087346
AbsRel: 25.114688235282898
SqRel: 20.907293322324755
RMSE: 33.719764111042025
LogRMSE: 180.5336825275421
$\delta < 1.05$: 0.18132594074999595
$\delta < 1.1$: 0.34675253879896184
$\delta < 1.25$: 0.6701794403956424
$\delta < 1.25^2$: 0.8465043999511701
$\delta < 1.25^3$: 0.9047780554950484
MAE: 13.832059106349945
InvMAE: 28335.998296832084
InvRMSE: 146904.03657829665
LogMAE: 54.934271790504454
LogSI: 176.71609716231015
Chamfer: 3.171478914924378
F-Score: 7.997127183437348
IoU: 4.204623931705951
F-Score-20: 23.966976509571076
IoU-20: 13.852504790782929
