Ratio: 8.978089210965708
AbsRel: 54.66334428915528
SqRel: 409.9470319774653
RMSE: 9.02690068221413
LogRMSE: 53.84633527422165
$\delta < 1.05$: 0.11183080811909588
$\delta < 1.1$: 0.21468192288257168
$\delta < 1.25$: 0.45328732616177636
$\delta < 1.25^2$: 0.7093880946791603
$\delta < 1.25^3$: 0.8318578887919809
MAE: 5.791231871586744
InvMAE: 46.769402021784416
InvRMSE: 99.65823876697387
LogMAE: 38.983987812504104
LogSI: 51.410319392157845
