Ratio: 0.09213982677083246
AbsRel: 19.85464457365183
SqRel: 9.650893598153042
RMSE: 1.112767284168647
LogRMSE: 27.599106509868914
$\delta < 1.05$: 0.2057177687732506
$\delta < 1.1$: 0.3747531824847153
$\delta < 1.25$: 0.6912883656395628
$\delta < 1.25^2$: 0.8942037492291951
$\delta < 1.25^3$: 0.9533009743434545
MAE: 0.7273823296106778
InvMAE: 113.25775991439819
InvRMSE: 363.5084168419471
LogMAE: 20.87073021375216
LogSI: 27.161568017891796
