Ratio: 0.13860991278962612
AbsRel: 39.88597648346905
SqRel: 102.50406709754414
RMSE: 9.597910694076342
LogRMSE: 55.16883089296486
$\delta < 1.05$: 0.1107650261005446
$\delta < 1.1$: 0.2094544739531335
$\delta < 1.25$: 0.43320121379616816
$\delta < 1.25^2$: 0.6848724677131471
$\delta < 1.25^3$: 0.8115481509408381
MAE: 6.033021179148969
InvMAE: 525.4228469561034
InvRMSE: 4836.372364100854
LogMAE: 40.90079620600816
LogSI: 51.871952021156304
