Ratio: 2.579984018435845
AbsRel: 43.86861878028283
SqRel: 50.586432982224686
RMSE: 2.064960432786208
LogRMSE: 50.129458354069634
$\delta < 1.05$: 0.09629847702510831
$\delta < 1.1$: 0.18552336287899057
$\delta < 1.25$: 0.4033264110750142
$\delta < 1.25^2$: 0.6718564227464204
$\delta < 1.25^3$: 0.8263882750389243
MAE: 1.40210470025356
InvMAE: 177.86461713350735
InvRMSE: 231.0910048382099
LogMAE: 39.3353834768442
LogSI: 48.96591199553041
