Ratio: 5.399999999999999
AbsRel: 5.86902898652213
SqRel: 1.5498535976239614
RMSE: 3.0183881595305033
LogRMSE: 8.959713709694999
$\delta < 1.05$: 0.63313261072889
$\delta < 1.1$: 0.8629045743786269
$\delta < 1.25$: 0.9740728930894543
$\delta < 1.25^2$: 0.9941742935970432
$\delta < 1.25^3$: 0.9977444352882442
MAE: 1.2456138764960425
InvMAE: 3.931502675328936
InvRMSE: 6.264484583990915
LogMAE: 5.488691858223507
LogSI: 7.96370139455246
Chamfer: 0.46156796596736627
F-Score: 57.31149790355138
IoU: 40.860849267414636
F-Score-20: 75.98589309147427
IoU-20: 61.988019804273335
