Ratio: 5.399999999999999
AbsRel: 8.485171695428392
SqRel: 2.5538279164148254
RMSE: 3.8703157966670814
LogRMSE: 12.340773111472101
$\delta < 1.05$: 0.5017112797927448
$\delta < 1.1$: 0.7354734806614707
$\delta < 1.25$: 0.9303015155268748
$\delta < 1.25^2$: 0.9867372101412114
$\delta < 1.25^3$: 0.996100216120412
MAE: 1.716156970275326
InvMAE: 6.104263568765546
InvRMSE: 9.283988857196153
LogMAE: 8.041666040025605
LogSI: 11.29098468028944
Chamfer: 0.6710600358542229
F-Score: 48.48475471157238
IoU: 33.05343052470611
F-Score-20: 66.96065369998018
IoU-20: 51.414796669059
