Ratio: 0.06215715179040639
AbsRel: 28.98270340967178
SqRel: 16.541633921355007
RMSE: 12.270568819999696
LogRMSE: 43.21283257055283
$\delta < 1.05$: 0.13058356592026185
$\delta < 1.1$: 0.24578477272910973
$\delta < 1.25$: 0.502117752930378
$\delta < 1.25^2$: 0.7669345139558473
$\delta < 1.25^3$: 0.8871350496593473
MAE: 8.269262596070767
InvMAE: 1562.2031220619083
InvRMSE: 4981.2640249788765
LogMAE: 32.63347283053398
LogSI: 40.99299938359286
Chamfer: 5.733489894415047
F-Score: 8.694558507837355
IoU: 4.758725841046311
F-Score-20: 16.528268105760215
IoU-20: 9.673412271937355
