Ratio: 20.422349318504335
AbsRel: 34.12952614212036
SqRel: 29.166058630466463
RMSE: 12.621288230478763
LogRMSE: 42.82281483459472
$\delta < 1.05$: 0.11569715481336515
$\delta < 1.1$: 0.22183837112641197
$\delta < 1.25$: 0.4724753109839352
$\delta < 1.25^2$: 0.7433866919950372
$\delta < 1.25^3$: 0.8713307625372032
MAE: 8.721327184200288
InvMAE: 21.807567751049994
InvRMSE: 29.06310509133339
LogMAE: 33.21074162006378
LogSI: 40.86481037099839
Chamfer: 4.373576575647018
F-Score: 9.735786713927984
IoU: 5.397192003756762
F-Score-20: 18.619332887530327
IoU-20: 11.008516676068306
