Ratio: 0.4170125641944136
AbsRel: 24.366915715943783
SqRel: 12.076075859162785
RMSE: 0.9393003758737982
LogRMSE: 30.806284619398436
$\delta < 1.05$: 0.14200923558681347
$\delta < 1.1$: 0.2703494091460075
$\delta < 1.25$: 0.564905443107165
$\delta < 1.25^2$: 0.8415752670969753
$\delta < 1.25^3$: 0.9492852310088872
MAE: 0.6867057906082099
InvMAE: 153.9166744273008
InvRMSE: 833.1995063921727
LogMAE: 24.789491980812237
LogSI: 30.33582478295323
