Ratio: 1.9348188955849464
AbsRel: 29.110274001363585
SqRel: 19.67129040056048
RMSE: 0.9951670365778313
LogRMSE: 34.129897690694264
$\delta < 1.05$: 0.13336494502181284
$\delta < 1.1$: 0.2550643117112461
$\delta < 1.25$: 0.5383692188810744
$\delta < 1.25^2$: 0.8185586249402634
$\delta < 1.25^3$: 0.9299256227989753
MAE: 0.7362621063167166
InvMAE: 118.57204268685904
InvRMSE: 160.90084691878852
LogMAE: 26.726145273319442
LogSI: 32.915012243952766
