Ratio: 5.2156245784183435
AbsRel: 49.96206209420017
SqRel: 103.60482531075843
RMSE: 7.015494184666558
LogRMSE: 63.62237853684494
$\delta < 1.05$: 0.10279155496444645
$\delta < 1.1$: 0.1996044683949173
$\delta < 1.25$: 0.4313519217797034
$\delta < 1.25^2$: 0.6764978090345651
$\delta < 1.25^3$: 0.7838069083434517
MAE: 3.9420479044603387
InvMAE: 240.7218245235927
InvRMSE: 329.67054594110647
LogMAE: 46.5057203206149
LogSI: 59.366113244403735
Chamfer: 3.045340873663284
F-Score: 32.43421760674869
IoU: 23.819636676613793
F-Score-20: 46.457170047258074
IoU-20: 36.52786729732198
