Ratio: 0.4970522814502324
AbsRel: 39.10945566373579
SqRel: 48.771716692065155
RMSE: 7.151912781571229
LogRMSE: 69.18842205088674
$\delta < 1.05$: 0.11757670451553681
$\delta < 1.1$: 0.21278865434823144
$\delta < 1.25$: 0.422511108837739
$\delta < 1.25^2$: 0.6636101013456612
$\delta < 1.25^3$: 0.7972816645157119
MAE: 3.8010466028094005
InvMAE: 3489.0996294384654
InvRMSE: 19582.83359172501
LogMAE: 47.28259412044543
LogSI: 66.06926964949034
Chamfer: 2.4899548332302497
F-Score: 31.264588501418242
IoU: 23.638875325211952
F-Score-20: 45.11108426778002
IoU-20: 35.54607029541097
