Ratio: 0.15416662287752703
AbsRel: 25.990853638802804
SqRel: 24.138779782499036
RMSE: 9.81488774245785
LogRMSE: 51.76047831966031
$\delta < 1.05$: 0.1699025065607585
$\delta < 1.1$: 0.3231368402737487
$\delta < 1.25$: 0.6160285588470094
$\delta < 1.25^2$: 0.8248581916447681
$\delta < 1.25^3$: 0.9098871875977568
MAE: 5.49030030331304
InvMAE: 3811.6846763936933
InvRMSE: 21909.44784071338
LogMAE: 30.0141840697873
LogSI: 50.40534051486501
Chamfer: 2.5221002503940393
F-Score: 14.552155469771355
IoU: 8.15371244951602
F-Score-20: 29.080228689101435
IoU-20: 18.033423488063196
Ratio-Edges: 0.12481268776981135
AbsRel-Edges: 31.12606506970973
SqRel-Edges: 25.556238965115515
RMSE-Edges: 10.775114454596846
LogRMSE-Edges: 45.768484523249604
$\delta < 1.05$-Edges: 0.13021843650143336
$\delta < 1.1$-Edges: 0.24771910176443845
$\delta < 1.25$-Edges: 0.4977398208613363
$\delta < 1.25^2$-Edges: 0.751243505259222
$\delta < 1.25^3$-Edges: 0.8773951787216571
MAE-Edges: 6.949105987882887
InvMAE-Edges: 746.6207041939879
InvRMSE-Edges: 6580.22061095752
LogMAE-Edges: 32.633604409024606
LogSI-Edges: 44.60597893889318
Chamfer-Edges: 4.542004475093747
F-Score-Edges: 7.411278129890074
IoU-Edges: 4.272084503723126
F-Score-20-Edges: 15.549843254977581
IoU-20-Edges: 9.560632111940508
DirAcc-Edges: 67.70102792204696
Dir (-)-Edges: 4.711342132129287
Dir (+)-Edges: 27.587629945823764
EdgeAcc-Edges: 4.06330283381622
EdgeComp-Edges: 42.8622559797006
