Ratio: 6.937257108092308
AbsRel: 27.351922968626024
SqRel: 21.77070579856634
RMSE: 8.040695233047009
LogRMSE: 35.00639762878418
$\delta < 1.05$: 0.1531046778405926
$\delta < 1.1$: 0.2923019037550457
$\delta < 1.25$: 0.5897761218914326
$\delta < 1.25^2$: 0.8290553047466608
$\delta < 1.25^3$: 0.9221186286015336
MAE: 4.69080637767911
InvMAE: 26.56400721728802
InvRMSE: 36.12321247756481
LogMAE: 26.03933220386505
LogSI: 34.009576794097235
Chamfer: 2.525516779423938
F-Score: 12.99804249227047
IoU: 7.127720215469599
F-Score-20: 25.869780105948447
IoU-20: 15.499141131043434
Ratio-Edges: 7.424916172623634
AbsRel-Edges: 33.387136954069135
SqRel-Edges: 32.434048976302144
RMSE-Edges: 9.532965408340097
LogRMSE-Edges: 41.22427339553833
$\delta < 1.05$-Edges: 0.12078649163109065
$\delta < 1.1$-Edges: 0.23187174417260362
$\delta < 1.25$-Edges: 0.4928757961895531
$\delta < 1.25^2$-Edges: 0.7672177146823637
$\delta < 1.25^3$-Edges: 0.8891714759365041
MAE-Edges: 6.196593133062124
InvMAE-Edges: 28.604153620004652
InvRMSE-Edges: 39.550410678982736
LogMAE-Edges: 31.320575646162034
LogSI-Edges: 40.13652584476287
Chamfer-Edges: 3.4686860051170907
F-Score-Edges: 7.65751384312287
IoU-Edges: 4.1583536802046
F-Score-20-Edges: 16.70742713689804
IoU-20-Edges: 9.70318122163415
DirAcc-Edges: 70.09036503837325
Dir (-)-Edges: 4.4386558013841775
Dir (+)-Edges: 25.470979160242575
EdgeAcc-Edges: 3.6785194078384627
EdgeComp-Edges: 38.32506319855948
