Ratio: 7.078599349144967
AbsRel: 30.924358771539502
SqRel: 36.49292467071164
RMSE: 9.416104384006992
LogRMSE: 36.978093867148125
$\delta < 1.05$: 0.15255172389456167
$\delta < 1.1$: 0.28954632358821397
$\delta < 1.25$: 0.579962757582936
$\delta < 1.25^2$: 0.8161866425799142
$\delta < 1.25^3$: 0.9106506940888995
MAE: 5.44626568298186
InvMAE: 30.27958241339653
InvRMSE: 44.33208734943021
LogMAE: 27.512841266509025
LogSI: 35.7176322492766
Chamfer: 2.684633460656642
F-Score: 12.948414965675724
IoU: 7.152654115115443
F-Score-20: 25.99390671791569
IoU-20: 15.698857025331067
Ratio-Edges: 7.712414129886752
AbsRel-Edges: 39.37439113317751
SqRel-Edges: 60.19552411464305
RMSE-Edges: 11.639904183870048
LogRMSE-Edges: 44.28497016445484
$\delta < 1.05$-Edges: 0.12497814171165292
$\delta < 1.1$-Edges: 0.2334258386613833
$\delta < 1.25$-Edges: 0.47858467025926327
$\delta < 1.25^2$-Edges: 0.7385155589012566
$\delta < 1.25^3$-Edges: 0.8690998789899058
MAE-Edges: 7.56861047557756
InvMAE-Edges: 29.286655609981686
InvRMSE-Edges: 43.86569174271004
LogMAE-Edges: 33.52004978329528
LogSI-Edges: 42.77996996040649
Chamfer-Edges: 4.320632389492959
F-Score-Edges: 7.547094892325744
IoU-Edges: 4.443672879283724
F-Score-20-Edges: 15.109690607178445
IoU-20-Edges: 9.17782170749178
DirAcc-Edges: 65.49719456083389
Dir (-)-Edges: 3.493950771798081
Dir (+)-Edges: 31.008854667368023
EdgeAcc-Edges: 3.8398425794225197
EdgeComp-Edges: 34.69679061470082
