Ratio: 0.1337604214103822
AbsRel: 23.47690855383873
SqRel: 15.014950869679451
RMSE: 8.059530850835145
LogRMSE: 35.37627316355705
$\delta < 1.05$: 0.17122508188499896
$\delta < 1.1$: 0.3247318288781145
$\delta < 1.25$: 0.6358641353489044
$\delta < 1.25^2$: 0.852206595508582
$\delta < 1.25^3$: 0.9292567314410249
MAE: 4.551321754679083
InvMAE: 275.60707654476164
InvRMSE: 3545.6396727222204
LogMAE: 24.43529262661934
LogSI: 34.84918098581357
Chamfer: 2.502625369931752
F-Score: 13.771577538251877
IoU: 7.570422601550818
F-Score-20: 27.388145560026167
IoU-20: 16.563691246509553
Ratio-Edges: 0.11477128464325384
AbsRel-Edges: 28.763527938127517
SqRel-Edges: 18.14302938774228
RMSE-Edges: 9.281655895002187
LogRMSE-Edges: 40.143199855089186
$\delta < 1.05$-Edges: 0.13201946165320827
$\delta < 1.1$-Edges: 0.25010508549440386
$\delta < 1.25$-Edges: 0.5179478111432917
$\delta < 1.25^2$-Edges: 0.7802085281315813
$\delta < 1.25^3$-Edges: 0.8940868795657966
MAE-Edges: 5.930323918610811
InvMAE-Edges: 136.70925665795804
InvRMSE-Edges: 1312.35927313447
LogMAE-Edges: 30.142474422454836
LogSI-Edges: 39.28948993325562
Chamfer-Edges: 3.936898319039717
F-Score-Edges: 7.581514404043555
IoU-Edges: 4.2168618518859144
F-Score-20-Edges: 16.065087167322634
IoU-20-Edges: 9.383094256818294
DirAcc-Edges: 72.32533962037894
Dir (-)-Edges: 6.303488603659164
Dir (+)-Edges: 21.3711717759619
EdgeAcc-Edges: 4.003442399191149
EdgeComp-Edges: 54.50875447840559
