Ratio: 0.3785894849276533
AbsRel: 23.444095686340333
SqRel: 12.803794323062897
RMSE: 1.502555298781395
LogRMSE: 36.95965856590271
$\delta < 1.05$: 0.16601287930976555
$\delta < 1.1$: 0.3156727138715701
$\delta < 1.25$: 0.6274038560234266
$\delta < 1.25^2$: 0.845459532788286
$\delta < 1.25^3$: 0.9012262701823985
MAE: 0.8308422983825207
InvMAE: 142.55376963500976
InvRMSE: 609.1735680114746
LogMAE: 25.759812994766236
LogSI: 36.4046699509711
