Ratio: 1.8612435114383699
AbsRel: 27.18369751319885
SqRel: 16.136927795410156
RMSE: 1.547562345814705
LogRMSE: 39.33935528640747
$\delta < 1.05$: 0.14661300503934066
$\delta < 1.1$: 0.28100452627295924
$\delta < 1.25$: 0.5792847982465567
$\delta < 1.25^2$: 0.8072807734998602
$\delta < 1.25^3$: 0.8866598190730755
MAE: 0.8971933310985565
InvMAE: 114.2930559249878
InvRMSE: 148.49985067749023
LogMAE: 28.25764504776001
LogSI: 38.29607638113658
