MAE: 1.3693490255304746
RMSE: 3.1551347597156254
InvMAE: 5.7347253159114295
InvRMSE: 8.392961619581495
LogMAE: 7.041381989206586
LogRMSE: 10.862250396864756
LogSI: 9.284053051776885
AbsRel: 7.659326855795724
SqRel: 3.0523623303643297
ChamferDist: 0.5503430542988437
F-Score: 50.091429067490225
IoU: 35.591902078072806
F-Score-20: 69.23713826654745
IoU-20: 55.42553992358435
