MAE: 1.8884179791424172
RMSE: 4.075364081908955
InvMAE: 7.118068936046647
InvRMSE: 10.244040555749203
LogMAE: 9.231050820072737
LogRMSE: 13.83773030971457
LogSI: 12.393044945088416
AbsRel: 9.590698876263906
SqRel: 2.9841894148134744
ChamferDist: 0.7528531706771968
F-Score: 45.26428527134739
IoU: 30.533464814776245
F-Score-20: 63.85599663611387
IoU-20: 48.41876129031273
