AbsRel: 0.11241537676202173
SqRel: 0.8675939028112584
RMSE: 4.840445118877433
LogRMSE: 0.19667464945802046
$\delta < 1.25$: 0.8679838631344615
$\delta < 1.25^2$: 0.9553993421590353
$\delta < 1.25^3$: 0.9801463274339327
ChamferDist: 0.8943289929260654
F-Score: 24.20912134121446
IoU: 13.960319461747256
F-Score-20: 50.74669349689566
IoU-20: 34.50247190971799
