Ratio: 7.483884395122528
AbsRel: 24.874141642570496
SqRel: 18.358652071475984
RMSE: 17.129208159923554
LogRMSE: 32.07893120765686
$\delta < 1.05$: 0.13566911509186605
$\delta < 1.1$: 0.26187903516571626
$\delta < 1.25$: 0.561287040931634
$\delta < 1.25^2$: 0.8557513581756477
$\delta < 1.25^3$: 0.9606413916388258
MAE: 8.688242067098617
InvMAE: 13.529183824539185
InvRMSE: 20.439996267318726
LogMAE: 24.46290228557587
LogSI: 31.550462968068434
Chamfer: 2.924338798315585
F-Score: 4.591742002338171
IoU: 2.3776478667110204
F-Score-20: 14.260256314516068
IoU-20: 7.794917724311352
