Ratio: 0.19892459913472543
AbsRel: 24.6154827709198
SqRel: 22.305947333812714
RMSE: 35.32689933538437
LogRMSE: 188.73098633956909
$\delta < 1.05$: 0.19073649559689676
$\delta < 1.1$: 0.35967153666976737
$\delta < 1.25$: 0.699328059967068
$\delta < 1.25^2$: 0.8649991267510598
$\delta < 1.25^3$: 0.91331430624605
MAE: 14.172808059930802
InvMAE: 30981.51111656332
InvRMSE: 155784.07389706897
LogMAE: 56.39524407672882
LogSI: 184.5405753625705
Chamfer: 3.294765656087036
F-Score: 8.88034499692917
IoU: 4.7106831699609755
F-Score-20: 25.06545036792755
IoU-20: 14.56531264591217
