Ratio: 0.15985412427128
AbsRel: 19.190726212721604
SqRel: 14.933822102546692
RMSE: 1.157028001317611
LogRMSE: 27.011460210360013
$\delta < 1.05$: 0.21208886617488237
$\delta < 1.1$: 0.3891370376495495
$\delta < 1.25$: 0.7115211859454658
$\delta < 1.25^2$: 0.9061969860028739
$\delta < 1.25^3$: 0.9617862859021429
MAE: 0.7013181225382364
InvMAE: 317.4278160564716
InvRMSE: 2025.4544546948946
LogMAE: 19.84846750332759
LogSI: 26.65189287183954
