Ratio: 0.12582093251143442
AbsRel: 38.91679714399603
SqRel: 104.2347282123138
RMSE: 9.588912254759014
LogRMSE: 55.57131697564916
$\delta < 1.05$: 0.11678467829296733
$\delta < 1.1$: 0.2214827064199026
$\delta < 1.25$: 0.45911038163814744
$\delta < 1.25^2$: 0.6981629609043627
$\delta < 1.25^3$: 0.8193566367316057
MAE: 5.971460915199844
InvMAE: 979.7170464997869
InvRMSE: 6354.492007146502
LogMAE: 40.05904794487718
LogSI: 52.326010747713454
