Ratio: 3.1123695456064664
AbsRel: 28.260710628216085
SqRel: 20.662504774607147
RMSE: 1.424451179779493
LogRMSE: 35.21899344811073
$\delta < 1.05$: 0.14175584767952934
$\delta < 1.1$: 0.26860007829259913
$\delta < 1.25$: 0.5476561743162454
$\delta < 1.25^2$: 0.8273171487454294
$\delta < 1.25^3$: 0.9288704507533709
MAE: 0.9839770184571927
InvMAE: 124.88140313955454
InvRMSE: 167.70999393463134
LogMAE: 27.161220846909742
LogSI: 34.01196072524444
