Ratio: 9.683931025956245
AbsRel: 55.5848587981254
SqRel: 454.4172263733475
RMSE: 9.387240498589827
LogRMSE: 53.681242887214694
$\delta < 1.05$: 0.11519882106480074
$\delta < 1.1$: 0.22074942614897475
$\delta < 1.25$: 0.4587302683447345
$\delta < 1.25^2$: 0.7070198088144144
$\delta < 1.25^3$: 0.8317101919934031
MAE: 5.982440533124812
InvMAE: 45.99658941367282
InvRMSE: 99.01827861589166
LogMAE: 38.74530689598733
LogSI: 50.87523072760761
