Ratio: 5.399999999999999
AbsRel: 8.023473486578538
SqRel: 2.098476010528993
RMSE: 3.611689210166595
LogRMSE: 11.963999071004201
$\delta < 1.05$: 0.524891341812615
$\delta < 1.1$: 0.7494320210522091
$\delta < 1.25$: 0.9285651281801612
$\delta < 1.25^2$: 0.9877313960633579
$\delta < 1.25^3$: 0.9967816258748173
MAE: 1.6189018794638248
InvMAE: 5.955204450462493
InvRMSE: 8.746249850542267
LogMAE: 7.789666215334933
LogSI: 10.925282055433751
Chamfer: 0.648413194391867
F-Score: 49.454288289270885
IoU: 34.062636590122814
F-Score-20: 67.00750803179537
IoU-20: 51.70415578937969
