Ratio: 5.399999999999999
AbsRel: 5.464318588972092
SqRel: 1.5730523011035153
RMSE: 2.5916968512535097
LogRMSE: 8.400703788825444
$\delta < 1.05$: 0.6722841061684279
$\delta < 1.1$: 0.8805906314685877
$\delta < 1.25$: 0.9720539248850092
$\delta < 1.25^2$: 0.9940537884888415
$\delta < 1.25^3$: 0.9980315360233117
MAE: 1.0429350852114814
InvMAE: 4.120019835403987
InvRMSE: 6.298837294067655
LogMAE: 5.163981906175613
LogSI: 7.448724657446912
Chamfer: 0.4291063983993842
F-Score: 57.41822494590921
IoU: 41.88896258890629
F-Score-20: 76.31856339803764
IoU-20: 63.18876472387995
