Ratio: 0.0542055367842206
AbsRel: 27.029609902143477
SqRel: 15.218432325124741
RMSE: 11.769773668110371
LogRMSE: 40.85862470817566
$\delta < 1.05$: 0.1464319999008689
$\delta < 1.1$: 0.27051769185522245
$\delta < 1.25$: 0.5370974545711801
$\delta < 1.25^2$: 0.7951824009666184
$\delta < 1.25^3$: 0.9023223124958885
MAE: 7.809645614087581
InvMAE: 1575.2151073010266
InvRMSE: 4704.1106996466515
LogMAE: 30.41963589501381
LogSI: 38.79763179934991
Chamfer: 5.544742557228287
F-Score: 8.422669406831265
IoU: 4.625007867082953
F-Score-20: 15.94372560619563
IoU-20: 9.351788465777412
