Ratio: 23.040623502016068
AbsRel: 33.62706243896484
SqRel: 28.740883891582488
RMSE: 12.479125279307365
LogRMSE: 41.6831948261261
$\delta < 1.05$: 0.11824052163151841
$\delta < 1.1$: 0.22586999293072746
$\delta < 1.25$: 0.48197550939378353
$\delta < 1.25^2$: 0.751422926880969
$\delta < 1.25^3$: 0.8785576776506184
MAE: 8.615168790459633
InvMAE: 21.270424498438835
InvRMSE: 28.859129910588265
LogMAE: 32.29520975399017
LogSI: 39.658845401094815
Chamfer: 4.2961331402944145
F-Score: 8.626893006503582
IoU: 4.7672337232008575
F-Score-20: 16.711708294510842
IoU-20: 9.823045108854771
