Ratio: 0.4479922242387562
AbsRel: 21.475539325574122
SqRel: 10.543260107209923
RMSE: 0.9131289412145038
LogRMSE: 27.389212803738562
$\delta < 1.05$: 0.16210524487393269
$\delta < 1.1$: 0.30851256237732205
$\delta < 1.25$: 0.6242299297825691
$\delta < 1.25^2$: 0.8853937270411458
$\delta < 1.25^3$: 0.9670274962722308
MAE: 0.6329199488784559
InvMAE: 179.84340591314006
InvRMSE: 988.9871179423201
LogMAE: 21.80717509018901
LogSI: 27.10190567464179
