Ratio: 1.9397259868613077
AbsRel: 25.621326373622324
SqRel: 13.371386109871237
RMSE: 0.9009243508043274
LogRMSE: 30.43653525197907
$\delta < 1.05$: 0.13984198257844724
$\delta < 1.1$: 0.26840230988376745
$\delta < 1.25$: 0.5677552124674653
$\delta < 1.25^2$: 0.854594193601979
$\delta < 1.25^3$: 0.9538164255666518
MAE: 0.6763762622069146
InvMAE: 108.42653449522246
InvRMSE: 144.05633911226138
LogMAE: 24.328604263632304
LogSI: 29.147875832160807
