Ratio: 0.35235820758605163
AbsRel: 39.771593393806064
SqRel: 52.67389616458811
RMSE: 7.36244068213128
LogRMSE: 70.73261890571084
$\delta < 1.05$: 0.11306601291426813
$\delta < 1.1$: 0.20777202843314882
$\delta < 1.25$: 0.41691914911434674
$\delta < 1.25^2$: 0.6612548939151632
$\delta < 1.25^3$: 0.7928656311832786
MAE: 3.9040697475405115
InvMAE: 4217.158611297415
InvRMSE: 20612.11421647702
LogMAE: 48.603003783545425
LogSI: 67.41992030905585
Chamfer: 3.005059649439168
F-Score: 28.764954583596385
IoU: 21.396382410924115
F-Score-20: 42.82330695633112
IoU-20: 33.507895199519595
