Ratio: 6.157009503758695
AbsRel: 53.38454257489391
SqRel: 127.04042866404423
RMSE: 7.103965046003675
LogRMSE: 65.97407909985364
$\delta < 1.05$: 0.09631330624688357
$\delta < 1.1$: 0.18212404425010636
$\delta < 1.25$: 0.38655003689164474
$\delta < 1.25^2$: 0.6362694832545154
$\delta < 1.25^3$: 0.7648611417275099
MAE: 3.991791287741878
InvMAE: 270.3624518856478
InvRMSE: 368.82392017874133
LogMAE: 49.11250276531329
LogSI: 61.73742697143053
Chamfer: 2.9549803046917913
F-Score: 30.230530500768474
IoU: 21.105227262573095
F-Score-20: 45.328626726318205
IoU-20: 35.22065346296609
