Ratio: 0.13480643506535578
AbsRel: 22.96385511636734
SqRel: 14.582818517535925
RMSE: 8.091627409532666
LogRMSE: 35.45966840147972
$\delta < 1.05$: 0.17375122060686884
$\delta < 1.1$: 0.3295501119264898
$\delta < 1.25$: 0.6410448961305487
$\delta < 1.25^2$: 0.857466564245517
$\delta < 1.25^3$: 0.9301609131314557
MAE: 4.5427511186525225
InvMAE: 317.91947897732257
InvRMSE: 3856.6069491797684
LogMAE: 24.208755252361296
LogSI: 34.895254804936904
Chamfer: 2.5636046341549674
F-Score: 13.468738880306482
IoU: 7.412527555450797
F-Score-20: 26.615542800426482
IoU-20: 16.11895263850689
Ratio-Edges: 0.11704688999362382
AbsRel-Edges: 28.65054448068142
SqRel-Edges: 18.473735605403782
RMSE-Edges: 9.411496177986264
LogRMSE-Edges: 40.21463213443756
$\delta < 1.05$-Edges: 0.1325168067507546
$\delta < 1.1$-Edges: 0.25184577489489907
$\delta < 1.25$-Edges: 0.5219932349497053
$\delta < 1.25^2$-Edges: 0.7827828424638613
$\delta < 1.25^3$-Edges: 0.8937558677265585
MAE-Edges: 5.956731168087572
InvMAE-Edges: 121.20940200299025
InvRMSE-Edges: 1366.5932712042331
LogMAE-Edges: 30.037558099627496
LogSI-Edges: 39.36434204683435
Chamfer-Edges: 4.003338844121004
F-Score-Edges: 6.9933939196169375
IoU-Edges: 3.8981926935911178
F-Score-20-Edges: 14.953740762472153
IoU-20-Edges: 8.81872817531228
DirAcc-Edges: 72.95561754805222
Dir (-)-Edges: 5.967857586425464
Dir (+)-Edges: 21.07652486552232
EdgeAcc-Edges: 4.053329211451057
EdgeComp-Edges: 54.09401889307108
