Ratio: 0.15582476361410336
AbsRel: 24.930119034551804
SqRel: 22.747154010265103
RMSE: 9.469017822338689
LogRMSE: 45.36371266395815
$\delta < 1.05$: 0.17817002911110738
$\delta < 1.1$: 0.3355370167995386
$\delta < 1.25$: 0.6325675745673743
$\delta < 1.25^2$: 0.8375976009095502
$\delta < 1.25^3$: 0.913733025589351
MAE: 5.297722632683093
InvMAE: 2098.1907059814084
InvRMSE: 14979.241721823293
LogMAE: 27.56170707887219
LogSI: 44.33390672245568
Chamfer: 2.565371952314621
F-Score: 14.784184254446338
IoU: 8.304464526445635
F-Score-20: 29.61319590014796
IoU-20: 18.501197795252647
Ratio-Edges: 0.12851970474324523
AbsRel-Edges: 30.576574111452288
SqRel-Edges: 25.2407344334071
RMSE-Edges: 10.64159268497739
LogRMSE-Edges: 44.957108043221865
$\delta < 1.05$-Edges: 0.13258136841982943
$\delta < 1.1$-Edges: 0.2502386751402248
$\delta < 1.25$-Edges: 0.5050597151767725
$\delta < 1.25^2$-Edges: 0.7587568560215034
$\delta < 1.25^3$-Edges: 0.8821449971621205
MAE-Edges: 6.8397101243337
InvMAE-Edges: 651.7043417160808
InvRMSE-Edges: 5947.53931832407
LogMAE-Edges: 32.11381989990185
LogSI-Edges: 43.80357488127944
Chamfer-Edges: 4.55754214186306
F-Score-Edges: 7.320052047789681
IoU-Edges: 4.2698199544053255
F-Score-20-Edges: 15.203533673919495
IoU-20-Edges: 9.370000143977357
DirAcc-Edges: 68.31804147293617
Dir (-)-Edges: 4.557922756818719
Dir (+)-Edges: 27.124035770245104
EdgeAcc-Edges: 4.088021283821416
EdgeComp-Edges: 40.363867617644935
