Ratio: 6.6386900141835214
AbsRel: 26.89423404455185
SqRel: 23.111332308202982
RMSE: 8.044799092151225
LogRMSE: 34.838205025196075
$\delta < 1.05$: 0.15372606754387447
$\delta < 1.1$: 0.29172544330494893
$\delta < 1.25$: 0.5904731713996884
$\delta < 1.25^2$: 0.83818072837671
$\delta < 1.25^3$: 0.9278338008358864
MAE: 4.6710920570418235
InvMAE: 26.06101041793823
InvRMSE: 35.45835350036621
LogMAE: 25.764717918634414
LogSI: 33.80746520148601
Chamfer: 2.4424207657669395
F-Score: 12.672431537806988
IoU: 6.950818855315447
F-Score-20: 25.21351630985737
IoU-20: 15.139353119134903
Ratio-Edges: 7.226685962677002
AbsRel-Edges: 34.2433370923996
SqRel-Edges: 36.54835114277899
RMSE-Edges: 9.582672840319574
LogRMSE-Edges: 42.01489897489548
$\delta < 1.05$-Edges: 0.12413396867328949
$\delta < 1.1$-Edges: 0.23412487751999733
$\delta < 1.25$-Edges: 0.4901510689816474
$\delta < 1.25^2$-Edges: 0.763342056144665
$\delta < 1.25^3$-Edges: 0.8849418053893576
MAE-Edges: 6.192623921968043
InvMAE-Edges: 29.38478631436825
InvRMSE-Edges: 40.60477999001741
LogMAE-Edges: 31.778822274208068
LogSI-Edges: 40.77737015029862
Chamfer-Edges: 3.4229256415337805
F-Score-Edges: 7.341798945069313
IoU-Edges: 4.1132593647390605
F-Score-20-Edges: 15.638949676752091
IoU-20-Edges: 9.181631042957306
DirAcc-Edges: 70.20545855175249
Dir (-)-Edges: 4.1467236055435635
Dir (+)-Edges: 25.647817842703944
EdgeAcc-Edges: 3.793282357085748
EdgeComp-Edges: 39.259131753065546
