Ratio: 6.801845223365292
AbsRel: 29.763079723850375
SqRel: 38.822932507991794
RMSE: 9.304849546532477
LogRMSE: 36.01772687358241
$\delta < 1.05$: 0.16184020547529074
$\delta < 1.1$: 0.3051647404684608
$\delta < 1.25$: 0.5963032986684004
$\delta < 1.25^2$: 0.8304578884473162
$\delta < 1.25^3$: 0.9183588774235373
MAE: 5.360365122691277
InvMAE: 28.272267055203837
InvRMSE: 41.63073214131017
LogMAE: 26.55734878970731
LogSI: 34.819633461659485
Chamfer: 2.5426460472265786
F-Score: 13.412152005395582
IoU: 7.405316981615559
F-Score-20: 26.987604034639173
IoU-20: 16.395335775806057
Ratio-Edges: 7.45101698473388
AbsRel-Edges: 39.32160442078035
SqRel-Edges: 68.18635669557098
RMSE-Edges: 11.678186190410766
LogRMSE-Edges: 43.99785743601182
$\delta < 1.05$-Edges: 0.12947630117040435
$\delta < 1.1$-Edges: 0.24125492119380407
$\delta < 1.25$-Edges: 0.4846597317928231
$\delta < 1.25^2$-Edges: 0.7458886819379803
$\delta < 1.25^3$-Edges: 0.87348437104465
MAE-Edges: 7.541287029110918
InvMAE-Edges: 28.705323632869845
InvRMSE-Edges: 42.98405783472497
LogMAE-Edges: 33.152835126016654
LogSI-Edges: 42.52143610135764
Chamfer-Edges: 4.223788455868786
F-Score-Edges: 7.362443842373643
IoU-Edges: 4.365917513680224
F-Score-20-Edges: 14.892886367420745
IoU-20-Edges: 9.097970452865743
DirAcc-Edges: 66.24643665782801
Dir (-)-Edges: 3.365881510951133
Dir (+)-Edges: 30.387681831220856
EdgeAcc-Edges: 3.9992374579747123
EdgeComp-Edges: 35.469848855802674
