Ratio: 1.9957093499422074
AbsRel: 27.402144984054566
SqRel: 14.412900398349763
RMSE: 1.4779762906908989
LogRMSE: 38.800562726211545
$\delta < 1.05$: 0.13648572410860943
$\delta < 1.1$: 0.26162941722806227
$\delta < 1.25$: 0.5455374863987333
$\delta < 1.25^2$: 0.8090820281731959
$\delta < 1.25^3$: 0.8971389049787566
MAE: 0.9028456798434258
InvMAE: 115.77706414642334
InvRMSE: 148.45172162780761
LogMAE: 28.712264042663573
LogSI: 37.79959733400502
