Ratio: 0.3377138550964418
AbsRel: 23.079955561637878
SqRel: 12.682272112607956
RMSE: 1.4826129770636558
LogRMSE: 36.39429067115784
$\delta < 1.05$: 0.16450003015972867
$\delta < 1.1$: 0.3150981634662269
$\delta < 1.25$: 0.6289780921931016
$\delta < 1.25^2$: 0.8504667629448067
$\delta < 1.25^3$: 0.9047962899130951
MAE: 0.8260784543991089
InvMAE: 124.33853706817627
InvRMSE: 483.7459073638916
LogMAE: 25.50826081199646
LogSI: 35.86832098742827
