Ratio: 7.289574197292328
AbsRel: 23.66213973045349
SqRel: 16.987043217420577
RMSE: 16.85426880121231
LogRMSE: 31.203576511383055
$\delta < 1.05$: 0.16827122455845664
$\delta < 1.1$: 0.3163210569996998
$\delta < 1.25$: 0.6086038046797928
$\delta < 1.25^2$: 0.8540154103362569
$\delta < 1.25^3$: 0.9596679524613071
MAE: 8.311032183647155
InvMAE: 12.967235593795776
InvRMSE: 20.84156633090973
LogMAE: 23.10497824573517
LogSI: 30.578039199915953
Chamfer: 2.8013755885489027
F-Score: 6.3229658896625045
IoU: 3.3152804995030163
F-Score-20: 18.82835135293007
IoU-20: 10.66363316243887
