Ratio: 0.18868831014858647
AbsRel: 26.873498373985292
SqRel: 24.096881001234056
RMSE: 32.95223856830597
LogRMSE: 150.82975478553772
$\delta < 1.05$: 0.16441309330592227
$\delta < 1.1$: 0.3160582536979836
$\delta < 1.25$: 0.641331255258642
$\delta < 1.25^2$: 0.8468408398719278
$\delta < 1.25^3$: 0.9129429554913533
MAE: 14.104525278806687
InvMAE: 22429.910805766584
InvRMSE: 118925.08985631276
LogMAE: 49.05042187690735
LogSI: 148.11702584230486
Chamfer: 3.536977022239751
F-Score: 7.48859442126751
IoU: 3.9501165027022362
F-Score-20: 22.779166613578795
IoU-20: 13.096100350618363
