Ratio: 9.418618684659624
AbsRel: 59.53726885885401
SqRel: 513.2714409849569
RMSE: 9.931395552618087
LogRMSE: 54.46195185451764
$\delta < 1.05$: 0.10604078006893643
$\delta < 1.1$: 0.20394581063230033
$\delta < 1.25$: 0.4352956335682506
$\delta < 1.25^2$: 0.6981502765087031
$\delta < 1.25^3$: 0.8280750422188632
MAE: 6.347983226246898
InvMAE: 46.201634392075476
InvRMSE: 99.279948324366
LogMAE: 39.77894148163731
LogSI: 51.95536581837247
