Ratio: 0.1160520601830661
AbsRel: 19.49334078495319
SqRel: 16.746316843216235
RMSE: 1.138618125113157
LogRMSE: 27.045919053004337
$\delta < 1.05$: 0.2094856460593261
$\delta < 1.1$: 0.3819769070998136
$\delta < 1.25$: 0.7030647203874827
$\delta < 1.25^2$: 0.9006256607990308
$\delta < 1.25^3$: 0.9574031472298558
MAE: 0.7194610433624341
InvMAE: 165.00020669937135
InvRMSE: 669.4802378331698
LogMAE: 20.312084669700035
LogSI: 26.667411013817702
