Ratio: 2.579830763706794
AbsRel: 44.43587160844069
SqRel: 57.50479343487666
RMSE: 2.0811606355355337
LogRMSE: 48.975341705909145
$\delta < 1.05$: 0.10041479528176422
$\delta < 1.1$: 0.1947713282685504
$\delta < 1.25$: 0.4252876237603179
$\delta < 1.25^2$: 0.6904146756882645
$\delta < 1.25^3$: 0.8307866625037017
MAE: 1.3892767115510427
InvMAE: 169.61912371415357
InvRMSE: 218.88870411212628
LogMAE: 38.31069259056678
LogSI: 47.49723174650176
