Ratio: 0.1285476116419359
AbsRel: 39.928828823192234
SqRel: 105.06556830919376
RMSE: 9.828854455808887
LogRMSE: 57.43417215988775
$\delta < 1.05$: 0.11361549318480975
$\delta < 1.1$: 0.21534710059706932
$\delta < 1.25$: 0.4449124553163205
$\delta < 1.25^2$: 0.688884348608439
$\delta < 1.25^3$: 0.8157512083826752
MAE: 6.087299181741449
InvMAE: 1065.5559760246576
InvRMSE: 8040.2596991906785
LogMAE: 41.00505796355517
LogSI: 54.15573607526622
