Ratio: 5.399999999999999
AbsRel: 6.760465887955257
SqRel: 1.7862012690731457
RMSE: 2.769804041811398
LogRMSE: 9.591166796003069
$\delta < 1.05$: 0.5315178216490261
$\delta < 1.1$: 0.8250101320235272
$\delta < 1.25$: 0.9722959298571359
$\delta < 1.25^2$: 0.9938294778089486
$\delta < 1.25^3$: 0.9976624568214462
MAE: 1.2534350700463568
InvMAE: 4.967112238236836
InvRMSE: 7.583032085895538
LogMAE: 6.326434819698334
LogSI: 8.361731630529498
Chamfer: 0.48291004758010414
F-Score: 49.82544574737549
IoU: 33.963013334274294
F-Score-20: 71.96442733764648
IoU-20: 57.01351154054914
