Ratio: 5.399999999999999
AbsRel: 9.528588556073194
SqRel: 3.0173795782258175
RMSE: 4.01700688322629
LogRMSE: 13.199052737534412
$\delta < 1.05$: 0.4467110504268217
$\delta < 1.1$: 0.7000691177313376
$\delta < 1.25$: 0.9172756793680333
$\delta < 1.25^2$: 0.9849824348248722
$\delta < 1.25^3$: 0.995722055446392
MAE: 1.8600226435010419
InvMAE: 6.729416725825678
InvRMSE: 9.849404002625517
LogMAE: 8.882996005514649
LogSI: 11.845843819557215
Chamfer: 0.7161989530489521
F-Score: 44.79592364880205
IoU: 29.766023205284693
F-Score-20: 64.6951585123144
IoU-20: 48.758914501389114
