Ratio: 19.623895073771475
AbsRel: 41.367392930030825
SqRel: 51.94743186533451
RMSE: 14.295362102031708
LogRMSE: 46.8622830286026
$\delta < 1.05$: 0.10608403756362456
$\delta < 1.1$: 0.20341593028984273
$\delta < 1.25$: 0.43705229071098517
$\delta < 1.25^2$: 0.7023510407295755
$\delta < 1.25^3$: 0.8425588678958559
MAE: 9.901644034385681
InvMAE: 23.06777982866764
InvRMSE: 30.606998977065086
LogMAE: 36.37209562110901
LogSI: 45.14955404547152
Chamfer: 4.390198154549656
F-Score: 7.708404152005911
IoU: 4.2289738586694
F-Score-20: 15.050378425478936
IoU-20: 8.72995691820979
