Ratio: 0.053459146197580125
AbsRel: 29.906513644218446
SqRel: 18.517603059232236
RMSE: 12.389636129021644
LogRMSE: 42.765621297359466
$\delta < 1.05$: 0.12784569703276505
$\delta < 1.1$: 0.23967960392998985
$\delta < 1.25$: 0.48979128211125006
$\delta < 1.25^2$: 0.755617738889739
$\delta < 1.25^3$: 0.8824564943831963
MAE: 8.401132208108901
InvMAE: 552.9409390602708
InvRMSE: 3487.462172418058
LogMAE: 32.457390686750415
LogSI: 41.67456289083981
Chamfer: 6.224080492549117
F-Score: 6.775473571149632
IoU: 3.7138073700480163
F-Score-20: 13.000331707927398
IoU-20: 7.518373839125968
