Ratio: 1.8712072778914681
AbsRel: 32.30889686969442
SqRel: 28.17118288034328
RMSE: 1.2421796237109999
LogRMSE: 35.839814800005804
$\delta < 1.05$: 0.12918697198481408
$\delta < 1.1$: 0.24742920443148186
$\delta < 1.25$: 0.5279581156664759
$\delta < 1.25^2$: 0.8101681444425987
$\delta < 1.25^3$: 0.9224750259969603
MAE: 0.8302521877879396
InvMAE: 117.5359671181495
InvRMSE: 155.75436646931033
LogMAE: 27.676825785855634
LogSI: 33.975182356021634
