Ratio: 0.42824194696505075
AbsRel: 23.017474696541417
SqRel: 15.621831176204418
RMSE: 1.0492181373298715
LogRMSE: 29.547524067969132
$\delta < 1.05$: 0.1571554518240944
$\delta < 1.1$: 0.2983683766718558
$\delta < 1.25$: 0.6049089003952358
$\delta < 1.25^2$: 0.8670781570154875
$\delta < 1.25^3$: 0.9599342807610186
MAE: 0.6698250743796884
InvMAE: 369.63629481989307
InvRMSE: 2478.4988239241666
LogMAE: 23.081268107854626
LogSI: 29.220049952711072
