Ratio: 5.049344368870749
AbsRel: 60.82340143844842
SqRel: 167.2120487632738
RMSE: 7.138536867171384
LogRMSE: 67.0802059499841
$\delta < 1.05$: 0.08874293063964915
$\delta < 1.1$: 0.16862194470524033
$\delta < 1.25$: 0.3621568822790084
$\delta < 1.25^2$: 0.6079765591991049
$\delta < 1.25^3$: 0.7473898947115889
MAE: 4.057489137116232
InvMAE: 275.6431514313347
InvRMSE: 363.95635842775044
LogMAE: 50.449222425981
LogSI: 62.89643448274992
Chamfer: 2.5473789245754435
F-Score: 28.089856174873393
IoU: 19.24988253197174
F-Score-20: 43.616013918852694
IoU-20: 33.1700239180663
