Ratio: 0.38688277369684493
AbsRel: 40.700075795890044
SqRel: 63.051373222536235
RMSE: 7.418915113318337
LogRMSE: 69.70329774007843
$\delta < 1.05$: 0.11914114916188699
$\delta < 1.1$: 0.22257690254738818
$\delta < 1.25$: 0.4323137266334916
$\delta < 1.25^2$: 0.6430973398283584
$\delta < 1.25^3$: 0.7764443818064509
MAE: 3.964411318319979
InvMAE: 3683.287535803284
InvRMSE: 20886.68718518472
LogMAE: 48.1379906230566
LogSI: 66.55652663547295
Chamfer: 2.7264684099165453
F-Score: 30.986822644268212
IoU: 23.573673232741047
F-Score-20: 44.421331171113906
IoU-20: 35.115618076834956
