Ratio: 0.1371218595450191
AbsRel: 22.967324594259264
SqRel: 14.624353187009692
RMSE: 7.880742859095335
LogRMSE: 33.57847664356232
$\delta < 1.05$: 0.17565123134929186
$\delta < 1.1$: 0.3348465802231104
$\delta < 1.25$: 0.6431851804616653
$\delta < 1.25^2$: 0.8591755779788136
$\delta < 1.25^3$: 0.9322022036573111
MAE: 4.459794465303421
InvMAE: 166.12061858713628
InvRMSE: 2274.994567908049
LogMAE: 23.7552057993412
LogSI: 33.0700905826445
Chamfer: 2.4815636713897216
F-Score: 13.565872834324837
IoU: 7.4607241854071615
F-Score-20: 27.033622938394547
IoU-20: 16.439349074959754
Ratio-Edges: 0.12262999509550196
AbsRel-Edges: 28.33176164329052
SqRel-Edges: 19.017818750403823
RMSE-Edges: 9.193759287744761
LogRMSE-Edges: 39.409309039115904
$\delta < 1.05$-Edges: 0.13916814288494567
$\delta < 1.1$-Edges: 0.26061610163459237
$\delta < 1.25$-Edges: 0.5320008571594289
$\delta < 1.25^2$-Edges: 0.7877799304545422
$\delta < 1.25^3$-Edges: 0.8984992238572187
MAE-Edges: 5.816483318526298
InvMAE-Edges: 140.06339964359998
InvRMSE-Edges: 1439.8330937176943
LogMAE-Edges: 29.394970823526382
LogSI-Edges: 38.60452781408594
Chamfer-Edges: 3.8142419847960336
F-Score-Edges: 7.473387284949422
IoU-Edges: 4.211800335329026
F-Score-20-Edges: 15.726773775219918
IoU-20-Edges: 9.23530548028648
DirAcc-Edges: 72.15838547555418
Dir (-)-Edges: 5.757650023983279
Dir (+)-Edges: 22.083964500462535
EdgeAcc-Edges: 4.154086492362516
EdgeComp-Edges: 76.88302793496494
