Ratio: 0.15525727652230542
AbsRel: 25.81340551068706
SqRel: 23.613090558705792
RMSE: 9.478136340571988
LogRMSE: 44.30550031415878
$\delta < 1.05$: 0.16916600259936365
$\delta < 1.1$: 0.3226836240940919
$\delta < 1.25$: 0.6156550429442237
$\delta < 1.25^2$: 0.8283725013219995
$\delta < 1.25^3$: 0.9120162333071506
MAE: 5.363115954283745
InvMAE: 2142.587273646324
InvRMSE: 13280.107982896989
LogMAE: 28.168227971599947
LogSI: 43.28521726955683
Chamfer: 2.558862370169653
F-Score: 14.486757173749709
IoU: 8.11277319768744
F-Score-20: 28.98294534637082
IoU-20: 18.064272823949015
Ratio-Edges: 0.15461445912794874
AbsRel-Edges: 30.66675162525738
SqRel-Edges: 25.456610970967297
RMSE-Edges: 10.553516213433342
LogRMSE-Edges: 43.72387111747966
$\delta < 1.05$-Edges: 0.1332323602423879
$\delta < 1.1$-Edges: 0.2517618829288984
$\delta < 1.25$-Edges: 0.5058033495459104
$\delta < 1.25^2$-Edges: 0.7596591117655742
$\delta < 1.25^3$-Edges: 0.8831424614143686
MAE-Edges: 6.807981540809927
InvMAE-Edges: 559.4813876501096
InvRMSE-Edges: 4904.866138707189
LogMAE-Edges: 31.77772436412721
LogSI-Edges: 42.62774857996555
Chamfer-Edges: 4.334710048820293
F-Score-Edges: 7.433168815339313
IoU-Edges: 4.321511398392175
F-Score-20-Edges: 15.479670479757333
IoU-20-Edges: 9.466644090141346
DirAcc-Edges: 67.42357008928902
Dir (-)-Edges: 4.875689463323161
Dir (+)-Edges: 27.700740447387826
EdgeAcc-Edges: 4.043462818990817
EdgeComp-Edges: 51.027741298052554
