Ratio: 6.2379966008663175
AbsRel: 28.310471568107605
SqRel: 26.29632785588503
RMSE: 8.480096129179001
LogRMSE: 35.42663461208343
$\delta < 1.05$: 0.15546496878583008
$\delta < 1.1$: 0.2932768090411559
$\delta < 1.25$: 0.5817008461683152
$\delta < 1.25^2$: 0.8307325009223099
$\delta < 1.25^3$: 0.9240433346609735
MAE: 4.8930340348184105
InvMAE: 26.09041906237602
InvRMSE: 35.30197729885578
LogMAE: 26.186959519386292
LogSI: 34.36592284436368
Chamfer: 2.3071295666333667
F-Score: 13.257284451127052
IoU: 7.300561555922031
F-Score-20: 26.10338103055954
IoU-20: 15.755883251428605
Ratio-Edges: 6.647648474574089
AbsRel-Edges: 34.89474490761757
SqRel-Edges: 39.338923342227936
RMSE-Edges: 10.080521797388792
LogRMSE-Edges: 41.71345329165459
$\delta < 1.05$-Edges: 0.12434273633495241
$\delta < 1.1$-Edges: 0.23701259216888096
$\delta < 1.25$-Edges: 0.49111905528288635
$\delta < 1.25^2$-Edges: 0.764831995375966
$\delta < 1.25^3$-Edges: 0.888872262526761
MAE-Edges: 6.427619712091983
InvMAE-Edges: 28.412997873425482
InvRMSE-Edges: 39.249032379984854
LogMAE-Edges: 31.51233920574188
LogSI-Edges: 40.64355417606697
Chamfer-Edges: 3.2790781138630574
F-Score-Edges: 7.343724496811628
IoU-Edges: 4.030259988233447
F-Score-20-Edges: 16.051175121665
IoU-20-Edges: 9.375123482793569
DirAcc-Edges: 70.09003740963442
Dir (-)-Edges: 4.5572086887998084
Dir (+)-Edges: 25.352753901565766
EdgeAcc-Edges: 3.7572101785296206
EdgeComp-Edges: 51.96391266627039
