Ratio: 6.38226494058486
AbsRel: 32.94915422685685
SqRel: 47.194075082117514
RMSE: 10.122897893421111
LogRMSE: 37.8470079188193
$\delta < 1.05$: 0.15025933517775136
$\delta < 1.1$: 0.2852180812566607
$\delta < 1.25$: 0.5653020630801727
$\delta < 1.25^2$: 0.8111382348597225
$\delta < 1.25^3$: 0.9087413157645928
MAE: 5.817976748654919
InvMAE: 30.337480203874648
InvRMSE: 43.98668760853429
LogMAE: 28.092872320605863
LogSI: 36.42362300703103
Chamfer: 2.4951595880303876
F-Score: 13.285499749029837
IoU: 7.347330096344794
F-Score-20: 26.61410619028153
IoU-20: 16.15671047841349
Ratio-Edges: 6.850780632449132
AbsRel-Edges: 41.32077374240152
SqRel-Edges: 71.03386131509457
RMSE-Edges: 12.478428740994213
LogRMSE-Edges: 45.057755485235475
$\delta < 1.05$-Edges: 0.12250253284123241
$\delta < 1.1$-Edges: 0.23047328896009972
$\delta < 1.25$-Edges: 0.47028609330167903
$\delta < 1.25^2$-Edges: 0.7327044780593709
$\delta < 1.25^3$-Edges: 0.8671200125827082
MAE-Edges: 8.033794462505508
InvMAE-Edges: 28.961443919216105
InvRMSE-Edges: 43.22250231481066
LogMAE-Edges: 34.081785362842034
LogSI-Edges: 43.37336737585535
Chamfer-Edges: 4.214128413362176
F-Score-Edges: 7.329172444421482
IoU-Edges: 4.323348200701031
F-Score-20-Edges: 15.089691976472443
IoU-20-Edges: 9.174098138988407
DirAcc-Edges: 65.87975503240206
Dir (-)-Edges: 4.0268243808070165
Dir (+)-Edges: 30.09342058679092
EdgeAcc-Edges: 3.913196101134089
EdgeComp-Edges: 40.363186457854304
