Ratio: 0.3279462230681451
AbsRel: 24.442599737930298
SqRel: 13.590530031967162
RMSE: 1.5627829510509967
LogRMSE: 38.68020594215393
$\delta < 1.05$: 0.15731977727194757
$\delta < 1.1$: 0.29991188929812485
$\delta < 1.25$: 0.6066786067257529
$\delta < 1.25^2$: 0.8383666608350734
$\delta < 1.25^3$: 0.8949106932902651
MAE: 0.8709729444861412
InvMAE: 148.95582817840577
InvRMSE: 641.2925064483643
LogMAE: 27.119208225631713
LogSI: 38.0906002616592
