Ratio: 1.7060586524009704
AbsRel: 35.211469051742554
SqRel: 27.692921967315673
RMSE: 1.74690886708498
LogRMSE: 44.519697341156004
$\delta < 1.05$: 0.1152694520993656
$\delta < 1.1$: 0.2217477117808508
$\delta < 1.25$: 0.47351235771342326
$\delta < 1.25^2$: 0.7408169619349927
$\delta < 1.25^3$: 0.8619203716234497
MAE: 1.09764459284544
InvMAE: 129.35324238891602
InvRMSE: 161.40729345092774
LogMAE: 33.5523337474823
LogSI: 43.686277099989496
