MAE: 1.1066626849983419
RMSE: 2.6924070782746585
InvMAE: 4.343996691533498
InvRMSE: 6.609577991962433
LogMAE: 5.477630672625133
LogRMSE: 8.791288511753082
LogSI: 7.73380484669491
AbsRel: 5.827412804705756
SqRel: 1.811124853364059
ChamferDist: 0.4573919951915741
F-Score: 55.422087697400045
IoU: 39.94387801798593
F-Score-20: 74.52842670889571
IoU-20: 60.97244848210631
