AbsRel: 0.10127781761791477
SqRel: 0.7722465524308308
RMSE: 4.5538574125366535
LogRMSE: 0.1880159048868645
$\delta < 1.25$: 0.8861177495646745
$\delta < 1.25^2$: 0.9608382675728258
$\delta < 1.25^3$: 0.9807762987746679
ChamferDist: 0.8212971322591198
F-Score: 26.788971765824677
IoU: 15.644749817410364
F-Score-20: 53.67820393303717
IoU-20: 37.13713098359074
