MAE: 1.661914779410406
RMSE: 3.6800701209555373
InvMAE: 6.091471608613897
InvRMSE: 9.04906548641942
LogMAE: 7.9890742638359775
LogRMSE: 12.343640992246522
LogSI: 11.249816433849286
AbsRel: 8.259054334251427
SqRel: 2.2617519839089706
ChamferDist: 0.6776967140520277
F-Score: 49.27189277913536
IoU: 33.896605177308246
F-Score-20: 66.47270189737615
IoU-20: 51.11720481734334
