MAE: 1.6220161488816782
RMSE: 3.6062140568999426
InvMAE: 5.9123854827295785
InvRMSE: 8.861627900892971
LogMAE: 7.779043518326765
LogRMSE: 12.146142538339813
LogSI: 11.225374745491806
AbsRel: 7.93881129267757
SqRel: 2.0572852964964383
ChamferDist: 0.662916805023796
F-Score: 49.649219004288774
IoU: 34.165016404690185
F-Score-20: 67.20634076346649
IoU-20: 51.791753136307186
