AbsRel: 0.09933901223296586
SqRel: 0.7438871040512705
RMSE: 4.501158767143315
LogRMSE: 0.18762378483861045
$\delta < 1.25$: 0.8889722986546525
$\delta < 1.25^2$: 0.960920982151726
$\delta < 1.25^3$: 0.9807947126672825
ChamferDist: 0.8192711023979926
F-Score: 26.81085687422513
IoU: 15.644225206402487
F-Score-20: 53.96652139037035
IoU-20: 37.33584469667979
