MAE: 1.0348830747178623
RMSE: 2.5959986154522214
InvMAE: 3.958750539507185
InvRMSE: 6.258018906967981
LogMAE: 5.060664478540421
LogRMSE: 8.460746456895556
LogSI: 7.743522242635623
AbsRel: 5.32322053534644
SqRel: 1.685707033276558
ChamferDist: 0.4250768863090447
F-Score: 57.33784018116338
IoU: 41.62098315607224
F-Score-20: 76.42541013479233
IoU-20: 63.033256147078106
