AbsRel: 0.10395497287298891
SqRel: 0.8282729148266135
RMSE: 4.707613128500655
LogRMSE: 0.19274684803899766
$\delta < 1.25$: 0.8815755994582343
$\delta < 1.25^2$: 0.9584962648790287
$\delta < 1.25^3$: 0.9798439662780721
ChamferDist: 0.8374254593633682
F-Score: 26.181105776359907
IoU: 15.252664031308555
F-Score-20: 53.45639767092646
IoU-20: 36.887013488554715
