MAE: 1.699431718264255
RMSE: 3.86271567880376
InvMAE: 5.9066009452006565
InvRMSE: 8.927920557604246
LogMAE: 7.939197013348889
LogRMSE: 12.591824575435895
LogSI: 11.738874498333699
AbsRel: 8.073710818963548
SqRel: 2.3015502668642926
ChamferDist: 0.676855946748169
F-Score: 49.760973573462365
IoU: 34.139551942151016
F-Score-20: 67.21668843769588
IoU-20: 51.63167968666627
