MAE: 1.1202121876818794
RMSE: 2.893040835261345
InvMAE: 3.9159290645803724
InvRMSE: 6.6104375955036705
LogMAE: 5.196010799067361
LogRMSE: 9.135150138310024
LogSI: 8.661884871520362
AbsRel: 5.459209463596344
SqRel: 1.744879273218768
ChamferDist: 0.458588435202837
F-Score: 58.05597242457526
IoU: 41.96761241248676
F-Score-20: 75.36672930853707
IoU-20: 61.3975720671245
